0 0.224609 0.949219 0.222656 0.951172 0.220703 0.951172 0.220703 0.953125 0.218750 0.955078 0.218750 0.964844 0.220703 0.966797 0.220703 0.968750 0.222656 0.968750 0.224609 0.970703 0.232422 0.970703 0.234375 0.968750 0.236328 0.968750 0.238281 0.966797 0.238281 0.964844 0.240234 0.962891 0.240234 0.957031 0.238281 0.955078 0.238281 0.953125 0.236328 0.951172 0.234375 0.951172 0.232422 0.949219
0 0.628906 0.947266 0.625000 0.951172 0.625000 0.960938 0.626953 0.962891 0.626953 0.964844 0.634766 0.964844 0.634766 0.962891 0.636719 0.960938 0.636719 0.951172 0.632812 0.947266
0 0.621094 0.921875 0.619141 0.923828 0.617188 0.923828 0.617188 0.925781 0.615234 0.927734 0.615234 0.935547 0.617188 0.937500 0.617188 0.939453 0.619141 0.939453 0.621094 0.941406 0.625000 0.941406 0.628906 0.937500 0.628906 0.935547 0.630859 0.933594 0.630859 0.929688 0.628906 0.927734 0.628906 0.925781 0.625000 0.921875
0 0.582031 0.908203 0.578125 0.912109 0.578125 0.914062 0.576172 0.916016 0.576172 0.925781 0.578125 0.927734 0.578125 0.929688 0.580078 0.931641 0.587891 0.931641 0.587891 0.929688 0.589844 0.927734 0.589844 0.921875 0.591797 0.919922 0.589844 0.917969 0.589844 0.912109 0.585938 0.908203
0 0.660156 0.900391 0.658203 0.902344 0.658203 0.906250 0.656250 0.908203 0.656250 0.917969 0.658203 0.919922 0.658203 0.923828 0.662109 0.927734 0.664062 0.927734 0.667969 0.923828 0.667969 0.917969 0.669922 0.916016 0.669922 0.910156 0.667969 0.908203 0.667969 0.902344 0.666016 0.900391
0 0.644531 0.828125 0.642578 0.830078 0.640625 0.830078 0.638672 0.832031 0.638672 0.843750 0.642578 0.847656 0.648438 0.847656 0.650391 0.845703 0.652344 0.845703 0.652344 0.843750 0.654297 0.841797 0.654297 0.833984 0.652344 0.832031 0.652344 0.830078 0.650391 0.830078 0.648438 0.828125
0 0.671875 0.814453 0.671875 0.818359 0.669922 0.820312 0.669922 0.832031 0.671875 0.833984 0.671875 0.835938 0.673828 0.837891 0.675781 0.837891 0.675781 0.835938 0.677734 0.833984 0.677734 0.818359 0.675781 0.816406 0.675781 0.814453
0 0.619141 0.808594 0.619141 0.810547 0.617188 0.812500 0.617188 0.820312 0.621094 0.824219 0.625000 0.824219 0.626953 0.822266 0.626953 0.820312 0.628906 0.818359 0.628906 0.812500 0.626953 0.810547 0.626953 0.808594
0 0.933594 0.455078 0.931641 0.457031 0.927734 0.457031 0.923828 0.460938 0.923828 0.462891 0.925781 0.464844 0.927734 0.464844 0.929688 0.466797 0.943359 0.466797 0.945312 0.464844 0.947266 0.464844 0.949219 0.462891 0.949219 0.460938 0.945312 0.457031 0.941406 0.457031 0.939453 0.455078
0 0.632812 0.433594 0.630859 0.435547 0.628906 0.435547 0.623047 0.441406 0.623047 0.458984 0.628906 0.464844 0.630859 0.464844 0.632812 0.466797 0.636719 0.466797 0.638672 0.464844 0.640625 0.464844 0.646484 0.458984 0.646484 0.441406 0.640625 0.435547 0.638672 0.435547 0.636719 0.433594
0 0.222656 0.425781 0.216797 0.431641 0.216797 0.433594 0.214844 0.435547 0.214844 0.447266 0.216797 0.449219 0.216797 0.451172 0.220703 0.455078 0.222656 0.455078 0.224609 0.457031 0.230469 0.457031 0.232422 0.455078 0.234375 0.455078 0.236328 0.453125 0.236328 0.451172 0.238281 0.449219 0.238281 0.447266 0.240234 0.445312 0.240234 0.437500 0.238281 0.435547 0.238281 0.433594 0.236328 0.431641 0.236328 0.429688 0.234375 0.427734 0.232422 0.427734 0.230469 0.425781
0 0.482422 0.416016 0.480469 0.417969 0.478516 0.417969 0.472656 0.423828 0.472656 0.427734 0.470703 0.429688 0.470703 0.437500 0.472656 0.439453 0.472656 0.441406 0.474609 0.443359 0.474609 0.445312 0.476562 0.447266 0.478516 0.447266 0.480469 0.449219 0.482422 0.449219 0.484375 0.451172 0.488281 0.451172 0.490234 0.449219 0.492188 0.449219 0.494141 0.447266 0.496094 0.447266 0.500000 0.443359 0.500000 0.441406 0.501953 0.439453 0.501953 0.427734 0.500000 0.425781 0.500000 0.423828 0.492188 0.416016
0 0.300781 0.414062 0.296875 0.417969 0.296875 0.419922 0.294922 0.421875 0.294922 0.439453 0.296875 0.441406 0.296875 0.443359 0.298828 0.445312 0.304688 0.445312 0.308594 0.441406 0.308594 0.437500 0.310547 0.435547 0.310547 0.425781 0.308594 0.423828 0.308594 0.419922 0.306641 0.417969 0.306641 0.416016 0.304688 0.414062
0 0.986328 0.412109 0.984375 0.414062 0.984375 0.421875 0.986328 0.423828 0.994141 0.423828 0.996094 0.421875 0.996094 0.414062 0.994141 0.412109
0 0.566406 0.242188 0.564453 0.244141 0.564453 0.250000 0.566406 0.250000 0.568359 0.251953 0.572266 0.251953 0.576172 0.248047 0.576172 0.244141 0.574219 0.242188
0 0.548828 0.072266 0.546875 0.074219 0.546875 0.087891 0.548828 0.089844 0.552734 0.089844 0.552734 0.087891 0.554688 0.085938 0.554688 0.076172 0.552734 0.074219 0.552734 0.072266