0 0.650391 0.992188 0.648438 0.994141 0.646484 0.994141 0.646484 0.996094 0.644531 0.998047 0.666016 0.998047 0.662109 0.994141 0.660156 0.994141 0.658203 0.992188
0 0.748047 0.851562 0.746094 0.853516 0.742188 0.853516 0.738281 0.857422 0.738281 0.859375 0.736328 0.861328 0.736328 0.873047 0.744141 0.880859 0.753906 0.880859 0.759766 0.875000 0.759766 0.873047 0.761719 0.871094 0.761719 0.863281 0.759766 0.861328 0.759766 0.857422 0.755859 0.853516 0.751953 0.853516 0.750000 0.851562
0 0.640625 0.812500 0.638672 0.814453 0.636719 0.814453 0.632812 0.818359 0.632812 0.824219 0.634766 0.826172 0.634766 0.828125 0.636719 0.830078 0.640625 0.830078 0.642578 0.832031 0.650391 0.832031 0.652344 0.830078 0.654297 0.830078 0.658203 0.826172 0.658203 0.818359 0.654297 0.814453 0.652344 0.814453 0.650391 0.812500
0 0.630859 0.757812 0.628906 0.759766 0.625000 0.759766 0.621094 0.763672 0.621094 0.767578 0.623047 0.769531 0.625000 0.769531 0.626953 0.771484 0.650391 0.771484 0.654297 0.767578 0.654297 0.761719 0.652344 0.761719 0.650391 0.759766 0.646484 0.759766 0.644531 0.757812
0 0.884766 0.751953 0.882812 0.753906 0.878906 0.753906 0.876953 0.755859 0.876953 0.757812 0.880859 0.761719 0.898438 0.761719 0.902344 0.757812 0.902344 0.755859 0.900391 0.753906 0.896484 0.753906 0.894531 0.751953
0 0.714844 0.701172 0.712891 0.703125 0.710938 0.703125 0.708984 0.705078 0.708984 0.707031 0.707031 0.708984 0.707031 0.720703 0.708984 0.722656 0.708984 0.724609 0.710938 0.726562 0.712891 0.726562 0.714844 0.728516 0.716797 0.728516 0.722656 0.722656 0.722656 0.707031 0.716797 0.701172
0 0.486328 0.658203 0.484375 0.660156 0.480469 0.660156 0.476562 0.664062 0.476562 0.666016 0.474609 0.667969 0.474609 0.671875 0.480469 0.677734 0.482422 0.677734 0.484375 0.679688 0.496094 0.679688 0.498047 0.677734 0.500000 0.677734 0.501953 0.675781 0.501953 0.673828 0.503906 0.671875 0.503906 0.666016 0.498047 0.660156 0.494141 0.660156 0.492188 0.658203
0 0.626953 0.638672 0.625000 0.640625 0.625000 0.642578 0.623047 0.644531 0.623047 0.660156 0.625000 0.662109 0.625000 0.664062 0.626953 0.666016 0.632812 0.666016 0.634766 0.664062 0.634766 0.662109 0.636719 0.660156 0.636719 0.646484 0.634766 0.644531 0.634766 0.640625 0.632812 0.638672
0 0.914062 0.626953 0.912109 0.628906 0.910156 0.628906 0.908203 0.630859 0.906250 0.630859 0.906250 0.632812 0.904297 0.634766 0.904297 0.638672 0.906250 0.640625 0.906250 0.642578 0.910156 0.646484 0.921875 0.646484 0.923828 0.644531 0.925781 0.644531 0.927734 0.642578 0.927734 0.640625 0.929688 0.638672 0.929688 0.636719 0.927734 0.634766 0.927734 0.632812 0.923828 0.628906 0.921875 0.628906 0.919922 0.626953
0 0.863281 0.625000 0.861328 0.626953 0.861328 0.628906 0.859375 0.630859 0.859375 0.632812 0.861328 0.634766 0.861328 0.636719 0.863281 0.636719 0.865234 0.638672 0.875000 0.638672 0.878906 0.634766 0.878906 0.628906 0.875000 0.625000
0 0.960938 0.472656 0.957031 0.476562 0.957031 0.478516 0.955078 0.480469 0.955078 0.484375 0.953125 0.486328 0.953125 0.500000 0.955078 0.501953 0.955078 0.505859 0.957031 0.507812 0.957031 0.509766 0.960938 0.513672 0.962891 0.513672 0.964844 0.515625 0.966797 0.515625 0.968750 0.513672 0.970703 0.513672 0.972656 0.511719 0.972656 0.509766 0.974609 0.507812 0.974609 0.503906 0.976562 0.501953 0.976562 0.484375 0.974609 0.482422 0.974609 0.478516 0.968750 0.472656
0 0.566406 0.361328 0.564453 0.363281 0.562500 0.363281 0.556641 0.369141 0.556641 0.373047 0.558594 0.375000 0.558594 0.376953 0.560547 0.378906 0.562500 0.378906 0.564453 0.380859 0.580078 0.380859 0.582031 0.378906 0.583984 0.378906 0.585938 0.376953 0.585938 0.375000 0.587891 0.373047 0.587891 0.371094 0.585938 0.369141 0.585938 0.367188 0.582031 0.363281 0.580078 0.363281 0.578125 0.361328
0 0.181641 0.201172 0.179688 0.203125 0.175781 0.203125 0.171875 0.207031 0.171875 0.208984 0.169922 0.210938 0.169922 0.216797 0.171875 0.218750 0.171875 0.220703 0.175781 0.224609 0.179688 0.224609 0.181641 0.226562 0.191406 0.226562 0.193359 0.224609 0.195312 0.224609 0.201172 0.218750 0.201172 0.216797 0.203125 0.214844 0.201172 0.212891 0.201172 0.208984 0.195312 0.203125 0.193359 0.203125 0.191406 0.201172
0 0.509766 0.183594 0.505859 0.187500 0.503906 0.187500 0.503906 0.189453 0.501953 0.191406 0.501953 0.193359 0.500000 0.195312 0.500000 0.199219 0.498047 0.201172 0.498047 0.208984 0.500000 0.210938 0.500000 0.214844 0.501953 0.216797 0.501953 0.218750 0.503906 0.220703 0.503906 0.222656 0.505859 0.222656 0.509766 0.226562 0.515625 0.226562 0.517578 0.224609 0.519531 0.224609 0.525391 0.218750 0.525391 0.216797 0.527344 0.214844 0.527344 0.208984 0.529297 0.207031 0.529297 0.203125 0.527344 0.201172 0.527344 0.195312 0.525391 0.193359 0.525391 0.191406 0.519531 0.185547 0.517578 0.185547 0.515625 0.183594
0 0.214844 0.162109 0.212891 0.164062 0.208984 0.164062 0.208984 0.166016 0.207031 0.167969 0.205078 0.167969 0.205078 0.171875 0.203125 0.173828 0.203125 0.187500 0.205078 0.189453 0.205078 0.191406 0.208984 0.195312 0.210938 0.195312 0.212891 0.197266 0.222656 0.197266 0.230469 0.189453 0.230469 0.187500 0.232422 0.185547 0.232422 0.173828 0.228516 0.169922 0.228516 0.167969 0.224609 0.164062 0.222656 0.164062 0.220703 0.162109