0 0.000000 0.583984 0.000000 0.611328 0.009766 0.611328 0.011719 0.609375 0.015625 0.609375 0.019531 0.605469 0.019531 0.603516 0.021484 0.601562 0.021484 0.593750 0.019531 0.591797 0.019531 0.589844 0.015625 0.585938 0.013672 0.585938 0.011719 0.583984
0 0.074219 0.574219 0.072266 0.576172 0.070312 0.576172 0.064453 0.582031 0.064453 0.591797 0.072266 0.599609 0.082031 0.599609 0.087891 0.593750 0.087891 0.591797 0.089844 0.589844 0.089844 0.583984 0.085938 0.580078 0.085938 0.578125 0.083984 0.578125 0.080078 0.574219
0 0.113281 0.550781 0.111328 0.552734 0.109375 0.552734 0.107422 0.554688 0.107422 0.566406 0.113281 0.572266 0.123047 0.572266 0.128906 0.566406 0.128906 0.556641 0.126953 0.554688 0.126953 0.552734 0.125000 0.552734 0.123047 0.550781
0 0.007812 0.521484 0.003906 0.525391 0.003906 0.531250 0.001953 0.533203 0.001953 0.552734 0.003906 0.554688 0.003906 0.560547 0.005859 0.562500 0.009766 0.562500 0.011719 0.560547 0.011719 0.556641 0.013672 0.554688 0.013672 0.531250 0.011719 0.529297 0.011719 0.525391
0 0.066406 0.490234 0.064453 0.492188 0.062500 0.492188 0.060547 0.494141 0.058594 0.494141 0.056641 0.496094 0.056641 0.498047 0.054688 0.500000 0.054688 0.507812 0.058594 0.511719 0.058594 0.513672 0.060547 0.513672 0.062500 0.515625 0.066406 0.515625 0.068359 0.517578 0.080078 0.517578 0.082031 0.515625 0.085938 0.515625 0.087891 0.513672 0.089844 0.513672 0.089844 0.511719 0.093750 0.507812 0.093750 0.500000 0.091797 0.498047 0.091797 0.496094 0.089844 0.494141 0.087891 0.494141 0.085938 0.492188 0.083984 0.492188 0.082031 0.490234
0 0.017578 0.455078 0.013672 0.458984 0.013672 0.460938 0.011719 0.462891 0.011719 0.466797 0.009766 0.468750 0.009766 0.476562 0.011719 0.478516 0.011719 0.482422 0.013672 0.484375 0.013672 0.486328 0.017578 0.490234 0.023438 0.490234 0.027344 0.486328 0.027344 0.484375 0.029297 0.482422 0.029297 0.478516 0.031250 0.476562 0.031250 0.468750 0.029297 0.466797 0.029297 0.462891 0.027344 0.460938 0.027344 0.458984 0.023438 0.455078
0 0.064453 0.443359 0.062500 0.445312 0.060547 0.445312 0.054688 0.451172 0.054688 0.458984 0.060547 0.464844 0.062500 0.464844 0.064453 0.466797 0.070312 0.466797 0.072266 0.464844 0.076172 0.464844 0.082031 0.458984 0.082031 0.451172 0.076172 0.445312 0.074219 0.445312 0.072266 0.443359
0 0.109375 0.404297 0.101562 0.412109 0.101562 0.416016 0.099609 0.417969 0.101562 0.419922 0.101562 0.423828 0.103516 0.425781 0.103516 0.427734 0.107422 0.431641 0.109375 0.431641 0.111328 0.433594 0.121094 0.433594 0.123047 0.431641 0.126953 0.431641 0.126953 0.429688 0.128906 0.427734 0.130859 0.427734 0.130859 0.425781 0.132812 0.423828 0.132812 0.414062 0.130859 0.412109 0.130859 0.410156 0.126953 0.406250 0.125000 0.406250 0.123047 0.404297
0 0.078125 0.349609 0.076172 0.351562 0.074219 0.351562 0.072266 0.353516 0.072266 0.355469 0.070312 0.357422 0.070312 0.359375 0.068359 0.361328 0.068359 0.365234 0.070312 0.367188 0.070312 0.371094 0.076172 0.376953 0.085938 0.376953 0.087891 0.375000 0.089844 0.375000 0.091797 0.373047 0.091797 0.371094 0.093750 0.369141 0.093750 0.357422 0.091797 0.355469 0.091797 0.353516 0.089844 0.351562 0.087891 0.351562 0.085938 0.349609
0 0.035156 0.326172 0.033203 0.328125 0.031250 0.328125 0.029297 0.330078 0.029297 0.333984 0.033203 0.337891 0.046875 0.337891 0.048828 0.335938 0.048828 0.330078 0.044922 0.326172
0 0.041016 0.251953 0.039062 0.253906 0.037109 0.253906 0.035156 0.255859 0.035156 0.265625 0.039062 0.269531 0.041016 0.269531 0.042969 0.271484 0.050781 0.271484 0.052734 0.269531 0.054688 0.269531 0.058594 0.265625 0.058594 0.257812 0.056641 0.255859 0.056641 0.253906 0.054688 0.253906 0.052734 0.251953
0 0.099609 0.248047 0.095703 0.251953 0.095703 0.255859 0.097656 0.257812 0.099609 0.257812 0.101562 0.259766 0.113281 0.259766 0.117188 0.255859 0.117188 0.250000 0.115234 0.248047
0 0.099609 0.189453 0.097656 0.191406 0.093750 0.191406 0.091797 0.193359 0.091797 0.201172 0.093750 0.203125 0.095703 0.203125 0.097656 0.205078 0.105469 0.205078 0.107422 0.203125 0.109375 0.203125 0.111328 0.201172 0.111328 0.193359 0.109375 0.191406 0.107422 0.191406 0.105469 0.189453
0 0.142578 0.179688 0.140625 0.181641 0.138672 0.181641 0.136719 0.183594 0.134766 0.183594 0.134766 0.185547 0.132812 0.187500 0.132812 0.195312 0.138672 0.201172 0.142578 0.201172 0.144531 0.203125 0.146484 0.203125 0.148438 0.201172 0.152344 0.201172 0.158203 0.195312 0.158203 0.187500 0.156250 0.185547 0.156250 0.183594 0.154297 0.183594 0.152344 0.181641 0.150391 0.181641 0.148438 0.179688
0 0.126953 0.136719 0.125000 0.138672 0.121094 0.138672 0.119141 0.140625 0.117188 0.140625 0.115234 0.142578 0.115234 0.144531 0.113281 0.146484 0.115234 0.148438 0.115234 0.152344 0.117188 0.154297 0.119141 0.154297 0.121094 0.156250 0.125000 0.156250 0.126953 0.158203 0.130859 0.158203 0.132812 0.156250 0.138672 0.156250 0.144531 0.150391 0.144531 0.144531 0.138672 0.138672 0.134766 0.138672 0.132812 0.136719
0 0.068359 0.136719 0.066406 0.138672 0.062500 0.138672 0.058594 0.142578 0.058594 0.150391 0.060547 0.152344 0.062500 0.152344 0.064453 0.154297 0.076172 0.154297 0.078125 0.152344 0.080078 0.152344 0.082031 0.150391 0.082031 0.142578 0.078125 0.138672 0.074219 0.138672 0.072266 0.136719
0 0.185547 0.019531 0.183594 0.021484 0.181641 0.021484 0.177734 0.025391 0.177734 0.031250 0.175781 0.033203 0.177734 0.035156 0.177734 0.041016 0.183594 0.046875 0.191406 0.046875 0.193359 0.044922 0.193359 0.042969 0.195312 0.041016 0.195312 0.039062 0.197266 0.037109 0.197266 0.031250 0.195312 0.029297 0.195312 0.025391 0.189453 0.019531
0 0.056641 0.011719 0.050781 0.017578 0.050781 0.019531 0.048828 0.021484 0.048828 0.039062 0.050781 0.041016 0.050781 0.042969 0.054688 0.046875 0.060547 0.046875 0.062500 0.044922 0.064453 0.044922 0.064453 0.042969 0.066406 0.041016 0.066406 0.037109 0.068359 0.035156 0.068359 0.025391 0.066406 0.023438 0.066406 0.017578 0.062500 0.013672 0.060547 0.013672 0.058594 0.011719
0 0.123047 0.007812 0.117188 0.013672 0.117188 0.017578 0.115234 0.019531 0.115234 0.029297 0.117188 0.031250 0.117188 0.033203 0.123047 0.039062 0.130859 0.039062 0.136719 0.033203 0.136719 0.029297 0.138672 0.027344 0.138672 0.019531 0.136719 0.017578 0.136719 0.013672 0.130859 0.007812