0 0.486328 0.986328 0.484375 0.988281 0.480469 0.988281 0.478516 0.990234 0.476562 0.990234 0.470703 0.996094 0.468750 0.996094 0.468750 0.998047 0.515625 0.998047 0.515625 0.996094 0.513672 0.996094 0.511719 0.994141 0.511719 0.992188 0.509766 0.990234 0.507812 0.990234 0.505859 0.988281 0.500000 0.988281 0.498047 0.986328
0 0.312500 0.910156 0.310547 0.912109 0.306641 0.912109 0.304688 0.914062 0.302734 0.914062 0.296875 0.919922 0.296875 0.925781 0.302734 0.931641 0.304688 0.931641 0.306641 0.933594 0.312500 0.933594 0.314453 0.935547 0.324219 0.935547 0.326172 0.933594 0.332031 0.933594 0.333984 0.931641 0.335938 0.931641 0.339844 0.927734 0.339844 0.923828 0.341797 0.921875 0.339844 0.919922 0.339844 0.917969 0.335938 0.914062 0.333984 0.914062 0.332031 0.912109 0.328125 0.912109 0.326172 0.910156
0 0.730469 0.843750 0.728516 0.845703 0.726562 0.845703 0.724609 0.847656 0.722656 0.847656 0.710938 0.859375 0.710938 0.865234 0.708984 0.867188 0.708984 0.875000 0.710938 0.876953 0.710938 0.882812 0.722656 0.894531 0.724609 0.894531 0.726562 0.896484 0.730469 0.896484 0.732422 0.898438 0.736328 0.898438 0.738281 0.896484 0.742188 0.896484 0.744141 0.894531 0.748047 0.894531 0.753906 0.888672 0.753906 0.886719 0.757812 0.882812 0.757812 0.878906 0.759766 0.876953 0.759766 0.865234 0.757812 0.863281 0.757812 0.859375 0.753906 0.855469 0.753906 0.853516 0.748047 0.847656 0.744141 0.847656 0.742188 0.845703 0.740234 0.845703 0.738281 0.843750
0 0.923828 0.763672 0.921875 0.765625 0.919922 0.765625 0.908203 0.777344 0.908203 0.779297 0.904297 0.783203 0.904297 0.791016 0.902344 0.792969 0.902344 0.818359 0.904297 0.820312 0.904297 0.824219 0.908203 0.828125 0.908203 0.830078 0.914062 0.835938 0.914062 0.837891 0.917969 0.841797 0.919922 0.841797 0.921875 0.843750 0.937500 0.843750 0.939453 0.841797 0.941406 0.841797 0.949219 0.833984 0.949219 0.832031 0.953125 0.828125 0.953125 0.824219 0.955078 0.822266 0.955078 0.820312 0.957031 0.818359 0.957031 0.806641 0.958984 0.804688 0.958984 0.802734 0.957031 0.800781 0.957031 0.791016 0.955078 0.789062 0.955078 0.783203 0.951172 0.779297 0.951172 0.775391 0.943359 0.767578 0.941406 0.767578 0.939453 0.765625 0.937500 0.765625 0.935547 0.763672
0 0.562500 0.759766 0.560547 0.761719 0.554688 0.761719 0.552734 0.763672 0.550781 0.763672 0.548828 0.765625 0.546875 0.765625 0.533203 0.779297 0.533203 0.781250 0.531250 0.783203 0.531250 0.787109 0.529297 0.789062 0.529297 0.796875 0.531250 0.798828 0.531250 0.804688 0.535156 0.808594 0.535156 0.810547 0.541016 0.816406 0.542969 0.816406 0.546875 0.820312 0.548828 0.820312 0.550781 0.822266 0.554688 0.822266 0.556641 0.824219 0.560547 0.824219 0.562500 0.826172 0.576172 0.826172 0.578125 0.824219 0.583984 0.824219 0.585938 0.822266 0.589844 0.822266 0.593750 0.818359 0.597656 0.818359 0.607422 0.808594 0.607422 0.804688 0.609375 0.802734 0.609375 0.800781 0.611328 0.798828 0.611328 0.787109 0.609375 0.785156 0.609375 0.783203 0.607422 0.781250 0.607422 0.779297 0.605469 0.777344 0.605469 0.775391 0.599609 0.769531 0.597656 0.769531 0.591797 0.763672 0.587891 0.763672 0.585938 0.761719 0.578125 0.761719 0.576172 0.759766
0 0.257812 0.734375 0.255859 0.736328 0.246094 0.736328 0.242188 0.740234 0.240234 0.740234 0.238281 0.742188 0.238281 0.750000 0.240234 0.751953 0.242188 0.751953 0.246094 0.755859 0.255859 0.755859 0.257812 0.757812 0.261719 0.757812 0.263672 0.755859 0.271484 0.755859 0.273438 0.753906 0.275391 0.753906 0.277344 0.751953 0.279297 0.751953 0.281250 0.750000 0.281250 0.742188 0.279297 0.740234 0.277344 0.740234 0.275391 0.738281 0.273438 0.738281 0.271484 0.736328 0.263672 0.736328 0.261719 0.734375
0 0.417969 0.664062 0.416016 0.666016 0.414062 0.666016 0.412109 0.667969 0.410156 0.667969 0.400391 0.677734 0.400391 0.685547 0.402344 0.687500 0.402344 0.689453 0.406250 0.693359 0.408203 0.693359 0.412109 0.697266 0.414062 0.697266 0.416016 0.699219 0.423828 0.699219 0.425781 0.701172 0.437500 0.701172 0.439453 0.699219 0.445312 0.699219 0.447266 0.697266 0.451172 0.697266 0.455078 0.693359 0.457031 0.693359 0.460938 0.689453 0.460938 0.687500 0.462891 0.685547 0.462891 0.677734 0.453125 0.667969 0.451172 0.667969 0.449219 0.666016 0.445312 0.666016 0.443359 0.664062
0 0.732422 0.658203 0.730469 0.660156 0.726562 0.660156 0.724609 0.662109 0.722656 0.662109 0.720703 0.664062 0.718750 0.664062 0.716797 0.666016 0.716797 0.673828 0.718750 0.675781 0.720703 0.675781 0.722656 0.677734 0.726562 0.677734 0.728516 0.679688 0.753906 0.679688 0.755859 0.677734 0.759766 0.677734 0.765625 0.671875 0.765625 0.667969 0.759766 0.662109 0.757812 0.662109 0.755859 0.660156 0.751953 0.660156 0.750000 0.658203
0 0.996094 0.582031 0.996094 0.583984 0.992188 0.587891 0.992188 0.589844 0.990234 0.591797 0.990234 0.597656 0.992188 0.599609 0.992188 0.601562 0.998047 0.607422 0.998047 0.582031
0 0.671875 0.236328 0.669922 0.238281 0.667969 0.238281 0.662109 0.244141 0.662109 0.246094 0.660156 0.248047 0.660156 0.253906 0.658203 0.255859 0.660156 0.257812 0.660156 0.263672 0.664062 0.267578 0.664062 0.269531 0.666016 0.271484 0.667969 0.271484 0.669922 0.273438 0.683594 0.273438 0.691406 0.265625 0.691406 0.263672 0.693359 0.261719 0.693359 0.250000 0.691406 0.248047 0.691406 0.246094 0.689453 0.244141 0.689453 0.242188 0.687500 0.242188 0.685547 0.240234 0.685547 0.238281 0.681641 0.238281 0.679688 0.236328
0 0.480469 0.179688 0.478516 0.181641 0.472656 0.181641 0.468750 0.185547 0.466797 0.185547 0.464844 0.187500 0.464844 0.189453 0.462891 0.191406 0.462891 0.199219 0.468750 0.205078 0.470703 0.205078 0.472656 0.207031 0.476562 0.207031 0.478516 0.208984 0.488281 0.208984 0.490234 0.210938 0.496094 0.210938 0.498047 0.208984 0.505859 0.208984 0.507812 0.207031 0.509766 0.207031 0.511719 0.205078 0.513672 0.205078 0.517578 0.201172 0.519531 0.201172 0.519531 0.199219 0.521484 0.197266 0.521484 0.191406 0.519531 0.189453 0.519531 0.187500 0.517578 0.187500 0.513672 0.183594 0.511719 0.183594 0.509766 0.181641 0.507812 0.181641 0.505859 0.179688
0 0.326172 0.154297 0.324219 0.156250 0.318359 0.156250 0.316406 0.158203 0.312500 0.158203 0.308594 0.162109 0.304688 0.162109 0.291016 0.175781 0.291016 0.177734 0.289062 0.179688 0.289062 0.181641 0.287109 0.183594 0.287109 0.189453 0.285156 0.191406 0.285156 0.199219 0.287109 0.201172 0.287109 0.205078 0.289062 0.207031 0.289062 0.208984 0.291016 0.210938 0.291016 0.212891 0.292969 0.214844 0.292969 0.216797 0.296875 0.220703 0.298828 0.220703 0.302734 0.224609 0.304688 0.224609 0.308594 0.228516 0.310547 0.228516 0.312500 0.230469 0.316406 0.230469 0.318359 0.232422 0.322266 0.232422 0.324219 0.234375 0.351562 0.234375 0.353516 0.232422 0.361328 0.232422 0.365234 0.228516 0.369141 0.228516 0.375000 0.222656 0.378906 0.222656 0.382812 0.218750 0.382812 0.216797 0.388672 0.210938 0.388672 0.207031 0.390625 0.205078 0.390625 0.201172 0.392578 0.199219 0.392578 0.191406 0.390625 0.189453 0.390625 0.183594 0.388672 0.181641 0.388672 0.179688 0.386719 0.177734 0.386719 0.175781 0.376953 0.166016 0.375000 0.166016 0.369141 0.160156 0.365234 0.160156 0.363281 0.158203 0.359375 0.158203 0.357422 0.156250 0.353516 0.156250 0.351562 0.154297
0 0.816406 0.123047 0.812500 0.126953 0.810547 0.126953 0.802734 0.134766 0.802734 0.136719 0.800781 0.138672 0.800781 0.144531 0.798828 0.146484 0.798828 0.148438 0.800781 0.150391 0.800781 0.156250 0.802734 0.158203 0.802734 0.160156 0.812500 0.169922 0.814453 0.169922 0.816406 0.171875 0.832031 0.171875 0.833984 0.169922 0.837891 0.169922 0.845703 0.162109 0.845703 0.160156 0.847656 0.158203 0.847656 0.156250 0.849609 0.154297 0.849609 0.142578 0.847656 0.140625 0.847656 0.136719 0.845703 0.134766 0.845703 0.132812 0.839844 0.126953 0.837891 0.126953 0.835938 0.125000 0.833984 0.125000 0.832031 0.123047
0 0.216797 0.000000 0.218750 0.001953 0.220703 0.001953 0.222656 0.003906 0.228516 0.003906 0.230469 0.005859 0.234375 0.005859 0.236328 0.003906 0.244141 0.003906 0.248047 0.000000