0 0.279297 0.710938 0.277344 0.712891 0.277344 0.714844 0.275391 0.716797 0.275391 0.718750 0.273438 0.720703 0.273438 0.728516 0.271484 0.730469 0.271484 0.755859 0.273438 0.757812 0.273438 0.765625 0.275391 0.767578 0.275391 0.769531 0.279297 0.773438 0.283203 0.773438 0.287109 0.769531 0.287109 0.767578 0.289062 0.765625 0.289062 0.757812 0.291016 0.755859 0.291016 0.730469 0.289062 0.728516 0.289062 0.720703 0.287109 0.718750 0.287109 0.716797 0.285156 0.714844 0.285156 0.712891 0.283203 0.712891 0.281250 0.710938
0 0.445312 0.597656 0.443359 0.599609 0.441406 0.599609 0.439453 0.601562 0.439453 0.603516 0.437500 0.605469 0.437500 0.607422 0.435547 0.609375 0.435547 0.613281 0.433594 0.615234 0.433594 0.632812 0.435547 0.634766 0.435547 0.638672 0.437500 0.640625 0.437500 0.642578 0.439453 0.644531 0.439453 0.646484 0.441406 0.646484 0.443359 0.648438 0.451172 0.648438 0.457031 0.642578 0.457031 0.640625 0.458984 0.638672 0.458984 0.634766 0.460938 0.632812 0.460938 0.615234 0.458984 0.613281 0.458984 0.609375 0.457031 0.607422 0.457031 0.605469 0.453125 0.601562 0.453125 0.599609 0.451172 0.599609 0.449219 0.597656
0 0.185547 0.564453 0.181641 0.568359 0.179688 0.568359 0.179688 0.570312 0.175781 0.574219 0.175781 0.576172 0.173828 0.578125 0.173828 0.589844 0.175781 0.591797 0.175781 0.593750 0.177734 0.595703 0.177734 0.597656 0.181641 0.601562 0.183594 0.601562 0.185547 0.603516 0.193359 0.603516 0.195312 0.601562 0.197266 0.601562 0.201172 0.597656 0.201172 0.595703 0.203125 0.593750 0.203125 0.591797 0.205078 0.589844 0.205078 0.578125 0.203125 0.576172 0.203125 0.574219 0.199219 0.570312 0.199219 0.568359 0.197266 0.568359 0.193359 0.564453
0 0.111328 0.468750 0.109375 0.470703 0.107422 0.470703 0.101562 0.476562 0.101562 0.478516 0.099609 0.480469 0.099609 0.488281 0.101562 0.490234 0.101562 0.492188 0.105469 0.496094 0.105469 0.498047 0.107422 0.498047 0.109375 0.500000 0.119141 0.500000 0.121094 0.498047 0.123047 0.498047 0.123047 0.496094 0.126953 0.492188 0.126953 0.488281 0.128906 0.486328 0.128906 0.482422 0.126953 0.480469 0.126953 0.476562 0.121094 0.470703 0.119141 0.470703 0.117188 0.468750
0 0.558594 0.419922 0.554688 0.423828 0.554688 0.427734 0.552734 0.429688 0.552734 0.433594 0.554688 0.435547 0.554688 0.439453 0.556641 0.441406 0.558594 0.441406 0.560547 0.443359 0.570312 0.443359 0.572266 0.441406 0.574219 0.441406 0.576172 0.439453 0.576172 0.437500 0.578125 0.435547 0.578125 0.427734 0.576172 0.425781 0.576172 0.423828 0.572266 0.419922
0 0.462891 0.378906 0.460938 0.380859 0.458984 0.380859 0.458984 0.382812 0.457031 0.384766 0.457031 0.386719 0.455078 0.388672 0.455078 0.390625 0.453125 0.392578 0.453125 0.398438 0.451172 0.400391 0.451172 0.419922 0.453125 0.421875 0.453125 0.427734 0.455078 0.429688 0.455078 0.433594 0.457031 0.435547 0.457031 0.437500 0.460938 0.441406 0.468750 0.441406 0.472656 0.437500 0.472656 0.435547 0.474609 0.433594 0.474609 0.429688 0.476562 0.427734 0.476562 0.421875 0.478516 0.419922 0.478516 0.400391 0.476562 0.398438 0.476562 0.392578 0.474609 0.390625 0.474609 0.388672 0.472656 0.386719 0.472656 0.384766 0.470703 0.382812 0.470703 0.380859 0.468750 0.380859 0.466797 0.378906
0 0.511719 0.269531 0.507812 0.273438 0.507812 0.277344 0.505859 0.279297 0.505859 0.283203 0.503906 0.285156 0.503906 0.308594 0.505859 0.310547 0.505859 0.316406 0.507812 0.318359 0.507812 0.320312 0.509766 0.322266 0.509766 0.324219 0.517578 0.324219 0.517578 0.322266 0.519531 0.320312 0.519531 0.318359 0.521484 0.316406 0.521484 0.310547 0.523438 0.308594 0.523438 0.285156 0.521484 0.283203 0.521484 0.279297 0.519531 0.277344 0.519531 0.275391 0.517578 0.273438 0.517578 0.271484 0.515625 0.269531
0 0.039062 0.269531 0.037109 0.271484 0.035156 0.271484 0.033203 0.273438 0.031250 0.273438 0.029297 0.275391 0.029297 0.277344 0.027344 0.279297 0.027344 0.283203 0.025391 0.285156 0.025391 0.291016 0.027344 0.292969 0.027344 0.296875 0.029297 0.298828 0.029297 0.300781 0.033203 0.304688 0.035156 0.304688 0.037109 0.306641 0.044922 0.306641 0.046875 0.304688 0.048828 0.304688 0.048828 0.302734 0.050781 0.300781 0.052734 0.300781 0.052734 0.298828 0.054688 0.296875 0.054688 0.292969 0.056641 0.291016 0.056641 0.287109 0.054688 0.285156 0.054688 0.279297 0.052734 0.277344 0.052734 0.275391 0.050781 0.275391 0.046875 0.271484 0.044922 0.271484 0.042969 0.269531
0 0.007812 0.167969 0.005859 0.169922 0.001953 0.169922 0.000000 0.171875 0.000000 0.189453 0.001953 0.189453 0.003906 0.191406 0.019531 0.191406 0.021484 0.189453 0.023438 0.189453 0.029297 0.183594 0.029297 0.175781 0.025391 0.171875 0.023438 0.171875 0.021484 0.169922 0.017578 0.169922 0.015625 0.167969
0 0.957031 0.158203 0.953125 0.162109 0.953125 0.164062 0.951172 0.166016 0.951172 0.167969 0.957031 0.173828 0.958984 0.173828 0.960938 0.175781 0.968750 0.175781 0.970703 0.173828 0.972656 0.173828 0.978516 0.167969 0.978516 0.164062 0.972656 0.158203
0 0.425781 0.132812 0.423828 0.134766 0.421875 0.134766 0.421875 0.142578 0.425781 0.146484 0.431641 0.146484 0.435547 0.142578 0.435547 0.136719 0.431641 0.132812
0 0.320312 0.126953 0.314453 0.132812 0.314453 0.140625 0.320312 0.146484 0.328125 0.146484 0.332031 0.142578 0.332031 0.140625 0.333984 0.138672 0.333984 0.134766 0.332031 0.132812 0.332031 0.130859 0.328125 0.126953
0 0.074219 0.001953 0.074219 0.003906 0.070312 0.007812 0.070312 0.011719 0.068359 0.013672 0.068359 0.029297 0.070312 0.031250 0.070312 0.035156 0.076172 0.041016 0.082031 0.041016 0.087891 0.035156 0.087891 0.031250 0.089844 0.029297 0.089844 0.013672 0.087891 0.011719 0.087891 0.007812 0.083984 0.003906 0.083984 0.001953