0 0.826172 0.910156 0.824219 0.912109 0.822266 0.912109 0.822266 0.914062 0.820312 0.916016 0.820312 0.917969 0.818359 0.919922 0.818359 0.923828 0.820312 0.925781 0.820312 0.929688 0.824219 0.933594 0.833984 0.933594 0.837891 0.929688 0.837891 0.925781 0.839844 0.923828 0.839844 0.921875 0.837891 0.919922 0.837891 0.916016 0.832031 0.910156
0 0.628906 0.904297 0.626953 0.906250 0.625000 0.906250 0.621094 0.910156 0.621094 0.916016 0.619141 0.917969 0.621094 0.919922 0.621094 0.923828 0.625000 0.927734 0.626953 0.927734 0.628906 0.929688 0.640625 0.929688 0.646484 0.923828 0.646484 0.921875 0.648438 0.919922 0.648438 0.914062 0.646484 0.912109 0.646484 0.910156 0.642578 0.906250 0.640625 0.906250 0.638672 0.904297
0 0.697266 0.896484 0.695312 0.898438 0.689453 0.898438 0.685547 0.902344 0.685547 0.910156 0.689453 0.914062 0.693359 0.914062 0.695312 0.916016 0.701172 0.916016 0.703125 0.914062 0.705078 0.914062 0.707031 0.912109 0.708984 0.912109 0.708984 0.910156 0.710938 0.908203 0.710938 0.904297 0.708984 0.902344 0.708984 0.900391 0.707031 0.900391 0.705078 0.898438 0.701172 0.898438 0.699219 0.896484
0 0.375000 0.873047 0.373047 0.875000 0.371094 0.875000 0.371094 0.876953 0.367188 0.880859 0.367188 0.892578 0.369141 0.894531 0.369141 0.896484 0.375000 0.902344 0.382812 0.902344 0.388672 0.896484 0.388672 0.894531 0.390625 0.892578 0.390625 0.880859 0.388672 0.878906 0.388672 0.876953 0.384766 0.873047
0 0.347656 0.820312 0.343750 0.824219 0.343750 0.839844 0.347656 0.843750 0.353516 0.843750 0.357422 0.839844 0.357422 0.824219 0.353516 0.820312
0 0.328125 0.767578 0.326172 0.769531 0.324219 0.769531 0.324219 0.773438 0.322266 0.775391 0.322266 0.777344 0.324219 0.779297 0.324219 0.783203 0.326172 0.783203 0.328125 0.785156 0.333984 0.785156 0.335938 0.783203 0.335938 0.779297 0.337891 0.777344 0.337891 0.775391 0.335938 0.773438 0.335938 0.769531 0.333984 0.767578
0 0.371094 0.724609 0.371094 0.726562 0.369141 0.728516 0.369141 0.732422 0.371094 0.734375 0.371094 0.736328 0.376953 0.736328 0.376953 0.724609
0 0.619141 0.708984 0.615234 0.712891 0.615234 0.714844 0.613281 0.716797 0.613281 0.732422 0.615234 0.734375 0.615234 0.738281 0.617188 0.740234 0.621094 0.740234 0.625000 0.736328 0.625000 0.714844 0.623047 0.712891 0.623047 0.710938 0.621094 0.708984
0 0.355469 0.648438 0.355469 0.660156 0.361328 0.660156 0.363281 0.658203 0.363281 0.650391 0.361328 0.648438
0 0.357422 0.591797 0.357422 0.593750 0.355469 0.595703 0.355469 0.607422 0.357422 0.609375 0.361328 0.609375 0.363281 0.607422 0.363281 0.593750 0.361328 0.591797
0 0.945312 0.507812 0.943359 0.509766 0.943359 0.515625 0.945312 0.517578 0.947266 0.517578 0.949219 0.519531 0.953125 0.519531 0.955078 0.517578 0.957031 0.517578 0.958984 0.515625 0.958984 0.509766 0.957031 0.507812
0 0.316406 0.410156 0.310547 0.416016 0.310547 0.421875 0.314453 0.425781 0.316406 0.425781 0.318359 0.427734 0.326172 0.427734 0.328125 0.425781 0.330078 0.425781 0.332031 0.423828 0.333984 0.423828 0.333984 0.414062 0.332031 0.412109 0.330078 0.412109 0.328125 0.410156
0 0.037109 0.396484 0.035156 0.398438 0.035156 0.402344 0.039062 0.402344 0.041016 0.404297 0.044922 0.404297 0.046875 0.402344 0.048828 0.402344 0.050781 0.400391 0.050781 0.398438 0.048828 0.396484
0 0.029297 0.371094 0.027344 0.373047 0.025391 0.373047 0.025391 0.375000 0.023438 0.376953 0.023438 0.380859 0.027344 0.384766 0.037109 0.384766 0.039062 0.382812 0.041016 0.382812 0.041016 0.375000 0.039062 0.373047 0.037109 0.373047 0.035156 0.371094
0 0.042969 0.330078 0.042969 0.332031 0.041016 0.333984 0.041016 0.353516 0.042969 0.355469 0.042969 0.357422 0.046875 0.357422 0.046875 0.353516 0.048828 0.351562 0.048828 0.335938 0.046875 0.333984 0.046875 0.330078
0 0.857422 0.283203 0.853516 0.287109 0.853516 0.291016 0.855469 0.292969 0.865234 0.292969 0.865234 0.285156 0.863281 0.285156 0.861328 0.283203
0 0.949219 0.267578 0.945312 0.271484 0.945312 0.277344 0.943359 0.279297 0.943359 0.281250 0.945312 0.283203 0.945312 0.287109 0.947266 0.289062 0.947266 0.291016 0.957031 0.291016 0.957031 0.289062 0.958984 0.287109 0.958984 0.285156 0.960938 0.283203 0.960938 0.277344 0.958984 0.275391 0.958984 0.271484 0.955078 0.267578