0 0.423828 0.968750 0.421875 0.970703 0.421875 0.972656 0.419922 0.974609 0.419922 0.998047 0.429688 0.998047 0.429688 0.978516 0.427734 0.976562 0.427734 0.970703 0.425781 0.968750
0 0.490234 0.925781 0.488281 0.927734 0.488281 0.929688 0.486328 0.931641 0.486328 0.943359 0.488281 0.945312 0.488281 0.947266 0.490234 0.947266 0.492188 0.945312 0.492188 0.927734
0 0.425781 0.882812 0.421875 0.886719 0.421875 0.888672 0.419922 0.890625 0.419922 0.896484 0.421875 0.898438 0.421875 0.900391 0.425781 0.904297 0.435547 0.904297 0.439453 0.900391 0.439453 0.896484 0.441406 0.894531 0.441406 0.892578 0.439453 0.890625 0.439453 0.886719 0.435547 0.882812
0 0.560547 0.804688 0.556641 0.808594 0.556641 0.810547 0.554688 0.812500 0.554688 0.820312 0.552734 0.822266 0.552734 0.826172 0.554688 0.828125 0.554688 0.835938 0.556641 0.837891 0.556641 0.841797 0.558594 0.843750 0.560547 0.843750 0.562500 0.845703 0.564453 0.843750 0.566406 0.843750 0.568359 0.841797 0.568359 0.837891 0.570312 0.835938 0.570312 0.830078 0.572266 0.828125 0.572266 0.820312 0.570312 0.818359 0.570312 0.812500 0.568359 0.810547 0.568359 0.808594 0.564453 0.804688
0 0.416016 0.804688 0.414062 0.806641 0.412109 0.806641 0.410156 0.808594 0.410156 0.810547 0.408203 0.812500 0.408203 0.818359 0.410156 0.820312 0.410156 0.822266 0.414062 0.826172 0.425781 0.826172 0.427734 0.824219 0.427734 0.822266 0.429688 0.820312 0.429688 0.810547 0.427734 0.808594 0.427734 0.806641 0.425781 0.806641 0.423828 0.804688
0 0.703125 0.628906 0.701172 0.630859 0.701172 0.632812 0.699219 0.634766 0.699219 0.638672 0.701172 0.640625 0.701172 0.642578 0.703125 0.644531 0.710938 0.644531 0.712891 0.642578 0.712891 0.630859 0.710938 0.630859 0.708984 0.628906
0 0.878906 0.585938 0.875000 0.589844 0.875000 0.591797 0.873047 0.593750 0.873047 0.597656 0.878906 0.603516 0.888672 0.603516 0.892578 0.599609 0.892578 0.597656 0.894531 0.595703 0.894531 0.593750 0.892578 0.591797 0.892578 0.589844 0.888672 0.585938
0 0.703125 0.585938 0.701172 0.587891 0.701172 0.595703 0.703125 0.597656 0.708984 0.597656 0.710938 0.595703 0.710938 0.589844 0.708984 0.587891 0.708984 0.585938
0 0.697266 0.486328 0.695312 0.488281 0.695312 0.490234 0.693359 0.492188 0.693359 0.496094 0.695312 0.498047 0.695312 0.500000 0.697266 0.500000 0.699219 0.501953 0.705078 0.501953 0.708984 0.498047 0.708984 0.490234 0.705078 0.486328
0 0.937500 0.458984 0.931641 0.464844 0.931641 0.476562 0.933594 0.478516 0.933594 0.480469 0.935547 0.480469 0.937500 0.482422 0.945312 0.482422 0.949219 0.478516 0.949219 0.476562 0.951172 0.474609 0.951172 0.466797 0.947266 0.462891 0.947266 0.460938 0.945312 0.460938 0.943359 0.458984
0 0.732422 0.451172 0.730469 0.453125 0.730469 0.457031 0.732422 0.458984 0.732422 0.460938 0.740234 0.460938 0.742188 0.458984 0.742188 0.453125 0.740234 0.451172
0 0.839844 0.443359 0.837891 0.445312 0.837891 0.447266 0.835938 0.449219 0.835938 0.458984 0.837891 0.460938 0.837891 0.462891 0.839844 0.464844 0.845703 0.464844 0.847656 0.462891 0.847656 0.460938 0.849609 0.458984 0.849609 0.449219 0.847656 0.447266 0.847656 0.445312 0.845703 0.443359
0 0.839844 0.410156 0.835938 0.414062 0.835938 0.416016 0.837891 0.417969 0.839844 0.417969 0.841797 0.419922 0.843750 0.417969 0.845703 0.417969 0.847656 0.416016 0.847656 0.414062 0.843750 0.410156