0 0.662109 0.964844 0.660156 0.966797 0.658203 0.966797 0.656250 0.968750 0.654297 0.968750 0.654297 0.970703 0.652344 0.972656 0.650391 0.972656 0.650391 0.976562 0.648438 0.978516 0.648438 0.986328 0.650391 0.988281 0.650391 0.990234 0.656250 0.996094 0.658203 0.996094 0.660156 0.998047 0.673828 0.998047 0.675781 0.996094 0.677734 0.996094 0.681641 0.992188 0.681641 0.990234 0.683594 0.988281 0.683594 0.986328 0.685547 0.984375 0.685547 0.980469 0.683594 0.978516 0.683594 0.974609 0.679688 0.970703 0.679688 0.968750 0.677734 0.968750 0.675781 0.966797 0.673828 0.966797 0.671875 0.964844
0 0.921875 0.923828 0.919922 0.925781 0.917969 0.925781 0.916016 0.927734 0.914062 0.927734 0.914062 0.929688 0.910156 0.933594 0.910156 0.937500 0.908203 0.939453 0.908203 0.943359 0.910156 0.945312 0.910156 0.949219 0.912109 0.951172 0.912109 0.953125 0.916016 0.957031 0.917969 0.957031 0.919922 0.958984 0.933594 0.958984 0.935547 0.957031 0.937500 0.957031 0.943359 0.951172 0.943359 0.947266 0.945312 0.945312 0.945312 0.937500 0.943359 0.935547 0.943359 0.933594 0.939453 0.929688 0.939453 0.927734 0.937500 0.927734 0.935547 0.925781 0.933594 0.925781 0.931641 0.923828
0 0.474609 0.812500 0.472656 0.814453 0.470703 0.814453 0.466797 0.818359 0.464844 0.818359 0.464844 0.820312 0.462891 0.822266 0.462891 0.824219 0.460938 0.826172 0.460938 0.833984 0.462891 0.835938 0.462891 0.837891 0.468750 0.843750 0.470703 0.843750 0.472656 0.845703 0.474609 0.845703 0.476562 0.847656 0.492188 0.847656 0.494141 0.845703 0.496094 0.845703 0.498047 0.843750 0.500000 0.843750 0.507812 0.835938 0.507812 0.832031 0.509766 0.830078 0.507812 0.828125 0.507812 0.824219 0.505859 0.822266 0.505859 0.820312 0.503906 0.818359 0.501953 0.818359 0.498047 0.814453 0.496094 0.814453 0.494141 0.812500
0 0.783203 0.769531 0.781250 0.771484 0.779297 0.771484 0.775391 0.775391 0.773438 0.775391 0.773438 0.777344 0.771484 0.779297 0.771484 0.781250 0.769531 0.783203 0.769531 0.791016 0.771484 0.792969 0.771484 0.794922 0.777344 0.800781 0.779297 0.800781 0.781250 0.802734 0.783203 0.802734 0.785156 0.804688 0.800781 0.804688 0.802734 0.802734 0.804688 0.802734 0.806641 0.800781 0.808594 0.800781 0.810547 0.798828 0.810547 0.796875 0.812500 0.794922 0.814453 0.794922 0.814453 0.791016 0.816406 0.789062 0.816406 0.785156 0.814453 0.783203 0.814453 0.779297 0.806641 0.771484 0.804688 0.771484 0.802734 0.769531
0 0.890625 0.619141 0.888672 0.621094 0.886719 0.621094 0.882812 0.625000 0.880859 0.625000 0.878906 0.626953 0.878906 0.628906 0.876953 0.630859 0.876953 0.634766 0.875000 0.636719 0.875000 0.642578 0.876953 0.644531 0.876953 0.648438 0.878906 0.650391 0.878906 0.652344 0.882812 0.656250 0.884766 0.656250 0.886719 0.658203 0.888672 0.658203 0.890625 0.660156 0.902344 0.660156 0.904297 0.658203 0.908203 0.658203 0.914062 0.652344 0.914062 0.650391 0.916016 0.648438 0.916016 0.646484 0.917969 0.644531 0.917969 0.634766 0.916016 0.632812 0.916016 0.630859 0.914062 0.628906 0.914062 0.626953 0.912109 0.625000 0.910156 0.625000 0.908203 0.623047 0.908203 0.621094 0.906250 0.621094 0.904297 0.619141
0 0.189453 0.468750 0.185547 0.472656 0.185547 0.484375 0.187500 0.486328 0.195312 0.486328 0.199219 0.482422 0.199219 0.474609 0.197266 0.472656 0.197266 0.470703 0.195312 0.470703 0.193359 0.468750
0 0.089844 0.466797 0.082031 0.474609 0.082031 0.480469 0.089844 0.488281 0.105469 0.488281 0.107422 0.486328 0.109375 0.486328 0.113281 0.482422 0.113281 0.480469 0.115234 0.478516 0.115234 0.476562 0.113281 0.474609 0.113281 0.472656 0.109375 0.468750 0.107422 0.468750 0.105469 0.466797
0 0.089844 0.406250 0.087891 0.408203 0.085938 0.408203 0.082031 0.412109 0.082031 0.421875 0.085938 0.425781 0.087891 0.425781 0.089844 0.427734 0.093750 0.427734 0.099609 0.421875 0.099609 0.412109 0.093750 0.406250
0 0.048828 0.386719 0.042969 0.392578 0.042969 0.398438 0.044922 0.400391 0.044922 0.402344 0.046875 0.404297 0.054688 0.404297 0.058594 0.400391 0.058594 0.390625 0.054688 0.386719
0 0.076172 0.210938 0.074219 0.212891 0.072266 0.212891 0.072266 0.214844 0.068359 0.218750 0.068359 0.220703 0.066406 0.222656 0.066406 0.228516 0.064453 0.230469 0.064453 0.238281 0.062500 0.240234 0.062500 0.263672 0.064453 0.265625 0.064453 0.275391 0.066406 0.277344 0.066406 0.281250 0.068359 0.283203 0.068359 0.285156 0.070312 0.287109 0.070312 0.289062 0.074219 0.292969 0.080078 0.292969 0.082031 0.291016 0.082031 0.289062 0.085938 0.285156 0.085938 0.283203 0.087891 0.281250 0.087891 0.275391 0.089844 0.273438 0.089844 0.259766 0.091797 0.257812 0.091797 0.246094 0.089844 0.244141 0.089844 0.230469 0.087891 0.228516 0.087891 0.224609 0.085938 0.222656 0.085938 0.220703 0.083984 0.218750 0.083984 0.216797 0.078125 0.210938
0 0.187500 0.140625 0.185547 0.142578 0.179688 0.142578 0.177734 0.144531 0.173828 0.144531 0.169922 0.148438 0.167969 0.148438 0.166016 0.150391 0.166016 0.152344 0.164062 0.154297 0.164062 0.160156 0.166016 0.162109 0.166016 0.164062 0.167969 0.164062 0.171875 0.167969 0.173828 0.167969 0.175781 0.169922 0.177734 0.169922 0.179688 0.171875 0.201172 0.171875 0.203125 0.169922 0.207031 0.169922 0.208984 0.167969 0.210938 0.167969 0.216797 0.162109 0.216797 0.152344 0.214844 0.150391 0.214844 0.148438 0.212891 0.148438 0.208984 0.144531 0.205078 0.144531 0.203125 0.142578 0.197266 0.142578 0.195312 0.140625