0 0.414062 0.751953 0.410156 0.755859 0.410156 0.761719 0.412109 0.763672 0.414062 0.763672 0.416016 0.765625 0.423828 0.765625 0.425781 0.763672 0.427734 0.763672 0.429688 0.761719 0.429688 0.759766 0.431641 0.757812 0.429688 0.755859 0.429688 0.753906 0.427734 0.753906 0.425781 0.751953
0 0.392578 0.675781 0.390625 0.677734 0.390625 0.679688 0.388672 0.681641 0.388672 0.689453 0.392578 0.693359 0.394531 0.691406 0.394531 0.677734
0 0.457031 0.669922 0.453125 0.673828 0.451172 0.673828 0.451172 0.675781 0.449219 0.677734 0.449219 0.683594 0.451172 0.685547 0.451172 0.687500 0.453125 0.687500 0.457031 0.691406 0.464844 0.691406 0.468750 0.687500 0.470703 0.687500 0.470703 0.685547 0.472656 0.683594 0.472656 0.677734 0.470703 0.675781 0.470703 0.673828 0.468750 0.673828 0.464844 0.669922
0 0.328125 0.638672 0.322266 0.644531 0.322266 0.652344 0.328125 0.658203 0.335938 0.658203 0.337891 0.656250 0.339844 0.656250 0.341797 0.654297 0.341797 0.644531 0.339844 0.642578 0.339844 0.640625 0.337891 0.640625 0.335938 0.638672
0 0.341797 0.583984 0.339844 0.585938 0.337891 0.585938 0.337891 0.587891 0.335938 0.589844 0.335938 0.595703 0.337891 0.597656 0.337891 0.599609 0.339844 0.599609 0.341797 0.601562 0.343750 0.601562 0.345703 0.599609 0.347656 0.599609 0.349609 0.597656 0.349609 0.595703 0.351562 0.593750 0.351562 0.591797 0.349609 0.589844 0.349609 0.587891 0.345703 0.583984
0 0.337891 0.333984 0.335938 0.335938 0.333984 0.335938 0.328125 0.341797 0.328125 0.359375 0.335938 0.367188 0.341797 0.367188 0.347656 0.361328 0.347656 0.357422 0.349609 0.355469 0.349609 0.345703 0.347656 0.343750 0.347656 0.339844 0.343750 0.335938 0.341797 0.335938 0.339844 0.333984
0 0.292969 0.310547 0.292969 0.312500 0.291016 0.314453 0.291016 0.316406 0.289062 0.318359 0.289062 0.326172 0.291016 0.328125 0.291016 0.332031 0.292969 0.333984 0.298828 0.333984 0.298828 0.332031 0.300781 0.330078 0.300781 0.314453 0.296875 0.310547
0 0.378906 0.292969 0.376953 0.294922 0.376953 0.296875 0.375000 0.298828 0.375000 0.314453 0.376953 0.316406 0.376953 0.318359 0.378906 0.320312 0.382812 0.320312 0.384766 0.318359 0.384766 0.316406 0.386719 0.314453 0.386719 0.298828 0.384766 0.296875 0.384766 0.294922 0.382812 0.292969
0 0.339844 0.234375 0.337891 0.236328 0.335938 0.236328 0.333984 0.238281 0.333984 0.246094 0.335938 0.248047 0.335938 0.250000 0.345703 0.250000 0.349609 0.246094 0.349609 0.240234 0.347656 0.238281 0.347656 0.236328 0.345703 0.236328 0.343750 0.234375
0 0.492188 0.126953 0.490234 0.128906 0.488281 0.128906 0.486328 0.130859 0.486328 0.132812 0.484375 0.134766 0.484375 0.148438 0.486328 0.150391 0.486328 0.152344 0.488281 0.154297 0.490234 0.154297 0.492188 0.156250 0.496094 0.156250 0.501953 0.150391 0.501953 0.148438 0.503906 0.146484 0.503906 0.136719 0.501953 0.134766 0.501953 0.132812 0.498047 0.128906 0.496094 0.128906 0.494141 0.126953
0 0.478516 0.007812 0.476562 0.009766 0.472656 0.009766 0.470703 0.011719 0.470703 0.015625 0.468750 0.017578 0.468750 0.029297 0.470703 0.031250 0.470703 0.035156 0.472656 0.037109 0.474609 0.037109 0.476562 0.039062 0.478516 0.039062 0.480469 0.037109 0.482422 0.037109 0.484375 0.035156 0.484375 0.031250 0.486328 0.029297 0.486328 0.017578 0.484375 0.015625 0.484375 0.011719 0.482422 0.009766 0.480469 0.009766