0 0.439453 0.912109 0.437500 0.914062 0.435547 0.914062 0.433594 0.916016 0.431641 0.916016 0.427734 0.919922 0.427734 0.931641 0.435547 0.939453 0.449219 0.939453 0.457031 0.931641 0.457031 0.919922 0.453125 0.916016 0.451172 0.916016 0.449219 0.914062 0.447266 0.914062 0.445312 0.912109
0 0.517578 0.904297 0.513672 0.908203 0.511719 0.908203 0.511719 0.910156 0.507812 0.914062 0.507812 0.923828 0.511719 0.927734 0.511719 0.929688 0.513672 0.929688 0.517578 0.933594 0.533203 0.933594 0.537109 0.929688 0.539062 0.929688 0.539062 0.927734 0.542969 0.923828 0.542969 0.914062 0.539062 0.910156 0.539062 0.908203 0.537109 0.908203 0.533203 0.904297
0 0.333984 0.869141 0.332031 0.871094 0.328125 0.871094 0.324219 0.875000 0.324219 0.884766 0.326172 0.886719 0.328125 0.886719 0.330078 0.888672 0.333984 0.888672 0.335938 0.890625 0.341797 0.890625 0.343750 0.888672 0.347656 0.888672 0.351562 0.884766 0.351562 0.882812 0.353516 0.880859 0.353516 0.878906 0.351562 0.876953 0.351562 0.875000 0.347656 0.871094 0.343750 0.871094 0.341797 0.869141
0 0.445312 0.865234 0.443359 0.867188 0.439453 0.867188 0.433594 0.873047 0.433594 0.886719 0.435547 0.888672 0.435547 0.890625 0.437500 0.890625 0.441406 0.894531 0.453125 0.894531 0.460938 0.886719 0.460938 0.875000 0.458984 0.873047 0.458984 0.871094 0.455078 0.867188 0.451172 0.867188 0.449219 0.865234
0 0.449219 0.740234 0.447266 0.742188 0.445312 0.742188 0.443359 0.744141 0.443359 0.750000 0.445312 0.751953 0.447266 0.751953 0.449219 0.753906 0.455078 0.753906 0.457031 0.751953 0.458984 0.751953 0.458984 0.744141 0.457031 0.742188 0.455078 0.742188 0.453125 0.740234
0 0.314453 0.736328 0.312500 0.738281 0.312500 0.740234 0.310547 0.742188 0.310547 0.746094 0.312500 0.748047 0.312500 0.750000 0.314453 0.750000 0.316406 0.751953 0.322266 0.751953 0.324219 0.750000 0.326172 0.750000 0.328125 0.748047 0.328125 0.740234 0.324219 0.736328
0 0.414062 0.718750 0.412109 0.720703 0.408203 0.720703 0.408203 0.724609 0.410156 0.726562 0.421875 0.726562 0.423828 0.724609 0.423828 0.720703 0.421875 0.720703 0.419922 0.718750
0 0.296875 0.695312 0.294922 0.697266 0.292969 0.697266 0.291016 0.699219 0.291016 0.703125 0.292969 0.703125 0.294922 0.705078 0.306641 0.705078 0.310547 0.701172 0.310547 0.699219 0.308594 0.697266 0.304688 0.697266 0.302734 0.695312
0 0.279297 0.662109 0.277344 0.664062 0.275391 0.664062 0.275391 0.667969 0.277344 0.669922 0.289062 0.669922 0.291016 0.667969 0.291016 0.664062 0.289062 0.664062 0.287109 0.662109
0 0.330078 0.412109 0.328125 0.414062 0.328125 0.416016 0.326172 0.417969 0.326172 0.419922 0.330078 0.423828 0.332031 0.423828 0.333984 0.425781 0.335938 0.423828 0.339844 0.423828 0.343750 0.419922 0.343750 0.417969 0.341797 0.416016 0.341797 0.414062 0.339844 0.414062 0.337891 0.412109
0 0.375000 0.330078 0.373047 0.332031 0.373047 0.333984 0.371094 0.335938 0.371094 0.341797 0.373047 0.343750 0.373047 0.345703 0.375000 0.347656 0.376953 0.347656 0.376953 0.345703 0.378906 0.343750 0.378906 0.333984
0 0.382812 0.306641 0.380859 0.308594 0.380859 0.318359 0.382812 0.320312 0.386719 0.320312 0.388672 0.318359 0.388672 0.308594 0.386719 0.306641