0 0.738281 0.986328 0.736328 0.988281 0.736328 0.992188 0.740234 0.996094 0.742188 0.996094 0.746094 0.992188 0.746094 0.988281 0.744141 0.986328
0 0.755859 0.978516 0.753906 0.980469 0.751953 0.980469 0.751953 0.982422 0.750000 0.984375 0.750000 0.988281 0.751953 0.990234 0.751953 0.992188 0.759766 0.992188 0.761719 0.990234 0.761719 0.982422 0.757812 0.978516
0 0.431641 0.957031 0.429688 0.958984 0.425781 0.958984 0.425781 0.960938 0.423828 0.962891 0.423828 0.964844 0.425781 0.966797 0.425781 0.968750 0.427734 0.968750 0.429688 0.970703 0.437500 0.970703 0.441406 0.966797 0.441406 0.960938 0.439453 0.958984 0.437500 0.958984 0.435547 0.957031
0 0.710938 0.953125 0.708984 0.955078 0.707031 0.955078 0.705078 0.957031 0.705078 0.962891 0.708984 0.966797 0.712891 0.966797 0.714844 0.968750 0.718750 0.968750 0.720703 0.966797 0.724609 0.966797 0.726562 0.964844 0.728516 0.964844 0.728516 0.957031 0.726562 0.955078 0.724609 0.955078 0.722656 0.953125
0 0.412109 0.916016 0.410156 0.917969 0.410156 0.919922 0.408203 0.921875 0.408203 0.923828 0.406250 0.925781 0.406250 0.931641 0.408203 0.933594 0.408203 0.937500 0.414062 0.943359 0.419922 0.943359 0.425781 0.937500 0.425781 0.931641 0.427734 0.929688 0.427734 0.927734 0.425781 0.925781 0.425781 0.921875 0.423828 0.919922 0.423828 0.917969 0.421875 0.916016
0 0.460938 0.291016 0.458984 0.292969 0.458984 0.294922 0.457031 0.296875 0.457031 0.298828 0.458984 0.300781 0.458984 0.302734 0.460938 0.304688 0.462891 0.304688 0.464844 0.306641 0.468750 0.306641 0.470703 0.304688 0.472656 0.304688 0.476562 0.300781 0.476562 0.296875 0.474609 0.294922 0.474609 0.292969 0.472656 0.291016
0 0.404297 0.287109 0.400391 0.291016 0.400391 0.298828 0.402344 0.300781 0.404297 0.300781 0.406250 0.302734 0.412109 0.302734 0.417969 0.296875 0.417969 0.291016 0.414062 0.287109
0 0.757812 0.281250 0.755859 0.283203 0.753906 0.283203 0.750000 0.287109 0.750000 0.289062 0.751953 0.291016 0.751953 0.292969 0.753906 0.292969 0.755859 0.294922 0.759766 0.294922 0.761719 0.292969 0.763672 0.292969 0.763672 0.291016 0.765625 0.289062 0.765625 0.287109 0.761719 0.283203 0.759766 0.283203
0 0.164062 0.275391 0.162109 0.277344 0.162109 0.285156 0.166016 0.289062 0.169922 0.289062 0.173828 0.285156 0.173828 0.279297 0.171875 0.277344 0.171875 0.275391
0 0.042969 0.250000 0.041016 0.251953 0.041016 0.253906 0.039062 0.255859 0.039062 0.257812 0.041016 0.259766 0.041016 0.261719 0.042969 0.263672 0.052734 0.263672 0.052734 0.261719 0.054688 0.259766 0.054688 0.251953 0.052734 0.250000
0 0.240234 0.162109 0.238281 0.164062 0.238281 0.171875 0.242188 0.175781 0.248047 0.175781 0.251953 0.171875 0.251953 0.164062 0.250000 0.162109
0 0.242188 0.091797 0.240234 0.093750 0.238281 0.093750 0.236328 0.095703 0.236328 0.097656 0.234375 0.099609 0.234375 0.103516 0.236328 0.105469 0.236328 0.107422 0.240234 0.111328 0.250000 0.111328 0.255859 0.105469 0.255859 0.099609 0.253906 0.097656 0.253906 0.095703 0.251953 0.093750 0.250000 0.093750 0.248047 0.091797
0 0.271484 0.058594 0.269531 0.060547 0.269531 0.068359 0.271484 0.070312 0.279297 0.070312 0.283203 0.066406 0.283203 0.060547 0.281250 0.058594
0 0.150391 0.041016 0.146484 0.044922 0.146484 0.046875 0.148438 0.048828 0.158203 0.048828 0.158203 0.042969 0.156250 0.042969 0.154297 0.041016
0 0.240234 0.039062 0.238281 0.041016 0.236328 0.041016 0.234375 0.042969 0.232422 0.042969 0.232422 0.044922 0.230469 0.046875 0.230469 0.050781 0.232422 0.052734 0.232422 0.054688 0.234375 0.054688 0.236328 0.056641 0.240234 0.056641 0.242188 0.058594 0.244141 0.058594 0.246094 0.056641 0.250000 0.056641 0.253906 0.052734 0.253906 0.044922 0.250000 0.041016 0.246094 0.041016 0.244141 0.039062
0 0.685547 0.000000 0.685547 0.007812 0.689453 0.011719 0.695312 0.011719 0.699219 0.007812 0.699219 0.005859 0.701172 0.003906 0.701172 0.000000
0 0.617188 0.000000 0.615234 0.001953 0.615234 0.003906 0.613281 0.005859 0.613281 0.009766 0.615234 0.011719 0.615234 0.015625 0.617188 0.015625 0.621094 0.019531 0.628906 0.019531 0.634766 0.013672 0.634766 0.011719 0.636719 0.009766 0.636719 0.007812 0.634766 0.005859 0.634766 0.001953 0.632812 0.000000