0 0.714844 0.744141 0.712891 0.746094 0.705078 0.746094 0.703125 0.748047 0.699219 0.748047 0.693359 0.753906 0.699219 0.759766 0.703125 0.759766 0.705078 0.761719 0.714844 0.761719 0.716797 0.763672 0.734375 0.763672 0.736328 0.761719 0.744141 0.761719 0.746094 0.759766 0.751953 0.759766 0.755859 0.755859 0.755859 0.751953 0.751953 0.748047 0.748047 0.748047 0.746094 0.746094 0.736328 0.746094 0.734375 0.744141
0 0.474609 0.708984 0.472656 0.710938 0.468750 0.710938 0.466797 0.712891 0.464844 0.712891 0.464844 0.714844 0.460938 0.718750 0.460938 0.724609 0.464844 0.728516 0.466797 0.728516 0.468750 0.730469 0.470703 0.730469 0.472656 0.732422 0.478516 0.732422 0.480469 0.734375 0.484375 0.734375 0.486328 0.732422 0.494141 0.732422 0.496094 0.730469 0.498047 0.730469 0.501953 0.726562 0.503906 0.726562 0.503906 0.722656 0.505859 0.720703 0.503906 0.718750 0.503906 0.716797 0.498047 0.710938 0.494141 0.710938 0.492188 0.708984
0 0.937500 0.648438 0.935547 0.650391 0.933594 0.650391 0.925781 0.658203 0.925781 0.660156 0.923828 0.662109 0.923828 0.669922 0.925781 0.671875 0.925781 0.673828 0.927734 0.675781 0.927734 0.677734 0.929688 0.679688 0.931641 0.679688 0.935547 0.683594 0.941406 0.683594 0.943359 0.685547 0.953125 0.685547 0.955078 0.683594 0.960938 0.683594 0.964844 0.679688 0.966797 0.679688 0.970703 0.675781 0.970703 0.673828 0.972656 0.671875 0.972656 0.667969 0.974609 0.666016 0.972656 0.664062 0.972656 0.660156 0.970703 0.658203 0.970703 0.656250 0.968750 0.656250 0.962891 0.650391 0.960938 0.650391 0.958984 0.648438
0 0.789062 0.550781 0.787109 0.552734 0.779297 0.552734 0.777344 0.554688 0.775391 0.554688 0.771484 0.558594 0.769531 0.558594 0.763672 0.564453 0.761719 0.564453 0.761719 0.566406 0.759766 0.568359 0.759766 0.580078 0.761719 0.582031 0.761719 0.583984 0.763672 0.583984 0.769531 0.589844 0.771484 0.589844 0.775391 0.593750 0.779297 0.593750 0.781250 0.595703 0.787109 0.595703 0.789062 0.597656 0.808594 0.597656 0.810547 0.595703 0.816406 0.595703 0.818359 0.593750 0.822266 0.593750 0.826172 0.589844 0.828125 0.589844 0.835938 0.582031 0.835938 0.580078 0.837891 0.578125 0.837891 0.570312 0.835938 0.568359 0.835938 0.566406 0.828125 0.558594 0.826172 0.558594 0.822266 0.554688 0.818359 0.554688 0.816406 0.552734 0.810547 0.552734 0.808594 0.550781
0 0.339844 0.500000 0.337891 0.501953 0.332031 0.501953 0.330078 0.503906 0.328125 0.503906 0.324219 0.507812 0.322266 0.507812 0.320312 0.509766 0.320312 0.511719 0.318359 0.513672 0.318359 0.525391 0.320312 0.527344 0.320312 0.529297 0.322266 0.531250 0.324219 0.531250 0.328125 0.535156 0.332031 0.535156 0.333984 0.537109 0.339844 0.537109 0.341797 0.539062 0.347656 0.539062 0.349609 0.537109 0.355469 0.537109 0.357422 0.535156 0.359375 0.535156 0.363281 0.531250 0.365234 0.531250 0.369141 0.527344 0.369141 0.523438 0.371094 0.521484 0.371094 0.517578 0.369141 0.515625 0.369141 0.511719 0.365234 0.507812 0.363281 0.507812 0.359375 0.503906 0.357422 0.503906 0.355469 0.501953 0.349609 0.501953 0.347656 0.500000
0 0.574219 0.486328 0.572266 0.488281 0.566406 0.488281 0.564453 0.490234 0.562500 0.490234 0.560547 0.492188 0.556641 0.492188 0.548828 0.500000 0.548828 0.507812 0.550781 0.509766 0.550781 0.511719 0.552734 0.511719 0.556641 0.515625 0.558594 0.515625 0.560547 0.517578 0.564453 0.517578 0.566406 0.519531 0.572266 0.519531 0.574219 0.521484 0.589844 0.521484 0.591797 0.519531 0.597656 0.519531 0.599609 0.517578 0.605469 0.517578 0.609375 0.513672 0.611328 0.513672 0.617188 0.507812 0.617188 0.500000 0.609375 0.492188 0.607422 0.492188 0.605469 0.490234 0.601562 0.490234 0.599609 0.488281 0.593750 0.488281 0.591797 0.486328
0 0.435547 0.406250 0.433594 0.408203 0.423828 0.408203 0.421875 0.410156 0.419922 0.410156 0.416016 0.414062 0.414062 0.414062 0.408203 0.419922 0.408203 0.427734 0.410156 0.429688 0.410156 0.431641 0.412109 0.431641 0.416016 0.435547 0.417969 0.435547 0.421875 0.439453 0.427734 0.439453 0.429688 0.441406 0.449219 0.441406 0.451172 0.439453 0.457031 0.439453 0.460938 0.435547 0.462891 0.435547 0.466797 0.431641 0.468750 0.431641 0.468750 0.429688 0.470703 0.427734 0.470703 0.419922 0.464844 0.414062 0.462891 0.414062 0.458984 0.410156 0.457031 0.410156 0.455078 0.408203 0.445312 0.408203 0.443359 0.406250
0 0.707031 0.404297 0.705078 0.406250 0.701172 0.406250 0.699219 0.408203 0.697266 0.408203 0.693359 0.412109 0.691406 0.412109 0.691406 0.414062 0.689453 0.416016 0.689453 0.419922 0.691406 0.421875 0.691406 0.423828 0.693359 0.423828 0.697266 0.427734 0.699219 0.427734 0.701172 0.429688 0.707031 0.429688 0.708984 0.431641 0.732422 0.431641 0.734375 0.429688 0.740234 0.429688 0.742188 0.427734 0.744141 0.427734 0.748047 0.423828 0.750000 0.423828 0.750000 0.421875 0.751953 0.419922 0.751953 0.416016 0.750000 0.414062 0.750000 0.412109 0.748047 0.412109 0.744141 0.408203 0.742188 0.408203 0.740234 0.406250 0.734375 0.406250 0.732422 0.404297
0 0.996094 0.306641 0.992188 0.310547 0.990234 0.310547 0.974609 0.326172 0.974609 0.330078 0.972656 0.332031 0.972656 0.335938 0.970703 0.337891 0.970703 0.357422 0.972656 0.359375 0.972656 0.363281 0.974609 0.365234 0.974609 0.369141 0.988281 0.382812 0.990234 0.382812 0.996094 0.388672 0.998047 0.388672 0.998047 0.306641
0 0.271484 0.298828 0.269531 0.300781 0.265625 0.300781 0.263672 0.302734 0.259766 0.302734 0.255859 0.306641 0.253906 0.306641 0.253906 0.308594 0.251953 0.310547 0.251953 0.316406 0.259766 0.324219 0.263672 0.324219 0.265625 0.326172 0.273438 0.326172 0.275391 0.328125 0.281250 0.328125 0.283203 0.326172 0.291016 0.326172 0.292969 0.324219 0.296875 0.324219 0.298828 0.322266 0.300781 0.322266 0.300781 0.320312 0.304688 0.316406 0.304688 0.310547 0.302734 0.308594 0.302734 0.306641 0.300781 0.304688 0.298828 0.304688 0.296875 0.302734 0.292969 0.302734 0.291016 0.300781 0.287109 0.300781 0.285156 0.298828
0 0.468750 0.000000 0.466797 0.001953 0.466797 0.005859 0.468750 0.007812 0.468750 0.011719 0.470703 0.011719 0.476562 0.017578 0.478516 0.017578 0.480469 0.019531 0.484375 0.019531 0.486328 0.021484 0.498047 0.021484 0.500000 0.019531 0.505859 0.019531 0.507812 0.017578 0.509766 0.017578 0.511719 0.015625 0.511719 0.013672 0.513672 0.011719 0.515625 0.011719 0.515625 0.009766 0.517578 0.007812 0.517578 0.000000