0 0.750000 0.802734 0.748047 0.804688 0.746094 0.804688 0.744141 0.806641 0.744141 0.808594 0.742188 0.810547 0.742188 0.814453 0.744141 0.816406 0.744141 0.818359 0.746094 0.820312 0.753906 0.820312 0.757812 0.816406 0.757812 0.808594 0.751953 0.802734
0 0.761719 0.775391 0.761719 0.777344 0.759766 0.779297 0.759766 0.787109 0.761719 0.789062 0.773438 0.789062 0.775391 0.787109 0.775391 0.785156 0.777344 0.783203 0.777344 0.781250 0.775391 0.779297 0.775391 0.777344 0.773438 0.775391
0 0.714844 0.767578 0.710938 0.771484 0.710938 0.775391 0.714844 0.779297 0.722656 0.779297 0.726562 0.775391 0.726562 0.771484 0.722656 0.767578
0 0.587891 0.761719 0.585938 0.763672 0.585938 0.767578 0.589844 0.771484 0.593750 0.771484 0.595703 0.769531 0.597656 0.769531 0.599609 0.767578 0.599609 0.763672 0.597656 0.761719
0 0.562500 0.755859 0.560547 0.757812 0.560547 0.763672 0.562500 0.765625 0.570312 0.765625 0.572266 0.763672 0.572266 0.757812 0.570312 0.755859
0 0.777344 0.748047 0.775391 0.750000 0.771484 0.750000 0.769531 0.751953 0.769531 0.757812 0.771484 0.759766 0.775391 0.759766 0.777344 0.761719 0.783203 0.761719 0.785156 0.759766 0.789062 0.759766 0.791016 0.757812 0.791016 0.751953 0.789062 0.750000 0.785156 0.750000 0.783203 0.748047
0 0.685547 0.736328 0.683594 0.738281 0.681641 0.738281 0.679688 0.740234 0.679688 0.742188 0.681641 0.744141 0.683594 0.744141 0.685547 0.746094 0.703125 0.746094 0.705078 0.744141 0.707031 0.744141 0.707031 0.738281 0.705078 0.738281 0.703125 0.736328
0 0.486328 0.716797 0.484375 0.718750 0.482422 0.718750 0.480469 0.720703 0.480469 0.722656 0.482422 0.724609 0.494141 0.724609 0.496094 0.722656 0.496094 0.718750 0.494141 0.718750 0.492188 0.716797
0 0.781250 0.712891 0.779297 0.714844 0.779297 0.720703 0.781250 0.722656 0.789062 0.722656 0.791016 0.720703 0.791016 0.714844 0.789062 0.712891
0 0.742188 0.703125 0.740234 0.705078 0.740234 0.708984 0.744141 0.712891 0.750000 0.712891 0.751953 0.710938 0.751953 0.703125
0 0.365234 0.595703 0.363281 0.597656 0.361328 0.597656 0.361328 0.605469 0.363281 0.607422 0.369141 0.607422 0.371094 0.605469 0.371094 0.597656 0.369141 0.597656 0.367188 0.595703