0 0.751953 0.710938 0.750000 0.712891 0.750000 0.716797 0.748047 0.718750 0.748047 0.732422 0.750000 0.734375 0.750000 0.738281 0.751953 0.740234 0.755859 0.740234 0.757812 0.738281 0.757812 0.736328 0.759766 0.734375 0.759766 0.716797 0.757812 0.714844 0.757812 0.712891 0.755859 0.710938
0 0.921875 0.644531 0.921875 0.646484 0.919922 0.648438 0.919922 0.664062 0.921875 0.666016 0.921875 0.667969 0.925781 0.667969 0.927734 0.666016 0.927734 0.662109 0.929688 0.660156 0.929688 0.650391 0.927734 0.648438 0.927734 0.644531
0 0.027344 0.638672 0.025391 0.640625 0.025391 0.646484 0.027344 0.648438 0.035156 0.648438 0.037109 0.646484 0.037109 0.640625 0.035156 0.638672
0 0.150391 0.599609 0.150391 0.601562 0.148438 0.603516 0.148438 0.615234 0.152344 0.619141 0.154297 0.619141 0.156250 0.617188 0.156250 0.611328 0.158203 0.609375 0.156250 0.607422 0.156250 0.601562 0.154297 0.599609
0 0.009766 0.570312 0.005859 0.574219 0.007812 0.576172 0.007812 0.578125 0.021484 0.578125 0.021484 0.572266 0.019531 0.570312
0 0.236328 0.564453 0.234375 0.566406 0.234375 0.570312 0.236328 0.572266 0.244141 0.572266 0.246094 0.570312 0.246094 0.566406 0.244141 0.564453
0 0.050781 0.548828 0.046875 0.552734 0.046875 0.554688 0.048828 0.556641 0.050781 0.556641 0.052734 0.558594 0.062500 0.558594 0.064453 0.556641 0.066406 0.556641 0.068359 0.554688 0.068359 0.550781 0.066406 0.550781 0.064453 0.548828
0 0.240234 0.525391 0.238281 0.527344 0.238281 0.531250 0.240234 0.533203 0.250000 0.533203 0.250000 0.531250 0.251953 0.529297 0.248047 0.525391
0 0.087891 0.492188 0.085938 0.494141 0.085938 0.498047 0.087891 0.500000 0.099609 0.500000 0.099609 0.494141 0.097656 0.492188
0 0.222656 0.474609 0.218750 0.478516 0.218750 0.486328 0.222656 0.490234 0.226562 0.490234 0.228516 0.488281 0.228516 0.486328 0.230469 0.484375 0.230469 0.480469 0.228516 0.478516 0.228516 0.476562 0.226562 0.474609
0 0.025391 0.460938 0.021484 0.464844 0.021484 0.470703 0.023438 0.472656 0.031250 0.472656 0.033203 0.470703 0.033203 0.468750 0.035156 0.466797 0.033203 0.464844 0.033203 0.462891 0.031250 0.460938
0 0.933594 0.404297 0.929688 0.408203 0.929688 0.419922 0.933594 0.423828 0.939453 0.423828 0.941406 0.421875 0.941406 0.419922 0.943359 0.417969 0.943359 0.410156 0.941406 0.408203 0.941406 0.406250 0.939453 0.404297
0 0.007812 0.359375 0.003906 0.363281 0.007812 0.367188 0.017578 0.367188 0.019531 0.365234 0.021484 0.365234 0.021484 0.361328 0.019531 0.361328 0.017578 0.359375
0 0.042969 0.347656 0.041016 0.349609 0.037109 0.349609 0.033203 0.353516 0.033203 0.361328 0.035156 0.363281 0.037109 0.363281 0.039062 0.365234 0.046875 0.365234 0.048828 0.363281 0.050781 0.363281 0.054688 0.359375 0.054688 0.355469 0.052734 0.353516 0.052734 0.351562 0.050781 0.351562 0.048828 0.349609 0.044922 0.349609
0 0.130859 0.326172 0.128906 0.328125 0.128906 0.332031 0.130859 0.333984 0.132812 0.333984 0.134766 0.335938 0.138672 0.335938 0.140625 0.333984 0.142578 0.333984 0.144531 0.332031 0.144531 0.328125 0.142578 0.326172
0 0.119141 0.251953 0.117188 0.253906 0.117188 0.255859 0.115234 0.257812 0.115234 0.267578 0.117188 0.269531 0.117188 0.271484 0.123047 0.271484 0.123047 0.269531 0.125000 0.267578 0.125000 0.255859 0.121094 0.251953
0 0.167969 0.232422 0.166016 0.234375 0.164062 0.234375 0.162109 0.236328 0.162109 0.242188 0.164062 0.242188 0.166016 0.244141 0.175781 0.244141 0.179688 0.240234 0.179688 0.236328 0.177734 0.234375 0.175781 0.234375 0.173828 0.232422
0 0.207031 0.187500 0.205078 0.189453 0.205078 0.191406 0.203125 0.193359 0.203125 0.203125 0.205078 0.205078 0.205078 0.208984 0.207031 0.210938 0.212891 0.210938 0.214844 0.208984 0.214844 0.205078 0.216797 0.203125 0.216797 0.195312 0.214844 0.193359 0.214844 0.189453 0.212891 0.187500
0 0.064453 0.132812 0.060547 0.136719 0.060547 0.138672 0.058594 0.140625 0.058594 0.156250 0.066406 0.164062 0.074219 0.164062 0.080078 0.158203 0.080078 0.154297 0.082031 0.152344 0.082031 0.142578 0.080078 0.140625 0.080078 0.138672 0.074219 0.132812