0 0.539062 0.917969 0.535156 0.921875 0.535156 0.927734 0.541016 0.933594 0.546875 0.933594 0.550781 0.929688 0.550781 0.919922 0.548828 0.917969
0 0.171875 0.873047 0.166016 0.878906 0.166016 0.884766 0.167969 0.886719 0.167969 0.888672 0.169922 0.888672 0.173828 0.892578 0.181641 0.892578 0.183594 0.890625 0.185547 0.890625 0.189453 0.886719 0.189453 0.878906 0.187500 0.876953 0.187500 0.875000 0.185547 0.875000 0.183594 0.873047
0 0.554688 0.771484 0.550781 0.775391 0.550781 0.785156 0.554688 0.789062 0.564453 0.789062 0.568359 0.785156 0.568359 0.775391 0.564453 0.771484
0 0.003906 0.710938 0.001953 0.712891 0.001953 0.714844 0.000000 0.716797 0.000000 0.728516 0.003906 0.732422 0.009766 0.732422 0.013672 0.728516 0.013672 0.716797 0.011719 0.714844 0.011719 0.712891 0.009766 0.710938
0 0.214844 0.707031 0.214844 0.708984 0.212891 0.710938 0.212891 0.726562 0.216797 0.730469 0.220703 0.730469 0.224609 0.726562 0.224609 0.724609 0.226562 0.722656 0.226562 0.714844 0.224609 0.712891 0.224609 0.708984 0.222656 0.707031
0 0.292969 0.675781 0.292969 0.677734 0.291016 0.679688 0.291016 0.687500 0.289062 0.689453 0.289062 0.691406 0.291016 0.693359 0.291016 0.701172 0.292969 0.703125 0.292969 0.705078 0.296875 0.705078 0.298828 0.703125 0.298828 0.695312 0.300781 0.693359 0.300781 0.687500 0.298828 0.685547 0.298828 0.677734 0.296875 0.675781
0 0.111328 0.560547 0.107422 0.564453 0.107422 0.574219 0.109375 0.576172 0.111328 0.576172 0.113281 0.578125 0.119141 0.578125 0.121094 0.576172 0.123047 0.576172 0.123047 0.574219 0.125000 0.572266 0.125000 0.566406 0.123047 0.564453 0.123047 0.562500 0.121094 0.560547
0 0.205078 0.550781 0.203125 0.552734 0.201172 0.552734 0.197266 0.556641 0.197266 0.558594 0.195312 0.560547 0.195312 0.572266 0.197266 0.574219 0.197266 0.576172 0.201172 0.580078 0.203125 0.580078 0.205078 0.582031 0.208984 0.582031 0.210938 0.580078 0.212891 0.580078 0.216797 0.576172 0.216797 0.574219 0.218750 0.572266 0.218750 0.560547 0.216797 0.558594 0.216797 0.556641 0.212891 0.552734 0.210938 0.552734 0.208984 0.550781
0 0.353516 0.261719 0.351562 0.263672 0.349609 0.263672 0.349609 0.267578 0.351562 0.269531 0.357422 0.269531 0.359375 0.271484 0.367188 0.271484 0.369141 0.269531 0.375000 0.269531 0.376953 0.267578 0.376953 0.263672 0.375000 0.263672 0.373047 0.261719
0 0.261719 0.248047 0.255859 0.253906 0.255859 0.259766 0.253906 0.261719 0.253906 0.269531 0.255859 0.271484 0.255859 0.277344 0.259766 0.281250 0.259766 0.283203 0.265625 0.283203 0.269531 0.279297 0.269531 0.277344 0.271484 0.275391 0.271484 0.257812 0.269531 0.255859 0.269531 0.251953 0.265625 0.248047
0 0.484375 0.244141 0.480469 0.248047 0.478516 0.248047 0.478516 0.250000 0.476562 0.251953 0.476562 0.257812 0.482422 0.263672 0.484375 0.263672 0.486328 0.265625 0.498047 0.265625 0.500000 0.263672 0.501953 0.263672 0.505859 0.259766 0.505859 0.257812 0.507812 0.255859 0.507812 0.253906 0.505859 0.251953 0.505859 0.248047 0.503906 0.248047 0.500000 0.244141
0 0.431641 0.101562 0.429688 0.103516 0.427734 0.103516 0.421875 0.109375 0.421875 0.113281 0.419922 0.115234 0.419922 0.130859 0.421875 0.132812 0.421875 0.136719 0.429688 0.144531 0.431641 0.144531 0.433594 0.146484 0.437500 0.146484 0.439453 0.144531 0.441406 0.144531 0.445312 0.140625 0.447266 0.140625 0.447266 0.138672 0.449219 0.136719 0.449219 0.134766 0.451172 0.132812 0.451172 0.113281 0.449219 0.111328 0.449219 0.109375 0.441406 0.101562
0 0.503906 0.056641 0.501953 0.058594 0.500000 0.058594 0.498047 0.060547 0.498047 0.062500 0.496094 0.064453 0.496094 0.066406 0.494141 0.068359 0.494141 0.078125 0.496094 0.080078 0.496094 0.082031 0.498047 0.083984 0.498047 0.085938 0.500000 0.087891 0.501953 0.087891 0.503906 0.089844 0.507812 0.089844 0.509766 0.087891 0.511719 0.087891 0.513672 0.085938 0.513672 0.083984 0.515625 0.082031 0.515625 0.078125 0.517578 0.076172 0.517578 0.070312 0.515625 0.068359 0.515625 0.064453 0.513672 0.062500 0.513672 0.060547 0.511719 0.058594 0.509766 0.058594 0.507812 0.056641
0 0.582031 0.042969 0.578125 0.046875 0.578125 0.048828 0.576172 0.050781 0.576172 0.052734 0.574219 0.054688 0.574219 0.066406 0.576172 0.068359 0.576172 0.072266 0.583984 0.080078 0.589844 0.080078 0.597656 0.072266 0.597656 0.068359 0.599609 0.066406 0.599609 0.054688 0.597656 0.052734 0.597656 0.050781 0.595703 0.048828 0.595703 0.046875 0.591797 0.042969
0 0.156250 0.027344 0.150391 0.033203 0.150391 0.035156 0.148438 0.037109 0.148438 0.050781 0.150391 0.052734 0.150391 0.056641 0.156250 0.062500 0.162109 0.062500 0.164062 0.060547 0.166016 0.060547 0.167969 0.058594 0.167969 0.054688 0.169922 0.052734 0.169922 0.035156 0.167969 0.033203 0.167969 0.031250 0.166016 0.029297 0.164062 0.029297 0.162109 0.027344