0 0.816406 0.869141 0.814453 0.871094 0.814453 0.875000 0.816406 0.876953 0.818359 0.876953 0.820312 0.878906 0.830078 0.878906 0.832031 0.876953 0.833984 0.876953 0.835938 0.875000 0.835938 0.871094 0.833984 0.871094 0.832031 0.869141
0 0.164062 0.761719 0.162109 0.763672 0.160156 0.763672 0.158203 0.765625 0.156250 0.765625 0.154297 0.767578 0.152344 0.767578 0.150391 0.769531 0.150391 0.771484 0.148438 0.773438 0.148438 0.781250 0.150391 0.783203 0.150391 0.785156 0.152344 0.787109 0.154297 0.787109 0.156250 0.789062 0.158203 0.789062 0.160156 0.791016 0.162109 0.791016 0.164062 0.792969 0.179688 0.792969 0.181641 0.791016 0.183594 0.791016 0.185547 0.789062 0.187500 0.789062 0.189453 0.787109 0.191406 0.787109 0.191406 0.785156 0.195312 0.781250 0.195312 0.773438 0.191406 0.769531 0.191406 0.767578 0.189453 0.767578 0.187500 0.765625 0.185547 0.765625 0.183594 0.763672 0.181641 0.763672 0.179688 0.761719
0 0.892578 0.738281 0.890625 0.740234 0.888672 0.740234 0.888672 0.742188 0.886719 0.744141 0.886719 0.750000 0.890625 0.753906 0.894531 0.753906 0.896484 0.755859 0.904297 0.755859 0.906250 0.753906 0.908203 0.753906 0.912109 0.750000 0.912109 0.742188 0.908203 0.738281
0 0.357422 0.705078 0.353516 0.708984 0.351562 0.708984 0.345703 0.714844 0.345703 0.716797 0.343750 0.718750 0.343750 0.732422 0.345703 0.734375 0.345703 0.736328 0.347656 0.738281 0.347656 0.740234 0.349609 0.740234 0.353516 0.744141 0.355469 0.744141 0.357422 0.746094 0.365234 0.746094 0.367188 0.744141 0.371094 0.744141 0.375000 0.740234 0.376953 0.740234 0.376953 0.738281 0.378906 0.736328 0.378906 0.734375 0.380859 0.732422 0.380859 0.718750 0.378906 0.716797 0.378906 0.714844 0.373047 0.708984 0.371094 0.708984 0.369141 0.707031 0.367188 0.707031 0.365234 0.705078
0 0.000000 0.652344 0.000000 0.683594 0.001953 0.681641 0.003906 0.681641 0.005859 0.679688 0.005859 0.677734 0.009766 0.673828 0.009766 0.662109 0.005859 0.658203 0.005859 0.656250 0.003906 0.654297 0.001953 0.654297
0 0.933594 0.626953 0.931641 0.628906 0.929688 0.628906 0.925781 0.632812 0.925781 0.638672 0.929688 0.642578 0.931641 0.642578 0.933594 0.644531 0.945312 0.644531 0.947266 0.642578 0.949219 0.642578 0.953125 0.638672 0.953125 0.630859 0.951172 0.630859 0.947266 0.626953
0 0.523438 0.625000 0.521484 0.626953 0.515625 0.626953 0.513672 0.628906 0.509766 0.628906 0.505859 0.632812 0.503906 0.632812 0.496094 0.640625 0.496094 0.642578 0.494141 0.644531 0.494141 0.648438 0.492188 0.650391 0.492188 0.666016 0.494141 0.667969 0.494141 0.669922 0.496094 0.671875 0.496094 0.673828 0.505859 0.683594 0.509766 0.683594 0.511719 0.685547 0.515625 0.685547 0.517578 0.687500 0.535156 0.687500 0.537109 0.685547 0.541016 0.685547 0.542969 0.683594 0.544922 0.683594 0.558594 0.669922 0.558594 0.666016 0.560547 0.664062 0.560547 0.650391 0.558594 0.648438 0.558594 0.644531 0.556641 0.642578 0.556641 0.640625 0.548828 0.632812 0.546875 0.632812 0.542969 0.628906 0.539062 0.628906 0.537109 0.626953 0.531250 0.626953 0.529297 0.625000
0 0.294922 0.609375 0.292969 0.611328 0.291016 0.611328 0.281250 0.621094 0.281250 0.625000 0.279297 0.626953 0.279297 0.630859 0.277344 0.632812 0.277344 0.646484 0.279297 0.648438 0.279297 0.652344 0.281250 0.654297 0.281250 0.658203 0.291016 0.667969 0.292969 0.667969 0.294922 0.669922 0.298828 0.669922 0.300781 0.671875 0.304688 0.671875 0.306641 0.669922 0.310547 0.669922 0.312500 0.667969 0.314453 0.667969 0.324219 0.658203 0.324219 0.654297 0.326172 0.652344 0.326172 0.648438 0.328125 0.646484 0.328125 0.632812 0.326172 0.630859 0.326172 0.626953 0.324219 0.625000 0.324219 0.621094 0.314453 0.611328 0.312500 0.611328 0.310547 0.609375
0 0.166016 0.546875 0.164062 0.548828 0.162109 0.548828 0.156250 0.554688 0.154297 0.554688 0.154297 0.556641 0.152344 0.558594 0.152344 0.562500 0.150391 0.564453 0.152344 0.566406 0.152344 0.570312 0.154297 0.572266 0.154297 0.574219 0.158203 0.578125 0.160156 0.578125 0.164062 0.582031 0.169922 0.582031 0.171875 0.583984 0.183594 0.583984 0.185547 0.582031 0.191406 0.582031 0.195312 0.578125 0.197266 0.578125 0.201172 0.574219 0.201172 0.572266 0.203125 0.570312 0.203125 0.568359 0.205078 0.566406 0.205078 0.562500 0.203125 0.560547 0.203125 0.558594 0.201172 0.556641 0.201172 0.554688 0.199219 0.554688 0.193359 0.548828 0.191406 0.548828 0.189453 0.546875
0 0.802734 0.500000 0.800781 0.501953 0.798828 0.501953 0.798828 0.503906 0.796875 0.505859 0.796875 0.507812 0.800781 0.511719 0.812500 0.511719 0.816406 0.507812 0.816406 0.505859 0.814453 0.503906 0.814453 0.501953 0.812500 0.501953 0.810547 0.500000
0 0.384766 0.482422 0.382812 0.484375 0.378906 0.484375 0.373047 0.490234 0.371094 0.490234 0.371094 0.492188 0.369141 0.494141 0.369141 0.498047 0.367188 0.500000 0.367188 0.507812 0.369141 0.509766 0.369141 0.513672 0.371094 0.515625 0.371094 0.517578 0.373047 0.517578 0.376953 0.521484 0.378906 0.521484 0.380859 0.523438 0.382812 0.523438 0.384766 0.525391 0.402344 0.525391 0.404297 0.523438 0.406250 0.523438 0.410156 0.519531 0.412109 0.519531 0.417969 0.513672 0.417969 0.509766 0.419922 0.507812 0.419922 0.500000 0.417969 0.498047 0.417969 0.494141 0.410156 0.486328 0.408203 0.486328 0.406250 0.484375 0.404297 0.484375 0.402344 0.482422
0 0.906250 0.474609 0.904297 0.476562 0.904297 0.478516 0.902344 0.480469 0.902344 0.484375 0.904297 0.486328 0.904297 0.488281 0.906250 0.490234 0.914062 0.490234 0.917969 0.486328 0.917969 0.478516 0.914062 0.474609
0 0.195312 0.414062 0.193359 0.416016 0.187500 0.416016 0.185547 0.417969 0.181641 0.417969 0.179688 0.419922 0.177734 0.419922 0.167969 0.429688 0.167969 0.433594 0.166016 0.435547 0.166016 0.437500 0.167969 0.439453 0.167969 0.443359 0.169922 0.445312 0.169922 0.447266 0.171875 0.447266 0.175781 0.451172 0.177734 0.451172 0.181641 0.455078 0.183594 0.455078 0.185547 0.457031 0.189453 0.457031 0.191406 0.458984 0.205078 0.458984 0.207031 0.460938 0.212891 0.460938 0.214844 0.458984 0.224609 0.458984 0.226562 0.457031 0.232422 0.457031 0.236328 0.453125 0.240234 0.453125 0.244141 0.449219 0.246094 0.449219 0.246094 0.447266 0.250000 0.443359 0.250000 0.441406 0.251953 0.439453 0.251953 0.435547 0.250000 0.433594 0.250000 0.429688 0.242188 0.421875 0.240234 0.421875 0.236328 0.417969 0.234375 0.417969 0.232422 0.416016 0.226562 0.416016 0.224609 0.414062
0 0.439453 0.359375 0.437500 0.361328 0.429688 0.361328 0.427734 0.363281 0.425781 0.363281 0.423828 0.365234 0.419922 0.365234 0.412109 0.373047 0.412109 0.375000 0.410156 0.376953 0.410156 0.382812 0.412109 0.384766 0.412109 0.386719 0.414062 0.388672 0.414062 0.390625 0.416016 0.392578 0.417969 0.392578 0.421875 0.396484 0.425781 0.396484 0.427734 0.398438 0.431641 0.398438 0.433594 0.400391 0.455078 0.400391 0.457031 0.398438 0.458984 0.398438 0.460938 0.396484 0.464844 0.396484 0.470703 0.390625 0.472656 0.390625 0.474609 0.388672 0.474609 0.384766 0.476562 0.382812 0.476562 0.376953 0.474609 0.375000 0.474609 0.373047 0.468750 0.367188 0.466797 0.367188 0.462891 0.363281 0.460938 0.363281 0.458984 0.361328 0.449219 0.361328 0.447266 0.359375
0 0.726562 0.351562 0.724609 0.353516 0.722656 0.353516 0.718750 0.357422 0.718750 0.361328 0.722656 0.365234 0.724609 0.365234 0.726562 0.367188 0.742188 0.367188 0.746094 0.363281 0.748047 0.363281 0.748047 0.355469 0.746094 0.355469 0.742188 0.351562
0 0.808594 0.267578 0.802734 0.273438 0.802734 0.287109 0.808594 0.292969 0.818359 0.292969 0.824219 0.287109 0.824219 0.285156 0.826172 0.283203 0.826172 0.277344 0.824219 0.275391 0.824219 0.273438 0.818359 0.267578
0 0.871094 0.255859 0.867188 0.259766 0.867188 0.261719 0.865234 0.263672 0.865234 0.275391 0.867188 0.277344 0.867188 0.279297 0.869141 0.281250 0.871094 0.281250 0.873047 0.283203 0.878906 0.283203 0.880859 0.281250 0.882812 0.281250 0.884766 0.279297 0.884766 0.277344 0.886719 0.275391 0.886719 0.263672 0.884766 0.261719 0.884766 0.259766 0.880859 0.255859
0 0.974609 0.242188 0.972656 0.244141 0.970703 0.244141 0.968750 0.246094 0.968750 0.248047 0.966797 0.250000 0.968750 0.251953 0.968750 0.253906 0.972656 0.257812 0.986328 0.257812 0.988281 0.255859 0.990234 0.255859 0.990234 0.253906 0.992188 0.251953 0.992188 0.248047 0.988281 0.244141 0.986328 0.244141 0.984375 0.242188
0 0.492188 0.242188 0.490234 0.244141 0.484375 0.244141 0.482422 0.246094 0.478516 0.246094 0.472656 0.251953 0.472656 0.253906 0.470703 0.255859 0.470703 0.257812 0.468750 0.259766 0.468750 0.267578 0.470703 0.269531 0.470703 0.271484 0.472656 0.273438 0.472656 0.275391 0.476562 0.279297 0.480469 0.279297 0.482422 0.281250 0.484375 0.281250 0.486328 0.283203 0.503906 0.283203 0.505859 0.281250 0.507812 0.281250 0.509766 0.279297 0.513672 0.279297 0.515625 0.277344 0.515625 0.275391 0.519531 0.271484 0.519531 0.269531 0.521484 0.267578 0.521484 0.259766 0.519531 0.257812 0.519531 0.255859 0.515625 0.251953 0.515625 0.250000 0.511719 0.246094 0.507812 0.246094 0.505859 0.244141 0.500000 0.244141 0.498047 0.242188
0 0.173828 0.242188 0.171875 0.244141 0.169922 0.244141 0.166016 0.248047 0.164062 0.248047 0.162109 0.250000 0.162109 0.251953 0.160156 0.253906 0.160156 0.255859 0.158203 0.257812 0.160156 0.259766 0.160156 0.263672 0.162109 0.265625 0.162109 0.267578 0.164062 0.269531 0.166016 0.269531 0.169922 0.273438 0.173828 0.273438 0.175781 0.275391 0.191406 0.275391 0.193359 0.273438 0.199219 0.273438 0.203125 0.269531 0.205078 0.269531 0.205078 0.267578 0.207031 0.265625 0.207031 0.263672 0.208984 0.261719 0.208984 0.255859 0.207031 0.253906 0.207031 0.251953 0.205078 0.250000 0.205078 0.248047 0.203125 0.248047 0.199219 0.244141 0.197266 0.244141 0.195312 0.242188
0 0.937500 0.171875 0.935547 0.173828 0.933594 0.173828 0.933594 0.175781 0.931641 0.177734 0.931641 0.181641 0.937500 0.187500 0.947266 0.187500 0.949219 0.185547 0.951172 0.185547 0.953125 0.183594 0.953125 0.175781 0.949219 0.171875
0 0.474609 0.072266 0.472656 0.074219 0.470703 0.074219 0.468750 0.076172 0.466797 0.076172 0.466797 0.078125 0.464844 0.080078 0.464844 0.082031 0.462891 0.083984 0.462891 0.085938 0.464844 0.087891 0.464844 0.091797 0.468750 0.095703 0.472656 0.095703 0.474609 0.097656 0.478516 0.097656 0.480469 0.095703 0.484375 0.095703 0.488281 0.091797 0.488281 0.089844 0.490234 0.087891 0.490234 0.082031 0.486328 0.078125 0.486328 0.076172 0.484375 0.076172 0.482422 0.074219 0.480469 0.074219 0.478516 0.072266
0 0.330078 0.062500 0.328125 0.064453 0.326172 0.064453 0.326172 0.066406 0.324219 0.068359 0.324219 0.072266 0.326172 0.074219 0.326172 0.076172 0.328125 0.076172 0.330078 0.078125 0.337891 0.078125 0.341797 0.074219 0.341797 0.066406 0.337891 0.062500
0 0.912109 0.017578 0.910156 0.019531 0.908203 0.019531 0.904297 0.023438 0.904297 0.025391 0.902344 0.027344 0.902344 0.031250 0.900391 0.033203 0.900391 0.041016 0.902344 0.042969 0.902344 0.044922 0.904297 0.046875 0.904297 0.048828 0.910156 0.054688 0.923828 0.054688 0.923828 0.052734 0.925781 0.050781 0.927734 0.050781 0.927734 0.048828 0.931641 0.044922 0.931641 0.041016 0.933594 0.039062 0.933594 0.035156 0.931641 0.033203 0.931641 0.029297 0.929688 0.027344 0.929688 0.025391 0.927734 0.023438 0.927734 0.021484 0.925781 0.021484 0.921875 0.017578
0 0.699219 0.009766 0.697266 0.011719 0.695312 0.011719 0.693359 0.013672 0.691406 0.013672 0.691406 0.015625 0.689453 0.017578 0.689453 0.027344 0.695312 0.033203 0.708984 0.033203 0.710938 0.031250 0.712891 0.031250 0.714844 0.029297 0.714844 0.027344 0.716797 0.025391 0.716797 0.017578 0.710938 0.011719 0.707031 0.011719 0.705078 0.009766
0 0.013672 0.000000 0.013672 0.001953 0.011719 0.003906 0.011719 0.015625 0.013672 0.017578 0.013672 0.019531 0.015625 0.019531 0.017578 0.021484 0.027344 0.021484 0.033203 0.015625 0.033203 0.005859 0.031250 0.003906 0.031250 0.001953 0.029297 0.000000