0 0.548828 0.398438 0.544922 0.402344 0.544922 0.410156 0.546875 0.412109 0.554688 0.412109 0.554688 0.410156 0.556641 0.408203 0.556641 0.402344 0.552734 0.398438
0 0.500000 0.392578 0.498047 0.394531 0.496094 0.394531 0.496094 0.400391 0.498047 0.400391 0.500000 0.402344 0.519531 0.402344 0.521484 0.400391 0.521484 0.394531 0.519531 0.394531 0.517578 0.392578
0 0.462891 0.390625 0.460938 0.392578 0.460938 0.398438 0.462891 0.398438 0.464844 0.400391 0.474609 0.400391 0.476562 0.398438 0.478516 0.398438 0.478516 0.392578 0.476562 0.390625
0 0.300781 0.365234 0.298828 0.367188 0.298828 0.373047 0.300781 0.375000 0.308594 0.375000 0.310547 0.373047 0.310547 0.367188 0.308594 0.365234
0 0.490234 0.263672 0.488281 0.265625 0.488281 0.269531 0.486328 0.271484 0.486328 0.275391 0.488281 0.277344 0.488281 0.279297 0.490234 0.281250 0.496094 0.281250 0.498047 0.279297 0.498047 0.277344 0.500000 0.275391 0.500000 0.269531 0.498047 0.267578 0.498047 0.265625 0.496094 0.263672
0 0.542969 0.246094 0.541016 0.248047 0.537109 0.248047 0.537109 0.255859 0.539062 0.255859 0.541016 0.257812 0.550781 0.257812 0.554688 0.253906 0.554688 0.250000 0.552734 0.248047 0.550781 0.248047 0.548828 0.246094
0 0.345703 0.193359 0.343750 0.195312 0.343750 0.197266 0.341797 0.199219 0.345703 0.203125 0.351562 0.203125 0.353516 0.205078 0.355469 0.203125 0.361328 0.203125 0.363281 0.201172 0.363281 0.195312 0.361328 0.195312 0.359375 0.193359
0 0.310547 0.191406 0.308594 0.193359 0.306641 0.193359 0.304688 0.195312 0.304688 0.197266 0.306641 0.199219 0.312500 0.199219 0.314453 0.201172 0.322266 0.201172 0.324219 0.199219 0.328125 0.199219 0.330078 0.197266 0.330078 0.193359 0.326172 0.193359 0.324219 0.191406
0 0.562500 0.189453 0.560547 0.191406 0.556641 0.191406 0.554688 0.193359 0.554688 0.201172 0.556641 0.203125 0.566406 0.203125 0.568359 0.201172 0.570312 0.201172 0.570312 0.193359 0.568359 0.191406 0.564453 0.191406
0 0.371094 0.160156 0.369141 0.162109 0.367188 0.162109 0.365234 0.164062 0.365234 0.169922 0.367188 0.169922 0.369141 0.171875 0.375000 0.171875 0.378906 0.167969 0.378906 0.164062 0.376953 0.162109 0.373047 0.162109
0 0.328125 0.142578 0.326172 0.144531 0.326172 0.150391 0.328125 0.152344 0.332031 0.152344 0.335938 0.148438 0.335938 0.144531 0.333984 0.144531 0.332031 0.142578
0 0.386719 0.017578 0.384766 0.019531 0.384766 0.025391 0.386719 0.025391 0.388672 0.027344 0.396484 0.027344 0.400391 0.023438 0.400391 0.021484 0.396484 0.017578