0 0.265625 0.974609 0.263672 0.976562 0.263672 0.978516 0.261719 0.980469 0.263672 0.982422 0.263672 0.984375 0.265625 0.986328 0.267578 0.986328 0.269531 0.988281 0.271484 0.986328 0.273438 0.986328 0.275391 0.984375 0.275391 0.976562 0.273438 0.974609
0 0.169922 0.953125 0.166016 0.957031 0.166016 0.958984 0.169922 0.962891 0.173828 0.962891 0.177734 0.958984 0.177734 0.957031 0.175781 0.955078 0.175781 0.953125
0 0.291016 0.888672 0.287109 0.892578 0.287109 0.900391 0.289062 0.902344 0.289062 0.904297 0.298828 0.904297 0.300781 0.902344 0.300781 0.900391 0.302734 0.898438 0.302734 0.894531 0.300781 0.892578 0.300781 0.890625 0.298828 0.888672
0 0.703125 0.515625 0.701172 0.517578 0.699219 0.517578 0.699219 0.527344 0.701172 0.527344 0.703125 0.529297 0.710938 0.529297 0.712891 0.527344 0.714844 0.527344 0.716797 0.525391 0.716797 0.519531 0.714844 0.517578 0.712891 0.517578 0.710938 0.515625
0 0.347656 0.513672 0.345703 0.515625 0.341797 0.515625 0.339844 0.517578 0.339844 0.519531 0.337891 0.521484 0.337891 0.529297 0.339844 0.531250 0.339844 0.533203 0.341797 0.535156 0.345703 0.535156 0.347656 0.537109 0.351562 0.537109 0.353516 0.535156 0.355469 0.535156 0.361328 0.529297 0.361328 0.521484 0.355469 0.515625 0.353516 0.515625 0.351562 0.513672
0 0.482422 0.476562 0.480469 0.478516 0.478516 0.478516 0.476562 0.480469 0.474609 0.480469 0.474609 0.482422 0.472656 0.484375 0.472656 0.488281 0.474609 0.490234 0.474609 0.492188 0.476562 0.492188 0.478516 0.494141 0.480469 0.494141 0.482422 0.496094 0.492188 0.496094 0.494141 0.494141 0.496094 0.494141 0.498047 0.492188 0.500000 0.492188 0.500000 0.490234 0.501953 0.488281 0.501953 0.484375 0.500000 0.482422 0.500000 0.480469 0.498047 0.480469 0.496094 0.478516 0.494141 0.478516 0.492188 0.476562
0 0.833984 0.470703 0.830078 0.474609 0.830078 0.476562 0.828125 0.478516 0.828125 0.488281 0.830078 0.490234 0.830078 0.492188 0.832031 0.494141 0.833984 0.494141 0.835938 0.496094 0.839844 0.496094 0.845703 0.490234 0.845703 0.486328 0.847656 0.484375 0.847656 0.482422 0.845703 0.480469 0.845703 0.476562 0.843750 0.474609 0.843750 0.472656 0.841797 0.470703
0 0.765625 0.468750 0.761719 0.472656 0.761719 0.486328 0.765625 0.490234 0.769531 0.490234 0.771484 0.488281 0.771484 0.486328 0.773438 0.484375 0.773438 0.474609 0.771484 0.472656 0.771484 0.470703 0.769531 0.468750
0 0.337891 0.423828 0.333984 0.427734 0.333984 0.437500 0.335938 0.439453 0.343750 0.439453 0.343750 0.437500 0.345703 0.435547 0.345703 0.429688 0.343750 0.427734 0.343750 0.425781 0.341797 0.423828
0 0.224609 0.324219 0.220703 0.328125 0.220703 0.330078 0.218750 0.332031 0.218750 0.339844 0.220703 0.341797 0.220703 0.343750 0.222656 0.345703 0.224609 0.345703 0.226562 0.347656 0.228516 0.347656 0.230469 0.345703 0.232422 0.345703 0.234375 0.343750 0.234375 0.341797 0.236328 0.339844 0.236328 0.332031 0.234375 0.330078 0.234375 0.328125 0.230469 0.324219
0 0.691406 0.308594 0.689453 0.310547 0.685547 0.310547 0.677734 0.318359 0.677734 0.324219 0.675781 0.326172 0.675781 0.330078 0.677734 0.332031 0.677734 0.337891 0.679688 0.339844 0.679688 0.341797 0.681641 0.341797 0.685547 0.345703 0.687500 0.345703 0.689453 0.347656 0.693359 0.347656 0.695312 0.345703 0.699219 0.345703 0.705078 0.339844 0.705078 0.337891 0.707031 0.335938 0.707031 0.320312 0.705078 0.318359 0.705078 0.316406 0.699219 0.310547 0.693359 0.310547
0 0.574219 0.289062 0.574219 0.291016 0.572266 0.292969 0.572266 0.308594 0.574219 0.310547 0.578125 0.310547 0.580078 0.308594 0.580078 0.304688 0.582031 0.302734 0.582031 0.296875 0.580078 0.294922 0.580078 0.291016 0.578125 0.289062
0 0.583984 0.228516 0.582031 0.230469 0.580078 0.230469 0.578125 0.232422 0.578125 0.234375 0.576172 0.236328 0.576172 0.244141 0.578125 0.246094 0.578125 0.248047 0.582031 0.251953 0.585938 0.251953 0.587891 0.250000 0.589844 0.250000 0.589844 0.248047 0.591797 0.246094 0.591797 0.234375 0.589844 0.232422 0.589844 0.230469 0.587891 0.230469 0.585938 0.228516