0 0.839844 0.994141 0.837891 0.996094 0.835938 0.996094 0.833984 0.998047 0.863281 0.998047 0.861328 0.996094 0.857422 0.996094 0.855469 0.994141
0 0.472656 0.828125 0.470703 0.830078 0.468750 0.830078 0.464844 0.833984 0.464844 0.841797 0.468750 0.845703 0.470703 0.845703 0.472656 0.847656 0.484375 0.847656 0.488281 0.843750 0.490234 0.843750 0.490234 0.841797 0.492188 0.839844 0.492188 0.835938 0.490234 0.833984 0.490234 0.832031 0.488281 0.832031 0.484375 0.828125
0 0.636719 0.812500 0.634766 0.814453 0.632812 0.814453 0.628906 0.818359 0.628906 0.820312 0.626953 0.822266 0.626953 0.824219 0.625000 0.826172 0.625000 0.833984 0.626953 0.835938 0.626953 0.839844 0.634766 0.847656 0.644531 0.847656 0.650391 0.841797 0.650391 0.839844 0.652344 0.837891 0.652344 0.824219 0.650391 0.822266 0.650391 0.818359 0.648438 0.818359 0.646484 0.816406 0.646484 0.814453 0.644531 0.814453 0.642578 0.812500
0 0.808594 0.746094 0.804688 0.750000 0.804688 0.751953 0.802734 0.753906 0.802734 0.757812 0.800781 0.759766 0.800781 0.779297 0.802734 0.781250 0.802734 0.785156 0.804688 0.787109 0.804688 0.789062 0.808594 0.792969 0.814453 0.792969 0.820312 0.787109 0.820312 0.783203 0.822266 0.781250 0.822266 0.757812 0.820312 0.755859 0.820312 0.751953 0.818359 0.750000 0.818359 0.748047 0.816406 0.748047 0.814453 0.746094
0 0.390625 0.662109 0.384766 0.667969 0.384766 0.673828 0.382812 0.675781 0.382812 0.689453 0.384766 0.691406 0.384766 0.697266 0.388672 0.701172 0.388672 0.703125 0.390625 0.703125 0.392578 0.705078 0.394531 0.703125 0.396484 0.703125 0.400391 0.699219 0.400391 0.695312 0.402344 0.693359 0.402344 0.671875 0.400391 0.669922 0.400391 0.667969 0.398438 0.666016 0.398438 0.664062 0.396484 0.662109
0 0.488281 0.611328 0.486328 0.613281 0.484375 0.613281 0.478516 0.619141 0.478516 0.626953 0.484375 0.632812 0.488281 0.632812 0.490234 0.634766 0.505859 0.634766 0.507812 0.632812 0.511719 0.632812 0.517578 0.626953 0.517578 0.619141 0.511719 0.613281 0.509766 0.613281 0.507812 0.611328
0 0.794922 0.603516 0.792969 0.605469 0.789062 0.605469 0.787109 0.607422 0.787109 0.609375 0.783203 0.613281 0.783203 0.626953 0.785156 0.628906 0.785156 0.630859 0.791016 0.636719 0.798828 0.636719 0.800781 0.634766 0.802734 0.634766 0.806641 0.630859 0.806641 0.625000 0.808594 0.623047 0.808594 0.617188 0.806641 0.615234 0.806641 0.611328 0.804688 0.609375 0.804688 0.607422 0.802734 0.605469 0.798828 0.605469 0.796875 0.603516
0 0.484375 0.451172 0.482422 0.453125 0.480469 0.453125 0.480469 0.455078 0.474609 0.460938 0.474609 0.462891 0.472656 0.464844 0.472656 0.472656 0.474609 0.474609 0.474609 0.476562 0.476562 0.478516 0.476562 0.480469 0.482422 0.486328 0.486328 0.486328 0.488281 0.488281 0.498047 0.488281 0.500000 0.486328 0.503906 0.486328 0.503906 0.484375 0.505859 0.482422 0.507812 0.482422 0.509766 0.480469 0.509766 0.478516 0.511719 0.476562 0.511719 0.472656 0.513672 0.470703 0.513672 0.466797 0.511719 0.464844 0.511719 0.460938 0.501953 0.451172
0 0.646484 0.419922 0.644531 0.421875 0.642578 0.421875 0.638672 0.425781 0.636719 0.425781 0.636719 0.429688 0.634766 0.431641 0.634766 0.439453 0.636719 0.441406 0.636719 0.443359 0.642578 0.449219 0.646484 0.449219 0.648438 0.451172 0.652344 0.451172 0.654297 0.449219 0.658203 0.449219 0.660156 0.447266 0.662109 0.447266 0.662109 0.445312 0.666016 0.441406 0.666016 0.429688 0.664062 0.427734 0.664062 0.425781 0.662109 0.423828 0.660156 0.423828 0.658203 0.421875 0.656250 0.421875 0.654297 0.419922
0 0.845703 0.337891 0.841797 0.341797 0.839844 0.341797 0.839844 0.343750 0.837891 0.345703 0.837891 0.347656 0.835938 0.349609 0.835938 0.353516 0.833984 0.355469 0.833984 0.365234 0.835938 0.367188 0.835938 0.371094 0.837891 0.373047 0.837891 0.375000 0.839844 0.376953 0.839844 0.378906 0.841797 0.380859 0.843750 0.380859 0.845703 0.382812 0.851562 0.382812 0.853516 0.380859 0.857422 0.380859 0.857422 0.378906 0.861328 0.375000 0.861328 0.373047 0.863281 0.371094 0.863281 0.365234 0.865234 0.363281 0.865234 0.357422 0.863281 0.355469 0.863281 0.349609 0.861328 0.347656 0.861328 0.345703 0.855469 0.339844 0.853516 0.339844 0.851562 0.337891
0 0.507812 0.310547 0.505859 0.312500 0.503906 0.312500 0.501953 0.314453 0.500000 0.314453 0.500000 0.316406 0.496094 0.320312 0.496094 0.330078 0.500000 0.333984 0.500000 0.335938 0.501953 0.335938 0.505859 0.339844 0.521484 0.339844 0.523438 0.337891 0.525391 0.337891 0.531250 0.332031 0.531250 0.330078 0.533203 0.328125 0.533203 0.322266 0.531250 0.320312 0.531250 0.318359 0.525391 0.312500 0.521484 0.312500 0.519531 0.310547
0 0.621094 0.259766 0.619141 0.261719 0.617188 0.261719 0.609375 0.269531 0.609375 0.281250 0.617188 0.289062 0.619141 0.289062 0.621094 0.291016 0.636719 0.291016 0.638672 0.289062 0.640625 0.289062 0.642578 0.287109 0.644531 0.287109 0.646484 0.285156 0.646484 0.283203 0.648438 0.281250 0.648438 0.269531 0.646484 0.267578 0.646484 0.265625 0.644531 0.263672 0.642578 0.263672 0.640625 0.261719 0.638672 0.261719 0.636719 0.259766
0 0.861328 0.234375 0.855469 0.240234 0.855469 0.242188 0.853516 0.244141 0.853516 0.248047 0.851562 0.250000 0.851562 0.259766 0.853516 0.261719 0.853516 0.265625 0.855469 0.267578 0.855469 0.269531 0.857422 0.271484 0.857422 0.273438 0.859375 0.273438 0.861328 0.275391 0.863281 0.275391 0.865234 0.277344 0.869141 0.277344 0.871094 0.275391 0.873047 0.275391 0.878906 0.269531 0.878906 0.265625 0.880859 0.263672 0.880859 0.257812 0.882812 0.255859 0.880859 0.253906 0.880859 0.246094 0.878906 0.244141 0.878906 0.240234 0.876953 0.240234 0.875000 0.238281 0.875000 0.236328 0.873047 0.236328 0.871094 0.234375
0 0.447266 0.048828 0.445312 0.050781 0.443359 0.050781 0.437500 0.056641 0.437500 0.070312 0.439453 0.072266 0.439453 0.074219 0.443359 0.078125 0.445312 0.078125 0.447266 0.080078 0.458984 0.080078 0.460938 0.078125 0.462891 0.078125 0.466797 0.074219 0.466797 0.072266 0.468750 0.070312 0.468750 0.056641 0.462891 0.050781 0.460938 0.050781 0.458984 0.048828
0 0.634766 0.015625 0.632812 0.017578 0.630859 0.017578 0.626953 0.021484 0.626953 0.025391 0.628906 0.027344 0.630859 0.027344 0.632812 0.029297 0.640625 0.029297 0.642578 0.031250 0.646484 0.031250 0.648438 0.029297 0.656250 0.029297 0.658203 0.027344 0.660156 0.027344 0.662109 0.025391 0.662109 0.021484 0.658203 0.017578 0.654297 0.017578 0.652344 0.015625
0 0.839844 0.000000 0.839844 0.001953 0.841797 0.001953 0.843750 0.003906 0.845703 0.003906 0.847656 0.005859 0.863281 0.005859 0.865234 0.003906 0.867188 0.003906 0.869141 0.001953 0.871094 0.001953 0.871094 0.000000