0 0.417969 0.419922 0.416016 0.421875 0.416016 0.427734 0.417969 0.429688 0.427734 0.429688 0.429688 0.427734 0.429688 0.421875 0.427734 0.419922
0 0.308594 0.375000 0.304688 0.378906 0.304688 0.384766 0.308594 0.388672 0.312500 0.388672 0.316406 0.384766 0.316406 0.378906 0.312500 0.375000
0 0.462891 0.337891 0.457031 0.343750 0.457031 0.353516 0.462891 0.359375 0.472656 0.359375 0.474609 0.357422 0.476562 0.357422 0.478516 0.355469 0.478516 0.353516 0.480469 0.351562 0.480469 0.345703 0.478516 0.343750 0.478516 0.341797 0.476562 0.339844 0.474609 0.339844 0.472656 0.337891
0 0.152344 0.326172 0.146484 0.332031 0.146484 0.337891 0.148438 0.339844 0.148438 0.341797 0.150391 0.341797 0.152344 0.343750 0.160156 0.343750 0.162109 0.341797 0.164062 0.341797 0.166016 0.339844 0.166016 0.330078 0.164062 0.328125 0.162109 0.328125 0.160156 0.326172
0 0.207031 0.263672 0.199219 0.271484 0.199219 0.281250 0.207031 0.289062 0.214844 0.289062 0.216797 0.287109 0.218750 0.287109 0.222656 0.283203 0.222656 0.281250 0.224609 0.279297 0.224609 0.273438 0.222656 0.271484 0.222656 0.269531 0.218750 0.265625 0.216797 0.265625 0.214844 0.263672
0 0.298828 0.246094 0.296875 0.248047 0.296875 0.255859 0.298828 0.257812 0.302734 0.257812 0.306641 0.253906 0.306641 0.250000 0.304688 0.248047 0.304688 0.246094
0 0.931641 0.226562 0.929688 0.228516 0.929688 0.230469 0.927734 0.232422 0.927734 0.244141 0.931641 0.248047 0.937500 0.248047 0.941406 0.244141 0.941406 0.232422 0.939453 0.230469 0.939453 0.228516 0.937500 0.226562
0 0.441406 0.218750 0.439453 0.220703 0.437500 0.220703 0.435547 0.222656 0.435547 0.228516 0.439453 0.232422 0.449219 0.232422 0.453125 0.228516 0.453125 0.222656 0.451172 0.220703 0.449219 0.220703 0.447266 0.218750
0 0.968750 0.107422 0.966797 0.109375 0.966797 0.111328 0.964844 0.113281 0.964844 0.128906 0.966797 0.130859 0.966797 0.132812 0.968750 0.134766 0.972656 0.134766 0.974609 0.132812 0.974609 0.128906 0.976562 0.126953 0.976562 0.113281 0.974609 0.111328 0.974609 0.109375 0.972656 0.107422
0 0.541016 0.037109 0.537109 0.041016 0.537109 0.054688 0.541016 0.058594 0.546875 0.058594 0.548828 0.056641 0.550781 0.056641 0.550781 0.054688 0.552734 0.052734 0.552734 0.042969 0.550781 0.041016 0.550781 0.039062 0.548828 0.039062 0.546875 0.037109
0 0.964844 0.031250 0.964844 0.033203 0.962891 0.035156 0.962891 0.037109 0.960938 0.039062 0.960938 0.054688 0.962891 0.056641 0.962891 0.058594 0.966797 0.062500 0.972656 0.062500 0.974609 0.060547 0.974609 0.058594 0.976562 0.056641 0.976562 0.054688 0.978516 0.052734 0.978516 0.041016 0.976562 0.039062 0.976562 0.035156 0.972656 0.031250