0 0.115234 0.947266 0.113281 0.949219 0.111328 0.949219 0.109375 0.951172 0.109375 0.962891 0.111328 0.964844 0.121094 0.964844 0.123047 0.962891 0.123047 0.960938 0.125000 0.958984 0.125000 0.955078 0.123047 0.953125 0.123047 0.951172 0.121094 0.949219 0.119141 0.949219 0.117188 0.947266
0 0.185547 0.914062 0.183594 0.916016 0.181641 0.916016 0.181641 0.917969 0.177734 0.921875 0.177734 0.931641 0.183594 0.937500 0.185547 0.937500 0.187500 0.939453 0.195312 0.939453 0.197266 0.937500 0.199219 0.937500 0.203125 0.933594 0.203125 0.931641 0.205078 0.929688 0.205078 0.923828 0.203125 0.921875 0.203125 0.919922 0.197266 0.914062
0 0.109375 0.908203 0.103516 0.914062 0.103516 0.919922 0.109375 0.925781 0.121094 0.925781 0.123047 0.923828 0.125000 0.923828 0.126953 0.921875 0.126953 0.912109 0.123047 0.908203
0 0.359375 0.863281 0.355469 0.867188 0.355469 0.869141 0.353516 0.871094 0.353516 0.882812 0.355469 0.884766 0.355469 0.886719 0.359375 0.890625 0.367188 0.890625 0.369141 0.888672 0.369141 0.886719 0.371094 0.884766 0.371094 0.880859 0.373047 0.878906 0.373047 0.873047 0.371094 0.871094 0.371094 0.869141 0.369141 0.867188 0.369141 0.865234 0.367188 0.863281
0 0.501953 0.830078 0.500000 0.832031 0.500000 0.837891 0.501953 0.839844 0.507812 0.839844 0.509766 0.837891 0.509766 0.833984 0.505859 0.830078
0 0.363281 0.828125 0.361328 0.830078 0.359375 0.830078 0.355469 0.833984 0.355469 0.835938 0.353516 0.837891 0.353516 0.841797 0.355469 0.843750 0.355469 0.845703 0.361328 0.851562 0.367188 0.851562 0.369141 0.849609 0.371094 0.849609 0.373047 0.847656 0.373047 0.845703 0.375000 0.843750 0.375000 0.835938 0.373047 0.833984 0.373047 0.832031 0.371094 0.830078 0.367188 0.830078 0.365234 0.828125
0 0.494141 0.806641 0.494141 0.808594 0.492188 0.810547 0.496094 0.814453 0.501953 0.814453 0.503906 0.812500 0.505859 0.812500 0.505859 0.808594 0.503906 0.806641
0 0.238281 0.800781 0.236328 0.802734 0.234375 0.802734 0.230469 0.806641 0.230469 0.808594 0.228516 0.810547 0.228516 0.820312 0.230469 0.822266 0.230469 0.824219 0.234375 0.828125 0.242188 0.828125 0.244141 0.826172 0.246094 0.826172 0.248047 0.824219 0.248047 0.820312 0.250000 0.818359 0.250000 0.812500 0.248047 0.810547 0.248047 0.806641 0.244141 0.802734 0.242188 0.802734 0.240234 0.800781
0 0.312500 0.718750 0.310547 0.720703 0.310547 0.724609 0.312500 0.726562 0.322266 0.726562 0.324219 0.724609 0.324219 0.720703 0.322266 0.718750
0 0.341797 0.703125 0.339844 0.705078 0.337891 0.705078 0.333984 0.708984 0.333984 0.716797 0.337891 0.720703 0.339844 0.720703 0.341797 0.722656 0.345703 0.722656 0.347656 0.720703 0.349609 0.720703 0.351562 0.718750 0.351562 0.716797 0.353516 0.714844 0.353516 0.710938 0.351562 0.708984 0.351562 0.707031 0.349609 0.705078 0.345703 0.705078 0.343750 0.703125
0 0.375000 0.531250 0.373047 0.533203 0.371094 0.533203 0.367188 0.537109 0.367188 0.539062 0.373047 0.544922 0.380859 0.544922 0.382812 0.542969 0.384766 0.542969 0.386719 0.541016 0.386719 0.535156 0.384766 0.533203 0.382812 0.533203 0.380859 0.531250
0 0.398438 0.527344 0.394531 0.531250 0.394531 0.533203 0.392578 0.535156 0.394531 0.537109 0.394531 0.539062 0.396484 0.541016 0.398438 0.541016 0.400391 0.542969 0.402344 0.542969 0.404297 0.541016 0.408203 0.541016 0.408203 0.539062 0.410156 0.537109 0.410156 0.531250 0.408203 0.529297 0.406250 0.529297 0.404297 0.527344
0 0.287109 0.480469 0.285156 0.482422 0.283203 0.482422 0.283203 0.484375 0.281250 0.486328 0.281250 0.494141 0.285156 0.498047 0.294922 0.498047 0.294922 0.496094 0.296875 0.494141 0.296875 0.484375 0.294922 0.482422 0.292969 0.482422 0.291016 0.480469
0 0.513672 0.478516 0.511719 0.480469 0.509766 0.480469 0.505859 0.484375 0.503906 0.484375 0.503906 0.486328 0.501953 0.488281 0.501953 0.490234 0.500000 0.492188 0.500000 0.500000 0.501953 0.501953 0.501953 0.505859 0.503906 0.507812 0.503906 0.509766 0.505859 0.509766 0.509766 0.513672 0.513672 0.513672 0.515625 0.515625 0.519531 0.515625 0.521484 0.513672 0.523438 0.513672 0.525391 0.511719 0.527344 0.511719 0.531250 0.507812 0.531250 0.505859 0.533203 0.503906 0.533203 0.500000 0.535156 0.498047 0.535156 0.494141 0.533203 0.492188 0.533203 0.490234 0.531250 0.488281 0.531250 0.486328 0.525391 0.480469 0.523438 0.480469 0.521484 0.478516
0 0.363281 0.455078 0.359375 0.458984 0.359375 0.460938 0.357422 0.462891 0.359375 0.464844 0.359375 0.466797 0.363281 0.470703 0.371094 0.470703 0.373047 0.468750 0.373047 0.466797 0.375000 0.464844 0.375000 0.460938 0.373047 0.458984 0.373047 0.457031 0.371094 0.455078
0 0.546875 0.449219 0.544922 0.451172 0.542969 0.451172 0.541016 0.453125 0.539062 0.453125 0.539062 0.455078 0.537109 0.457031 0.537109 0.462891 0.542969 0.468750 0.546875 0.468750 0.548828 0.470703 0.550781 0.470703 0.552734 0.468750 0.558594 0.468750 0.562500 0.464844 0.562500 0.455078 0.558594 0.451172 0.554688 0.451172 0.552734 0.449219
0 0.496094 0.439453 0.494141 0.441406 0.492188 0.441406 0.490234 0.443359 0.490234 0.445312 0.488281 0.447266 0.488281 0.460938 0.490234 0.462891 0.490234 0.464844 0.492188 0.466797 0.496094 0.466797 0.498047 0.468750 0.500000 0.466797 0.503906 0.466797 0.507812 0.462891 0.507812 0.460938 0.509766 0.458984 0.509766 0.449219 0.507812 0.447266 0.507812 0.445312 0.503906 0.441406 0.501953 0.441406 0.500000 0.439453
0 0.152344 0.326172 0.150391 0.328125 0.144531 0.328125 0.138672 0.333984 0.138672 0.341797 0.144531 0.347656 0.152344 0.347656 0.154297 0.349609 0.156250 0.349609 0.158203 0.347656 0.166016 0.347656 0.171875 0.341797 0.171875 0.333984 0.166016 0.328125 0.160156 0.328125 0.158203 0.326172
0 0.285156 0.320312 0.283203 0.322266 0.281250 0.322266 0.277344 0.326172 0.277344 0.328125 0.275391 0.330078 0.275391 0.339844 0.277344 0.341797 0.277344 0.343750 0.281250 0.347656 0.285156 0.347656 0.287109 0.349609 0.289062 0.349609 0.291016 0.347656 0.294922 0.347656 0.298828 0.343750 0.298828 0.341797 0.300781 0.339844 0.300781 0.330078 0.298828 0.328125 0.298828 0.326172 0.294922 0.322266 0.292969 0.322266 0.291016 0.320312
0 0.351562 0.296875 0.349609 0.298828 0.347656 0.298828 0.343750 0.302734 0.343750 0.306641 0.341797 0.308594 0.341797 0.322266 0.343750 0.324219 0.343750 0.326172 0.349609 0.332031 0.355469 0.332031 0.361328 0.326172 0.361328 0.324219 0.363281 0.322266 0.363281 0.308594 0.361328 0.306641 0.361328 0.302734 0.357422 0.298828 0.353516 0.298828
0 0.396484 0.248047 0.394531 0.250000 0.392578 0.250000 0.388672 0.253906 0.388672 0.255859 0.386719 0.257812 0.386719 0.267578 0.388672 0.269531 0.388672 0.271484 0.394531 0.277344 0.400391 0.277344 0.406250 0.271484 0.406250 0.269531 0.408203 0.267578 0.408203 0.257812 0.406250 0.255859 0.406250 0.253906 0.402344 0.250000 0.400391 0.250000 0.398438 0.248047
0 0.353516 0.234375 0.351562 0.236328 0.349609 0.236328 0.347656 0.238281 0.347656 0.240234 0.345703 0.242188 0.345703 0.250000 0.347656 0.251953 0.347656 0.253906 0.349609 0.253906 0.351562 0.255859 0.363281 0.255859 0.365234 0.253906 0.367188 0.253906 0.367188 0.251953 0.369141 0.250000 0.369141 0.242188 0.367188 0.240234 0.367188 0.238281 0.365234 0.236328 0.363281 0.236328 0.361328 0.234375
0 0.169922 0.216797 0.166016 0.220703 0.166016 0.222656 0.164062 0.224609 0.164062 0.238281 0.167969 0.242188 0.167969 0.244141 0.175781 0.244141 0.179688 0.240234 0.179688 0.236328 0.181641 0.234375 0.181641 0.226562 0.179688 0.224609 0.179688 0.220703 0.175781 0.216797
0 0.128906 0.171875 0.126953 0.173828 0.125000 0.173828 0.121094 0.177734 0.121094 0.183594 0.126953 0.189453 0.138672 0.189453 0.140625 0.187500 0.142578 0.187500 0.144531 0.185547 0.144531 0.175781 0.142578 0.173828 0.140625 0.173828 0.138672 0.171875
0 0.041016 0.160156 0.035156 0.166016 0.035156 0.177734 0.041016 0.183594 0.044922 0.183594 0.050781 0.177734 0.050781 0.166016 0.044922 0.160156
0 0.027344 0.105469 0.025391 0.107422 0.025391 0.113281 0.029297 0.113281 0.031250 0.115234 0.033203 0.113281 0.035156 0.113281 0.037109 0.111328 0.037109 0.107422 0.035156 0.105469
0 0.115234 0.005859 0.113281 0.007812 0.111328 0.007812 0.111328 0.009766 0.109375 0.011719 0.109375 0.017578 0.113281 0.021484 0.119141 0.021484 0.123047 0.017578 0.123047 0.011719 0.121094 0.009766 0.121094 0.007812 0.119141 0.007812 0.117188 0.005859