0 0.783203 0.873047 0.781250 0.875000 0.777344 0.875000 0.775391 0.876953 0.775391 0.878906 0.773438 0.880859 0.773438 0.886719 0.775391 0.888672 0.775391 0.890625 0.777344 0.890625 0.779297 0.892578 0.789062 0.892578 0.791016 0.890625 0.791016 0.888672 0.792969 0.886719 0.792969 0.878906 0.789062 0.875000 0.787109 0.875000 0.785156 0.873047
0 0.767578 0.775391 0.763672 0.779297 0.763672 0.783203 0.761719 0.785156 0.761719 0.787109 0.763672 0.789062 0.763672 0.792969 0.765625 0.794922 0.767578 0.794922 0.769531 0.796875 0.777344 0.796875 0.783203 0.791016 0.783203 0.781250 0.777344 0.775391
0 0.470703 0.646484 0.468750 0.648438 0.466797 0.648438 0.464844 0.650391 0.462891 0.650391 0.462891 0.652344 0.460938 0.654297 0.460938 0.656250 0.458984 0.658203 0.458984 0.664062 0.460938 0.666016 0.460938 0.667969 0.462891 0.669922 0.462891 0.671875 0.464844 0.671875 0.468750 0.675781 0.482422 0.675781 0.486328 0.671875 0.488281 0.671875 0.488281 0.669922 0.490234 0.667969 0.490234 0.664062 0.492188 0.662109 0.492188 0.660156 0.490234 0.658203 0.490234 0.654297 0.488281 0.652344 0.488281 0.650391 0.486328 0.650391 0.484375 0.648438 0.482422 0.648438 0.480469 0.646484
0 0.460938 0.595703 0.458984 0.597656 0.457031 0.597656 0.453125 0.601562 0.453125 0.603516 0.451172 0.605469 0.451172 0.621094 0.453125 0.623047 0.453125 0.625000 0.457031 0.628906 0.458984 0.628906 0.460938 0.630859 0.462891 0.630859 0.464844 0.628906 0.468750 0.628906 0.468750 0.626953 0.472656 0.623047 0.472656 0.621094 0.474609 0.619141 0.474609 0.607422 0.472656 0.605469 0.472656 0.603516 0.468750 0.599609 0.468750 0.597656 0.466797 0.597656 0.464844 0.595703
0 0.615234 0.593750 0.613281 0.595703 0.613281 0.597656 0.611328 0.599609 0.611328 0.619141 0.613281 0.621094 0.613281 0.623047 0.615234 0.625000 0.621094 0.625000 0.623047 0.623047 0.623047 0.621094 0.625000 0.619141 0.625000 0.615234 0.626953 0.613281 0.626953 0.603516 0.625000 0.601562 0.625000 0.597656 0.621094 0.593750
0 0.720703 0.583984 0.712891 0.591797 0.712891 0.593750 0.710938 0.595703 0.710938 0.607422 0.714844 0.611328 0.714844 0.613281 0.718750 0.617188 0.720703 0.617188 0.722656 0.619141 0.734375 0.619141 0.736328 0.617188 0.738281 0.617188 0.742188 0.613281 0.742188 0.611328 0.746094 0.607422 0.746094 0.595703 0.744141 0.593750 0.744141 0.591797 0.736328 0.583984
0 0.005859 0.533203 0.005859 0.535156 0.003906 0.537109 0.003906 0.539062 0.001953 0.541016 0.001953 0.558594 0.003906 0.560547 0.003906 0.562500 0.007812 0.566406 0.011719 0.566406 0.015625 0.562500 0.015625 0.558594 0.017578 0.556641 0.017578 0.542969 0.015625 0.541016 0.015625 0.537109 0.013672 0.535156 0.013672 0.533203
0 0.878906 0.519531 0.876953 0.521484 0.875000 0.521484 0.869141 0.527344 0.869141 0.533203 0.871094 0.535156 0.871094 0.537109 0.873047 0.539062 0.875000 0.539062 0.876953 0.541016 0.886719 0.541016 0.888672 0.539062 0.890625 0.539062 0.894531 0.535156 0.894531 0.527344 0.888672 0.521484 0.886719 0.521484 0.884766 0.519531
0 0.451172 0.464844 0.447266 0.468750 0.447266 0.470703 0.445312 0.472656 0.445312 0.474609 0.443359 0.476562 0.443359 0.488281 0.445312 0.490234 0.445312 0.494141 0.447266 0.496094 0.447266 0.498047 0.451172 0.501953 0.458984 0.501953 0.464844 0.496094 0.464844 0.494141 0.466797 0.492188 0.466797 0.474609 0.464844 0.472656 0.464844 0.470703 0.458984 0.464844
0 0.794922 0.404297 0.791016 0.408203 0.791016 0.419922 0.792969 0.421875 0.794922 0.421875 0.796875 0.423828 0.804688 0.423828 0.810547 0.417969 0.810547 0.410156 0.808594 0.408203 0.808594 0.406250 0.806641 0.404297
0 0.498047 0.402344 0.496094 0.404297 0.490234 0.404297 0.484375 0.410156 0.484375 0.412109 0.482422 0.414062 0.482422 0.423828 0.490234 0.431641 0.494141 0.431641 0.496094 0.433594 0.503906 0.433594 0.505859 0.431641 0.507812 0.431641 0.509766 0.429688 0.511719 0.429688 0.513672 0.427734 0.513672 0.425781 0.515625 0.423828 0.515625 0.412109 0.511719 0.408203 0.511719 0.406250 0.509766 0.406250 0.507812 0.404297 0.503906 0.404297 0.501953 0.402344
0 0.931641 0.394531 0.929688 0.396484 0.927734 0.396484 0.927734 0.400391 0.931641 0.404297 0.935547 0.404297 0.937500 0.402344 0.939453 0.402344 0.941406 0.400391 0.941406 0.398438 0.937500 0.394531
0 0.638672 0.392578 0.636719 0.394531 0.634766 0.394531 0.634766 0.396484 0.630859 0.400391 0.630859 0.408203 0.628906 0.410156 0.628906 0.419922 0.630859 0.421875 0.630859 0.427734 0.634766 0.431641 0.634766 0.433594 0.636719 0.433594 0.638672 0.435547 0.644531 0.435547 0.646484 0.433594 0.648438 0.433594 0.648438 0.431641 0.650391 0.429688 0.650391 0.427734 0.652344 0.425781 0.652344 0.417969 0.654297 0.416016 0.654297 0.412109 0.652344 0.410156 0.652344 0.402344 0.650391 0.400391 0.650391 0.398438 0.648438 0.396484 0.648438 0.394531 0.646484 0.394531 0.644531 0.392578
0 0.628906 0.314453 0.626953 0.316406 0.625000 0.316406 0.619141 0.322266 0.619141 0.335938 0.625000 0.341797 0.626953 0.341797 0.628906 0.343750 0.632812 0.343750 0.634766 0.341797 0.636719 0.341797 0.640625 0.337891 0.640625 0.335938 0.642578 0.333984 0.642578 0.324219 0.640625 0.322266 0.640625 0.320312 0.636719 0.316406 0.632812 0.316406 0.630859 0.314453
0 0.488281 0.312500 0.486328 0.314453 0.484375 0.314453 0.482422 0.316406 0.482422 0.318359 0.480469 0.320312 0.480469 0.333984 0.482422 0.335938 0.482422 0.337891 0.486328 0.341797 0.496094 0.341797 0.501953 0.335938 0.501953 0.332031 0.503906 0.330078 0.503906 0.324219 0.501953 0.322266 0.501953 0.318359 0.496094 0.312500
0 0.787109 0.246094 0.785156 0.248047 0.785156 0.255859 0.787109 0.255859 0.789062 0.257812 0.791016 0.257812 0.794922 0.253906 0.794922 0.248047 0.792969 0.246094
0 0.492188 0.216797 0.490234 0.218750 0.486328 0.218750 0.478516 0.226562 0.478516 0.230469 0.476562 0.232422 0.478516 0.234375 0.478516 0.240234 0.486328 0.248047 0.492188 0.248047 0.494141 0.250000 0.498047 0.250000 0.500000 0.248047 0.505859 0.248047 0.507812 0.246094 0.509766 0.246094 0.509766 0.244141 0.511719 0.242188 0.513672 0.242188 0.513672 0.238281 0.515625 0.236328 0.515625 0.230469 0.513672 0.228516 0.513672 0.224609 0.511719 0.224609 0.509766 0.222656 0.509766 0.220703 0.507812 0.220703 0.505859 0.218750 0.501953 0.218750 0.500000 0.216797
0 0.734375 0.042969 0.732422 0.044922 0.730469 0.044922 0.728516 0.046875 0.728516 0.050781 0.726562 0.052734 0.728516 0.054688 0.728516 0.058594 0.734375 0.064453 0.744141 0.064453 0.746094 0.062500 0.748047 0.062500 0.751953 0.058594 0.751953 0.048828 0.750000 0.046875 0.750000 0.044922 0.748047 0.044922 0.746094 0.042969
0 0.357422 0.039062 0.355469 0.041016 0.353516 0.041016 0.351562 0.042969 0.351562 0.044922 0.347656 0.048828 0.347656 0.050781 0.345703 0.052734 0.345703 0.054688 0.343750 0.056641 0.343750 0.066406 0.345703 0.068359 0.345703 0.072266 0.347656 0.074219 0.347656 0.076172 0.355469 0.083984 0.359375 0.083984 0.361328 0.085938 0.365234 0.085938 0.367188 0.083984 0.371094 0.083984 0.375000 0.080078 0.376953 0.080078 0.378906 0.078125 0.378906 0.076172 0.380859 0.074219 0.380859 0.072266 0.382812 0.070312 0.382812 0.054688 0.380859 0.052734 0.380859 0.050781 0.378906 0.048828 0.378906 0.046875 0.373047 0.041016 0.371094 0.041016 0.369141 0.039062
0 0.847656 0.029297 0.843750 0.033203 0.841797 0.033203 0.839844 0.035156 0.839844 0.037109 0.837891 0.039062 0.837891 0.050781 0.841797 0.054688 0.841797 0.056641 0.843750 0.056641 0.845703 0.058594 0.859375 0.058594 0.861328 0.056641 0.863281 0.056641 0.863281 0.054688 0.867188 0.050781 0.867188 0.039062 0.865234 0.037109 0.865234 0.035156 0.863281 0.033203 0.861328 0.033203 0.857422 0.029297
0 0.931641 0.021484 0.929688 0.023438 0.929688 0.035156 0.931641 0.037109 0.935547 0.037109 0.937500 0.039062 0.939453 0.037109 0.943359 0.037109 0.945312 0.035156 0.945312 0.023438 0.943359 0.021484
0 0.250000 0.017578 0.248047 0.019531 0.246094 0.019531 0.234375 0.031250 0.234375 0.035156 0.232422 0.037109 0.232422 0.048828 0.234375 0.050781 0.234375 0.052734 0.248047 0.066406 0.253906 0.066406 0.255859 0.068359 0.261719 0.068359 0.263672 0.066406 0.267578 0.066406 0.269531 0.064453 0.271484 0.064453 0.279297 0.056641 0.279297 0.054688 0.283203 0.050781 0.283203 0.033203 0.279297 0.029297 0.279297 0.027344 0.271484 0.019531 0.267578 0.019531 0.265625 0.017578
0 0.990234 0.000000 0.988281 0.001953 0.986328 0.001953 0.984375 0.003906 0.982422 0.003906 0.980469 0.005859 0.980469 0.013672 0.982422 0.015625 0.984375 0.015625 0.986328 0.017578 0.998047 0.017578 0.998047 0.001953 0.996094 0.000000
0 0.671875 0.000000 0.671875 0.011719 0.679688 0.019531 0.685547 0.019531 0.691406 0.013672 0.691406 0.011719 0.693359 0.009766 0.693359 0.000000