0 0.564453 0.978516 0.562500 0.980469 0.558594 0.980469 0.558594 0.982422 0.556641 0.984375 0.556641 0.990234 0.560547 0.994141 0.564453 0.994141 0.566406 0.996094 0.576172 0.996094 0.578125 0.994141 0.580078 0.994141 0.582031 0.992188 0.583984 0.992188 0.583984 0.990234 0.585938 0.988281 0.585938 0.984375 0.582031 0.980469 0.578125 0.980469 0.576172 0.978516
0 0.541016 0.943359 0.539062 0.945312 0.537109 0.945312 0.531250 0.951172 0.531250 0.960938 0.537109 0.966797 0.541016 0.966797 0.542969 0.968750 0.548828 0.968750 0.550781 0.966797 0.554688 0.966797 0.558594 0.962891 0.558594 0.960938 0.560547 0.958984 0.560547 0.951172 0.554688 0.945312 0.552734 0.945312 0.550781 0.943359
0 0.062500 0.912109 0.060547 0.914062 0.056641 0.914062 0.052734 0.917969 0.050781 0.917969 0.046875 0.921875 0.046875 0.923828 0.044922 0.925781 0.044922 0.927734 0.042969 0.929688 0.042969 0.947266 0.044922 0.949219 0.044922 0.953125 0.052734 0.960938 0.054688 0.960938 0.056641 0.962891 0.060547 0.962891 0.062500 0.964844 0.072266 0.964844 0.074219 0.962891 0.078125 0.962891 0.080078 0.960938 0.082031 0.960938 0.089844 0.953125 0.089844 0.949219 0.091797 0.947266 0.091797 0.929688 0.089844 0.927734 0.089844 0.925781 0.087891 0.923828 0.087891 0.921875 0.083984 0.917969 0.082031 0.917969 0.078125 0.914062 0.074219 0.914062 0.072266 0.912109
0 0.615234 0.632812 0.613281 0.634766 0.607422 0.634766 0.605469 0.636719 0.601562 0.636719 0.599609 0.638672 0.599609 0.640625 0.597656 0.642578 0.597656 0.644531 0.603516 0.650391 0.605469 0.650391 0.607422 0.652344 0.617188 0.652344 0.619141 0.654297 0.621094 0.652344 0.632812 0.652344 0.636719 0.648438 0.638672 0.648438 0.638672 0.646484 0.640625 0.644531 0.640625 0.640625 0.636719 0.636719 0.634766 0.636719 0.632812 0.634766 0.626953 0.634766 0.625000 0.632812
0 0.130859 0.632812 0.128906 0.634766 0.126953 0.634766 0.123047 0.638672 0.123047 0.642578 0.126953 0.646484 0.128906 0.646484 0.130859 0.648438 0.140625 0.648438 0.142578 0.646484 0.144531 0.646484 0.148438 0.642578 0.148438 0.638672 0.144531 0.634766 0.140625 0.634766 0.138672 0.632812
0 0.425781 0.613281 0.423828 0.615234 0.421875 0.615234 0.419922 0.617188 0.419922 0.619141 0.417969 0.621094 0.417969 0.626953 0.423828 0.632812 0.435547 0.632812 0.439453 0.628906 0.439453 0.626953 0.441406 0.625000 0.441406 0.623047 0.439453 0.621094 0.439453 0.617188 0.437500 0.615234 0.435547 0.615234 0.433594 0.613281
0 0.353516 0.580078 0.351562 0.582031 0.345703 0.582031 0.339844 0.587891 0.339844 0.589844 0.341797 0.591797 0.343750 0.591797 0.345703 0.593750 0.347656 0.593750 0.349609 0.595703 0.365234 0.595703 0.367188 0.593750 0.369141 0.593750 0.373047 0.589844 0.373047 0.585938 0.371094 0.583984 0.369141 0.583984 0.367188 0.582031 0.361328 0.582031 0.359375 0.580078
0 0.167969 0.574219 0.162109 0.580078 0.162109 0.582031 0.160156 0.583984 0.160156 0.587891 0.162109 0.589844 0.162109 0.591797 0.166016 0.595703 0.167969 0.595703 0.169922 0.597656 0.181641 0.597656 0.183594 0.595703 0.185547 0.595703 0.189453 0.591797 0.189453 0.589844 0.191406 0.587891 0.191406 0.583984 0.189453 0.582031 0.189453 0.580078 0.183594 0.574219
0 0.271484 0.527344 0.269531 0.529297 0.267578 0.529297 0.261719 0.535156 0.261719 0.541016 0.263672 0.542969 0.263672 0.544922 0.265625 0.544922 0.269531 0.548828 0.285156 0.548828 0.291016 0.542969 0.291016 0.533203 0.287109 0.529297 0.285156 0.529297 0.283203 0.527344
0 0.103516 0.486328 0.101562 0.488281 0.099609 0.488281 0.097656 0.490234 0.097656 0.492188 0.095703 0.494141 0.095703 0.501953 0.097656 0.503906 0.097656 0.505859 0.101562 0.509766 0.105469 0.509766 0.107422 0.511719 0.109375 0.511719 0.111328 0.509766 0.115234 0.509766 0.119141 0.505859 0.119141 0.501953 0.121094 0.500000 0.121094 0.496094 0.119141 0.494141 0.119141 0.490234 0.117188 0.488281 0.115234 0.488281 0.113281 0.486328
0 0.380859 0.476562 0.375000 0.482422 0.375000 0.490234 0.378906 0.494141 0.382812 0.494141 0.384766 0.496094 0.392578 0.496094 0.394531 0.494141 0.396484 0.494141 0.402344 0.488281 0.402344 0.484375 0.400391 0.482422 0.400391 0.480469 0.398438 0.478516 0.396484 0.478516 0.394531 0.476562
0 0.601562 0.462891 0.599609 0.464844 0.595703 0.464844 0.593750 0.466797 0.591797 0.466797 0.591797 0.468750 0.589844 0.470703 0.591797 0.472656 0.591797 0.474609 0.593750 0.474609 0.595703 0.476562 0.597656 0.476562 0.599609 0.478516 0.613281 0.478516 0.615234 0.476562 0.619141 0.476562 0.623047 0.472656 0.623047 0.468750 0.619141 0.464844 0.613281 0.464844 0.611328 0.462891
0 0.019531 0.462891 0.015625 0.466797 0.015625 0.472656 0.019531 0.476562 0.029297 0.476562 0.033203 0.472656 0.033203 0.466797 0.029297 0.462891
0 0.322266 0.453125 0.320312 0.455078 0.318359 0.455078 0.312500 0.460938 0.312500 0.472656 0.320312 0.480469 0.333984 0.480469 0.339844 0.474609 0.339844 0.472656 0.341797 0.470703 0.341797 0.462891 0.339844 0.460938 0.339844 0.458984 0.335938 0.455078 0.333984 0.455078 0.332031 0.453125
0 0.156250 0.423828 0.154297 0.425781 0.150391 0.425781 0.148438 0.427734 0.148438 0.431641 0.150391 0.433594 0.158203 0.433594 0.160156 0.435547 0.162109 0.433594 0.167969 0.433594 0.169922 0.431641 0.169922 0.427734 0.167969 0.425781 0.164062 0.425781 0.162109 0.423828
0 0.453125 0.421875 0.447266 0.427734 0.447266 0.433594 0.449219 0.435547 0.449219 0.437500 0.451172 0.437500 0.453125 0.439453 0.460938 0.439453 0.462891 0.437500 0.464844 0.437500 0.464844 0.435547 0.466797 0.433594 0.466797 0.427734 0.460938 0.421875
0 0.558594 0.369141 0.556641 0.371094 0.554688 0.371094 0.552734 0.373047 0.550781 0.373047 0.548828 0.375000 0.548828 0.382812 0.552734 0.386719 0.554688 0.386719 0.556641 0.388672 0.570312 0.388672 0.572266 0.386719 0.574219 0.386719 0.578125 0.382812 0.578125 0.376953 0.576172 0.375000 0.576172 0.373047 0.574219 0.373047 0.572266 0.371094 0.570312 0.371094 0.568359 0.369141
0 0.414062 0.341797 0.410156 0.345703 0.410156 0.355469 0.414062 0.359375 0.419922 0.359375 0.421875 0.357422 0.421875 0.345703 0.417969 0.341797
0 0.083984 0.339844 0.082031 0.341797 0.080078 0.341797 0.078125 0.343750 0.078125 0.347656 0.080078 0.349609 0.093750 0.349609 0.093750 0.347656 0.095703 0.345703 0.095703 0.343750 0.093750 0.341797 0.091797 0.341797 0.089844 0.339844
0 0.015625 0.328125 0.011719 0.332031 0.011719 0.333984 0.015625 0.337891 0.023438 0.337891 0.025391 0.335938 0.027344 0.335938 0.027344 0.330078 0.025391 0.328125
0 0.238281 0.320312 0.236328 0.322266 0.236328 0.324219 0.234375 0.326172 0.234375 0.337891 0.238281 0.341797 0.240234 0.341797 0.242188 0.343750 0.244141 0.341797 0.246094 0.341797 0.250000 0.337891 0.250000 0.326172 0.248047 0.324219 0.248047 0.322266 0.246094 0.320312
0 0.337891 0.304688 0.335938 0.306641 0.333984 0.306641 0.333984 0.310547 0.335938 0.310547 0.337891 0.312500 0.347656 0.312500 0.349609 0.310547 0.351562 0.310547 0.353516 0.308594 0.353516 0.306641 0.351562 0.306641 0.349609 0.304688
0 0.576172 0.298828 0.572266 0.302734 0.572266 0.308594 0.576172 0.312500 0.587891 0.312500 0.591797 0.308594 0.591797 0.302734 0.587891 0.298828
0 0.205078 0.269531 0.203125 0.271484 0.203125 0.275391 0.207031 0.279297 0.210938 0.279297 0.212891 0.277344 0.212891 0.269531
0 0.398438 0.226562 0.396484 0.228516 0.396484 0.230469 0.398438 0.232422 0.410156 0.232422 0.412109 0.230469 0.414062 0.230469 0.410156 0.226562
0 0.423828 0.175781 0.421875 0.177734 0.421875 0.181641 0.425781 0.181641 0.427734 0.183594 0.431641 0.183594 0.433594 0.181641 0.437500 0.181641 0.437500 0.177734 0.435547 0.175781
0 0.066406 0.140625 0.064453 0.142578 0.062500 0.142578 0.058594 0.146484 0.058594 0.150391 0.062500 0.154297 0.066406 0.154297 0.068359 0.156250 0.078125 0.156250 0.080078 0.154297 0.083984 0.154297 0.087891 0.150391 0.087891 0.146484 0.083984 0.142578 0.082031 0.142578 0.080078 0.140625
0 0.283203 0.117188 0.281250 0.119141 0.281250 0.123047 0.296875 0.123047 0.296875 0.119141 0.294922 0.119141 0.292969 0.117188
0 0.078125 0.087891 0.076172 0.089844 0.076172 0.093750 0.080078 0.097656 0.085938 0.097656 0.089844 0.093750 0.089844 0.091797 0.087891 0.089844 0.087891 0.087891
0 0.208984 0.056641 0.207031 0.058594 0.203125 0.058594 0.203125 0.060547 0.201172 0.062500 0.201172 0.064453 0.203125 0.066406 0.203125 0.068359 0.207031 0.068359 0.208984 0.070312 0.210938 0.070312 0.212891 0.068359 0.216797 0.068359 0.218750 0.066406 0.218750 0.064453 0.220703 0.062500 0.216797 0.058594 0.214844 0.058594 0.212891 0.056641
0 0.001953 0.048828 0.000000 0.050781 0.000000 0.074219 0.001953 0.074219 0.003906 0.076172 0.015625 0.076172 0.017578 0.074219 0.019531 0.074219 0.021484 0.072266 0.023438 0.072266 0.025391 0.070312 0.025391 0.068359 0.027344 0.066406 0.027344 0.058594 0.025391 0.056641 0.025391 0.054688 0.023438 0.052734 0.021484 0.052734 0.017578 0.048828
0 0.402344 0.000000 0.406250 0.003906 0.408203 0.003906 0.410156 0.005859 0.417969 0.005859 0.419922 0.003906 0.421875 0.003906 0.421875 0.001953 0.423828 0.000000