0 0.386719 0.693359 0.384766 0.695312 0.380859 0.695312 0.378906 0.697266 0.376953 0.697266 0.375000 0.699219 0.375000 0.707031 0.378906 0.710938 0.380859 0.710938 0.384766 0.714844 0.386719 0.714844 0.388672 0.712891 0.394531 0.712891 0.396484 0.710938 0.398438 0.710938 0.400391 0.708984 0.400391 0.707031 0.402344 0.705078 0.402344 0.701172 0.400391 0.699219 0.400391 0.697266 0.398438 0.695312 0.398438 0.693359
0 0.292969 0.689453 0.292969 0.699219 0.294922 0.701172 0.294922 0.703125 0.296875 0.705078 0.298828 0.703125 0.304688 0.703125 0.308594 0.699219 0.304688 0.695312 0.304688 0.693359 0.300781 0.689453
0 0.357422 0.658203 0.355469 0.660156 0.355469 0.662109 0.353516 0.664062 0.353516 0.673828 0.355469 0.675781 0.355469 0.677734 0.357422 0.679688 0.357422 0.681641 0.359375 0.683594 0.363281 0.683594 0.365234 0.681641 0.367188 0.681641 0.369141 0.679688 0.369141 0.677734 0.371094 0.675781 0.371094 0.673828 0.373047 0.671875 0.373047 0.669922 0.375000 0.667969 0.373047 0.666016 0.373047 0.664062 0.369141 0.660156 0.365234 0.660156 0.363281 0.658203
0 0.117188 0.634766 0.115234 0.636719 0.115234 0.638672 0.113281 0.640625 0.113281 0.642578 0.115234 0.644531 0.117188 0.644531 0.119141 0.646484 0.125000 0.646484 0.125000 0.636719 0.123047 0.634766
0 0.267578 0.617188 0.265625 0.619141 0.263672 0.619141 0.261719 0.621094 0.261719 0.626953 0.263672 0.628906 0.263672 0.630859 0.265625 0.632812 0.265625 0.634766 0.275391 0.634766 0.277344 0.636719 0.287109 0.626953 0.285156 0.625000 0.283203 0.625000 0.281250 0.623047 0.279297 0.623047 0.275391 0.619141 0.273438 0.619141 0.271484 0.617188
0 0.408203 0.595703 0.406250 0.597656 0.404297 0.597656 0.402344 0.599609 0.402344 0.605469 0.406250 0.609375 0.406250 0.611328 0.410156 0.615234 0.414062 0.615234 0.416016 0.617188 0.423828 0.609375 0.423828 0.605469 0.421875 0.603516 0.421875 0.599609 0.417969 0.595703
0 0.392578 0.476562 0.388672 0.480469 0.386719 0.480469 0.386719 0.492188 0.384766 0.494141 0.384766 0.496094 0.386719 0.498047 0.396484 0.498047 0.398438 0.496094 0.404297 0.496094 0.406250 0.494141 0.408203 0.494141 0.408203 0.492188 0.410156 0.490234 0.410156 0.488281 0.412109 0.486328 0.412109 0.484375 0.410156 0.484375 0.408203 0.482422 0.406250 0.482422 0.404297 0.480469 0.400391 0.480469 0.396484 0.476562
0 0.337891 0.363281 0.335938 0.365234 0.332031 0.365234 0.330078 0.367188 0.330078 0.369141 0.328125 0.371094 0.328125 0.375000 0.332031 0.378906 0.333984 0.378906 0.337891 0.382812 0.343750 0.382812 0.345703 0.384766 0.351562 0.384766 0.351562 0.380859 0.349609 0.378906 0.349609 0.373047 0.347656 0.371094 0.347656 0.367188 0.345703 0.365234 0.345703 0.363281
0 0.376953 0.271484 0.375000 0.273438 0.373047 0.273438 0.371094 0.275391 0.369141 0.275391 0.369141 0.279297 0.367188 0.281250 0.367188 0.285156 0.369141 0.287109 0.371094 0.287109 0.376953 0.292969 0.378906 0.292969 0.380859 0.294922 0.382812 0.292969 0.390625 0.292969 0.392578 0.291016 0.394531 0.291016 0.394531 0.287109 0.392578 0.285156 0.392578 0.279297 0.390625 0.277344 0.390625 0.275391 0.386719 0.275391 0.384766 0.273438 0.382812 0.273438 0.380859 0.271484
0 0.214844 0.271484 0.203125 0.283203 0.203125 0.287109 0.205078 0.289062 0.205078 0.292969 0.207031 0.292969 0.208984 0.294922 0.210938 0.294922 0.212891 0.296875 0.216797 0.296875 0.218750 0.298828 0.220703 0.298828 0.224609 0.294922 0.226562 0.294922 0.228516 0.292969 0.228516 0.291016 0.226562 0.289062 0.226562 0.285156 0.224609 0.283203 0.224609 0.281250 0.222656 0.279297 0.222656 0.277344 0.218750 0.281250 0.216797 0.281250 0.214844 0.279297 0.216797 0.277344 0.216797 0.273438
0 0.000000 0.246094 0.000000 0.259766 0.001953 0.261719 0.005859 0.257812 0.007812 0.257812 0.009766 0.255859 0.009766 0.253906 0.007812 0.251953 0.007812 0.250000 0.005859 0.248047 0.005859 0.246094
0 0.318359 0.216797 0.316406 0.218750 0.314453 0.218750 0.312500 0.220703 0.310547 0.220703 0.310547 0.226562 0.312500 0.228516 0.312500 0.232422 0.314453 0.232422 0.316406 0.234375 0.320312 0.234375 0.322266 0.236328 0.326172 0.232422 0.328125 0.232422 0.330078 0.230469 0.330078 0.224609 0.328125 0.222656 0.328125 0.216797
0 0.355469 0.158203 0.355469 0.160156 0.353516 0.162109 0.353516 0.164062 0.351562 0.166016 0.351562 0.169922 0.353516 0.171875 0.353516 0.173828 0.355469 0.175781 0.355469 0.177734 0.357422 0.179688 0.359375 0.179688 0.363281 0.175781 0.365234 0.175781 0.371094 0.169922 0.367188 0.166016 0.365234 0.166016 0.357422 0.158203
0 0.339844 0.082031 0.337891 0.083984 0.333984 0.083984 0.333984 0.087891 0.335938 0.089844 0.335938 0.099609 0.337891 0.099609 0.339844 0.097656 0.355469 0.097656 0.355469 0.095703 0.353516 0.093750 0.353516 0.087891 0.351562 0.085938 0.351562 0.083984 0.345703 0.083984 0.343750 0.082031
0 0.365234 0.044922 0.365234 0.046875 0.363281 0.048828 0.363281 0.052734 0.361328 0.054688 0.361328 0.058594 0.359375 0.060547 0.359375 0.062500 0.363281 0.066406 0.367188 0.066406 0.373047 0.060547 0.375000 0.060547 0.378906 0.056641 0.375000 0.052734 0.375000 0.050781 0.369141 0.044922
0 0.230469 0.035156 0.228516 0.037109 0.226562 0.037109 0.224609 0.039062 0.224609 0.041016 0.230469 0.046875 0.232422 0.046875 0.234375 0.044922 0.242188 0.044922 0.244141 0.042969 0.244141 0.041016 0.240234 0.037109 0.238281 0.037109 0.236328 0.035156
0 0.308594 0.005859 0.306641 0.007812 0.304688 0.007812 0.300781 0.011719 0.300781 0.013672 0.298828 0.015625 0.298828 0.019531 0.300781 0.021484 0.300781 0.023438 0.302734 0.025391 0.304688 0.025391 0.306641 0.027344 0.308594 0.027344 0.310547 0.029297 0.312500 0.029297 0.318359 0.023438 0.318359 0.021484 0.316406 0.019531 0.316406 0.017578 0.314453 0.015625 0.314453 0.013672 0.312500 0.011719 0.312500 0.009766 0.310547 0.007812 0.310547 0.005859