0 0.984375 0.771484 0.982422 0.773438 0.980469 0.773438 0.980469 0.777344 0.982422 0.779297 0.984375 0.779297 0.986328 0.781250 0.990234 0.781250 0.992188 0.779297 0.996094 0.779297 0.996094 0.773438 0.994141 0.771484
0 0.867188 0.740234 0.863281 0.744141 0.863281 0.746094 0.865234 0.748047 0.875000 0.748047 0.876953 0.746094 0.876953 0.742188 0.875000 0.742188 0.873047 0.740234
0 0.896484 0.689453 0.892578 0.693359 0.892578 0.695312 0.890625 0.697266 0.890625 0.703125 0.892578 0.705078 0.892578 0.707031 0.894531 0.708984 0.900391 0.708984 0.902344 0.707031 0.902344 0.705078 0.904297 0.703125 0.904297 0.695312 0.902344 0.693359 0.902344 0.691406 0.900391 0.691406 0.898438 0.689453
0 0.964844 0.664062 0.958984 0.669922 0.958984 0.683594 0.962891 0.687500 0.964844 0.687500 0.966797 0.689453 0.972656 0.689453 0.974609 0.687500 0.976562 0.687500 0.978516 0.685547 0.978516 0.683594 0.980469 0.681641 0.980469 0.671875 0.978516 0.669922 0.978516 0.667969 0.974609 0.664062
0 0.988281 0.638672 0.984375 0.642578 0.984375 0.644531 0.982422 0.646484 0.982422 0.656250 0.984375 0.658203 0.984375 0.660156 0.986328 0.662109 0.986328 0.664062 0.988281 0.664062 0.990234 0.666016 0.992188 0.666016 0.994141 0.664062 0.996094 0.664062 0.998047 0.662109 0.998047 0.640625 0.996094 0.640625 0.994141 0.638672
0 0.855469 0.623047 0.853516 0.625000 0.849609 0.625000 0.849609 0.626953 0.847656 0.628906 0.847656 0.632812 0.849609 0.634766 0.851562 0.634766 0.853516 0.636719 0.861328 0.636719 0.863281 0.634766 0.865234 0.634766 0.867188 0.632812 0.867188 0.626953 0.865234 0.625000 0.863281 0.625000 0.861328 0.623047
0 0.849609 0.576172 0.847656 0.578125 0.845703 0.578125 0.841797 0.582031 0.841797 0.587891 0.845703 0.591797 0.859375 0.591797 0.863281 0.587891 0.863281 0.580078 0.861328 0.580078 0.859375 0.578125 0.857422 0.578125 0.855469 0.576172
0 0.962891 0.568359 0.957031 0.574219 0.957031 0.578125 0.955078 0.580078 0.957031 0.582031 0.957031 0.585938 0.960938 0.589844 0.962891 0.589844 0.964844 0.591797 0.974609 0.591797 0.976562 0.589844 0.978516 0.589844 0.980469 0.587891 0.980469 0.585938 0.982422 0.583984 0.982422 0.574219 0.976562 0.568359
0 0.890625 0.560547 0.888672 0.562500 0.886719 0.562500 0.882812 0.566406 0.882812 0.578125 0.886719 0.582031 0.888672 0.582031 0.890625 0.583984 0.892578 0.583984 0.894531 0.585938 0.900391 0.585938 0.902344 0.583984 0.904297 0.583984 0.906250 0.582031 0.908203 0.582031 0.912109 0.578125 0.912109 0.566406 0.908203 0.562500 0.906250 0.562500 0.904297 0.560547
0 0.994141 0.460938 0.990234 0.464844 0.990234 0.470703 0.994141 0.474609 0.996094 0.474609 0.998047 0.476562 0.998047 0.460938
0 0.931641 0.376953 0.929688 0.378906 0.927734 0.378906 0.925781 0.380859 0.925781 0.382812 0.923828 0.384766 0.923828 0.390625 0.925781 0.392578 0.925781 0.396484 0.927734 0.398438 0.933594 0.398438 0.937500 0.394531 0.937500 0.392578 0.939453 0.390625 0.939453 0.386719 0.937500 0.384766 0.937500 0.380859 0.935547 0.378906 0.933594 0.378906
0 0.902344 0.345703 0.900391 0.347656 0.900391 0.351562 0.902344 0.353516 0.904297 0.353516 0.906250 0.355469 0.908203 0.355469 0.910156 0.353516 0.914062 0.353516 0.914062 0.347656 0.912109 0.345703
0 0.951172 0.322266 0.949219 0.324219 0.949219 0.326172 0.947266 0.328125 0.947266 0.337891 0.949219 0.339844 0.949219 0.341797 0.951172 0.343750 0.955078 0.343750 0.957031 0.341797 0.957031 0.339844 0.958984 0.337891 0.958984 0.328125 0.957031 0.326172 0.957031 0.324219 0.955078 0.322266
0 0.896484 0.277344 0.894531 0.279297 0.892578 0.279297 0.888672 0.283203 0.888672 0.287109 0.886719 0.289062 0.886719 0.291016 0.888672 0.292969 0.888672 0.294922 0.890625 0.296875 0.890625 0.298828 0.892578 0.300781 0.896484 0.300781 0.898438 0.302734 0.900391 0.300781 0.904297 0.300781 0.908203 0.296875 0.908203 0.294922 0.910156 0.292969 0.910156 0.285156 0.906250 0.281250 0.906250 0.279297 0.902344 0.279297 0.900391 0.277344
0 0.851562 0.207031 0.849609 0.208984 0.847656 0.208984 0.847656 0.210938 0.845703 0.212891 0.845703 0.220703 0.847656 0.222656 0.847656 0.224609 0.849609 0.224609 0.851562 0.226562 0.857422 0.226562 0.861328 0.222656 0.861328 0.210938 0.859375 0.208984 0.857422 0.208984 0.855469 0.207031
0 0.871094 0.150391 0.869141 0.152344 0.869141 0.167969 0.871094 0.167969 0.873047 0.169922 0.875000 0.167969 0.875000 0.166016 0.876953 0.164062 0.876953 0.156250 0.875000 0.154297 0.875000 0.150391
0 0.830078 0.148438 0.824219 0.154297 0.824219 0.160156 0.826172 0.162109 0.826172 0.164062 0.828125 0.166016 0.832031 0.166016 0.833984 0.167969 0.837891 0.167969 0.839844 0.166016 0.841797 0.166016 0.845703 0.162109 0.845703 0.160156 0.847656 0.158203 0.845703 0.156250 0.845703 0.152344 0.843750 0.150391 0.841797 0.150391 0.839844 0.148438
0 0.882812 0.113281 0.882812 0.115234 0.880859 0.117188 0.880859 0.123047 0.882812 0.125000 0.882812 0.126953 0.888672 0.126953 0.890625 0.125000 0.890625 0.115234 0.888672 0.113281