0 0.406250 0.640625 0.404297 0.642578 0.402344 0.642578 0.402344 0.648438 0.404297 0.650391 0.410156 0.650391 0.412109 0.648438 0.412109 0.642578 0.410156 0.642578 0.408203 0.640625
0 0.316406 0.609375 0.314453 0.611328 0.314453 0.613281 0.318359 0.613281 0.320312 0.615234 0.328125 0.615234 0.330078 0.613281 0.333984 0.613281 0.333984 0.609375
0 0.607422 0.568359 0.607422 0.570312 0.605469 0.572266 0.605469 0.578125 0.609375 0.582031 0.613281 0.582031 0.617188 0.578125 0.617188 0.572266 0.615234 0.570312 0.615234 0.568359
0 0.355469 0.542969 0.351562 0.546875 0.351562 0.548828 0.355469 0.552734 0.369141 0.552734 0.371094 0.550781 0.371094 0.544922 0.369141 0.542969
0 0.599609 0.529297 0.597656 0.531250 0.595703 0.531250 0.593750 0.533203 0.593750 0.535156 0.595703 0.537109 0.609375 0.537109 0.611328 0.535156 0.611328 0.531250 0.609375 0.531250 0.607422 0.529297
0 0.386719 0.492188 0.382812 0.496094 0.382812 0.500000 0.386719 0.503906 0.394531 0.503906 0.396484 0.501953 0.396484 0.494141 0.394531 0.494141 0.392578 0.492188
0 0.585938 0.451172 0.583984 0.453125 0.582031 0.453125 0.580078 0.455078 0.580078 0.457031 0.578125 0.458984 0.578125 0.460938 0.580078 0.462891 0.580078 0.464844 0.583984 0.468750 0.593750 0.468750 0.597656 0.464844 0.597656 0.462891 0.599609 0.460938 0.597656 0.458984 0.597656 0.455078 0.595703 0.453125 0.593750 0.453125 0.591797 0.451172
0 0.320312 0.451172 0.318359 0.453125 0.314453 0.453125 0.310547 0.457031 0.310547 0.458984 0.308594 0.460938 0.308594 0.462891 0.310547 0.464844 0.310547 0.466797 0.312500 0.468750 0.314453 0.468750 0.316406 0.470703 0.332031 0.470703 0.333984 0.468750 0.335938 0.468750 0.339844 0.464844 0.339844 0.457031 0.335938 0.453125 0.332031 0.453125 0.330078 0.451172
0 0.660156 0.417969 0.658203 0.419922 0.658203 0.423828 0.660156 0.425781 0.667969 0.425781 0.669922 0.423828 0.669922 0.419922 0.667969 0.417969
0 0.318359 0.414062 0.316406 0.416016 0.314453 0.416016 0.308594 0.421875 0.308594 0.423828 0.310547 0.425781 0.310547 0.427734 0.312500 0.429688 0.316406 0.429688 0.318359 0.431641 0.322266 0.431641 0.324219 0.433594 0.333984 0.433594 0.335938 0.431641 0.341797 0.431641 0.343750 0.429688 0.345703 0.429688 0.349609 0.425781 0.349609 0.421875 0.343750 0.416016 0.341797 0.416016 0.339844 0.414062
0 0.542969 0.402344 0.541016 0.404297 0.539062 0.404297 0.537109 0.406250 0.537109 0.412109 0.539062 0.414062 0.550781 0.414062 0.552734 0.412109 0.552734 0.406250 0.550781 0.404297 0.546875 0.404297 0.544922 0.402344
0 0.603516 0.390625 0.599609 0.394531 0.599609 0.400391 0.601562 0.402344 0.601562 0.404297 0.609375 0.404297 0.611328 0.402344 0.611328 0.392578 0.609375 0.390625
0 0.324219 0.365234 0.322266 0.367188 0.320312 0.367188 0.314453 0.373047 0.314453 0.378906 0.316406 0.380859 0.316406 0.382812 0.318359 0.384766 0.320312 0.384766 0.322266 0.386719 0.335938 0.386719 0.337891 0.384766 0.339844 0.384766 0.341797 0.382812 0.341797 0.380859 0.343750 0.378906 0.343750 0.373047 0.335938 0.365234
0 0.656250 0.361328 0.654297 0.363281 0.652344 0.363281 0.646484 0.369141 0.646484 0.376953 0.648438 0.378906 0.648438 0.380859 0.652344 0.384766 0.660156 0.384766 0.662109 0.382812 0.664062 0.382812 0.664062 0.380859 0.666016 0.378906 0.666016 0.367188 0.662109 0.363281 0.660156 0.363281 0.658203 0.361328
0 0.734375 0.343750 0.732422 0.345703 0.732422 0.347656 0.734375 0.349609 0.746094 0.349609 0.748047 0.347656 0.748047 0.345703 0.746094 0.343750
0 0.515625 0.341797 0.513672 0.343750 0.509766 0.343750 0.505859 0.347656 0.505859 0.351562 0.507812 0.353516 0.509766 0.353516 0.511719 0.355469 0.517578 0.355469 0.519531 0.357422 0.521484 0.357422 0.523438 0.355469 0.529297 0.355469 0.531250 0.353516 0.533203 0.353516 0.535156 0.351562 0.535156 0.347656 0.531250 0.343750 0.527344 0.343750 0.525391 0.341797
0 0.673828 0.333984 0.671875 0.335938 0.671875 0.339844 0.673828 0.341797 0.685547 0.341797 0.685547 0.339844 0.687500 0.337891 0.683594 0.333984
0 0.566406 0.326172 0.564453 0.328125 0.558594 0.328125 0.556641 0.330078 0.554688 0.330078 0.552734 0.332031 0.552734 0.335938 0.554688 0.335938 0.558594 0.339844 0.568359 0.339844 0.570312 0.341797 0.574219 0.341797 0.576172 0.339844 0.583984 0.339844 0.585938 0.337891 0.587891 0.337891 0.589844 0.335938 0.589844 0.332031 0.585938 0.328125 0.580078 0.328125 0.578125 0.326172
0 0.621094 0.310547 0.619141 0.312500 0.615234 0.312500 0.613281 0.314453 0.613281 0.324219 0.615234 0.326172 0.617188 0.326172 0.619141 0.328125 0.626953 0.328125 0.628906 0.326172 0.630859 0.326172 0.630859 0.324219 0.632812 0.322266 0.632812 0.316406 0.628906 0.312500 0.626953 0.312500 0.625000 0.310547
0 0.462891 0.193359 0.460938 0.195312 0.458984 0.195312 0.455078 0.199219 0.455078 0.201172 0.460938 0.207031 0.478516 0.207031 0.484375 0.201172 0.484375 0.199219 0.480469 0.195312 0.476562 0.195312 0.474609 0.193359
0 0.378906 0.193359 0.376953 0.195312 0.375000 0.195312 0.375000 0.199219 0.376953 0.201172 0.394531 0.201172 0.396484 0.199219 0.396484 0.195312 0.394531 0.195312 0.392578 0.193359
0 0.398438 0.072266 0.398438 0.074219 0.396484 0.076172 0.398438 0.078125 0.400391 0.078125 0.402344 0.080078 0.412109 0.080078 0.414062 0.078125 0.416016 0.078125 0.417969 0.076172 0.416016 0.074219 0.416016 0.072266