0 0.400391 0.933594 0.396484 0.937500 0.396484 0.945312 0.400391 0.949219 0.404297 0.949219 0.408203 0.945312 0.408203 0.937500 0.406250 0.935547 0.406250 0.933594
0 0.210938 0.888672 0.208984 0.890625 0.205078 0.890625 0.203125 0.892578 0.203125 0.900391 0.207031 0.904297 0.210938 0.904297 0.212891 0.906250 0.214844 0.904297 0.218750 0.904297 0.222656 0.900391 0.222656 0.894531 0.218750 0.890625 0.216797 0.890625 0.214844 0.888672
0 0.898438 0.789062 0.894531 0.792969 0.894531 0.802734 0.896484 0.804688 0.896484 0.806641 0.898438 0.806641 0.900391 0.808594 0.904297 0.808594 0.910156 0.802734 0.910156 0.794922 0.908203 0.792969 0.908203 0.791016 0.906250 0.789062
0 0.951172 0.605469 0.947266 0.609375 0.947266 0.615234 0.951172 0.619141 0.958984 0.619141 0.962891 0.615234 0.962891 0.609375 0.958984 0.605469
0 0.406250 0.306641 0.404297 0.308594 0.402344 0.308594 0.398438 0.312500 0.398438 0.316406 0.400391 0.318359 0.400391 0.320312 0.404297 0.320312 0.406250 0.322266 0.412109 0.322266 0.414062 0.320312 0.416016 0.320312 0.419922 0.316406 0.419922 0.312500 0.416016 0.308594 0.414062 0.308594 0.412109 0.306641
0 0.298828 0.248047 0.296875 0.250000 0.292969 0.250000 0.291016 0.251953 0.289062 0.251953 0.289062 0.253906 0.287109 0.255859 0.287109 0.259766 0.289062 0.261719 0.289062 0.263672 0.291016 0.263672 0.292969 0.265625 0.306641 0.265625 0.310547 0.261719 0.310547 0.253906 0.306641 0.250000 0.300781 0.250000
0 0.919922 0.240234 0.916016 0.244141 0.916016 0.248047 0.917969 0.250000 0.919922 0.250000 0.921875 0.251953 0.927734 0.251953 0.929688 0.250000 0.931641 0.250000 0.933594 0.248047 0.933594 0.242188 0.931641 0.240234
0 0.822266 0.240234 0.820312 0.242188 0.818359 0.242188 0.814453 0.246094 0.814453 0.248047 0.812500 0.250000 0.812500 0.257812 0.814453 0.259766 0.814453 0.261719 0.818359 0.265625 0.822266 0.265625 0.824219 0.267578 0.833984 0.267578 0.835938 0.265625 0.837891 0.265625 0.843750 0.259766 0.843750 0.248047 0.839844 0.244141 0.839844 0.242188 0.835938 0.242188 0.833984 0.240234
0 0.554688 0.238281 0.552734 0.240234 0.550781 0.240234 0.546875 0.244141 0.546875 0.248047 0.544922 0.250000 0.546875 0.251953 0.546875 0.255859 0.550781 0.259766 0.552734 0.259766 0.554688 0.261719 0.564453 0.261719 0.566406 0.259766 0.568359 0.259766 0.570312 0.257812 0.570312 0.255859 0.572266 0.253906 0.572266 0.244141 0.568359 0.240234 0.566406 0.240234 0.564453 0.238281
0 0.453125 0.191406 0.451172 0.193359 0.449219 0.193359 0.449219 0.201172 0.451172 0.203125 0.458984 0.203125 0.462891 0.199219 0.462891 0.195312 0.460938 0.193359 0.458984 0.193359 0.457031 0.191406
0 0.359375 0.189453 0.353516 0.195312 0.353516 0.207031 0.359375 0.212891 0.363281 0.212891 0.365234 0.210938 0.367188 0.210938 0.369141 0.208984 0.369141 0.207031 0.371094 0.205078 0.371094 0.197266 0.369141 0.195312 0.369141 0.193359 0.365234 0.189453
0 0.134766 0.175781 0.132812 0.177734 0.130859 0.177734 0.126953 0.181641 0.126953 0.191406 0.132812 0.197266 0.144531 0.197266 0.148438 0.193359 0.148438 0.191406 0.150391 0.189453 0.150391 0.183594 0.148438 0.181641 0.148438 0.179688 0.146484 0.177734 0.144531 0.177734 0.142578 0.175781
0 0.281250 0.171875 0.279297 0.173828 0.277344 0.173828 0.277344 0.175781 0.275391 0.177734 0.275391 0.179688 0.273438 0.181641 0.273438 0.185547 0.275391 0.187500 0.275391 0.189453 0.277344 0.191406 0.277344 0.193359 0.279297 0.193359 0.281250 0.195312 0.285156 0.195312 0.287109 0.193359 0.289062 0.193359 0.289062 0.191406 0.291016 0.189453 0.291016 0.187500 0.292969 0.185547 0.292969 0.181641 0.291016 0.179688 0.291016 0.177734 0.289062 0.175781 0.289062 0.173828 0.285156 0.173828 0.283203 0.171875
0 0.945312 0.080078 0.939453 0.085938 0.939453 0.093750 0.941406 0.095703 0.941406 0.097656 0.943359 0.099609 0.955078 0.099609 0.957031 0.097656 0.957031 0.095703 0.958984 0.093750 0.958984 0.085938 0.953125 0.080078
0 0.000000 0.076172 0.000000 0.113281 0.001953 0.113281 0.003906 0.111328 0.005859 0.111328 0.005859 0.109375 0.007812 0.107422 0.007812 0.105469 0.009766 0.103516 0.009766 0.085938 0.007812 0.083984 0.007812 0.082031 0.001953 0.076172
0 0.839844 0.023438 0.837891 0.025391 0.835938 0.025391 0.835938 0.027344 0.833984 0.029297 0.833984 0.039062 0.835938 0.041016 0.835938 0.042969 0.837891 0.042969 0.839844 0.044922 0.847656 0.044922 0.851562 0.041016 0.851562 0.039062 0.853516 0.037109 0.853516 0.031250 0.851562 0.029297 0.851562 0.027344 0.847656 0.023438
0 0.529297 0.000000 0.535156 0.005859 0.548828 0.005859 0.554688 0.000000
0 0.365234 0.000000 0.365234 0.003906 0.367188 0.005859 0.367188 0.007812 0.371094 0.011719 0.376953 0.011719 0.378906 0.009766 0.380859 0.009766 0.380859 0.007812 0.382812 0.005859 0.382812 0.003906 0.384766 0.001953 0.384766 0.000000