0 0.427734 0.933594 0.421875 0.939453 0.421875 0.941406 0.419922 0.943359 0.419922 0.947266 0.421875 0.949219 0.421875 0.951172 0.427734 0.957031 0.439453 0.957031 0.445312 0.951172 0.445312 0.949219 0.447266 0.947266 0.447266 0.943359 0.445312 0.941406 0.445312 0.939453 0.443359 0.937500 0.443359 0.935547 0.441406 0.935547 0.439453 0.933594
0 0.238281 0.923828 0.236328 0.925781 0.232422 0.925781 0.230469 0.927734 0.230469 0.929688 0.228516 0.931641 0.228516 0.937500 0.234375 0.943359 0.248047 0.943359 0.250000 0.941406 0.251953 0.941406 0.253906 0.939453 0.253906 0.929688 0.250000 0.925781 0.248047 0.925781 0.246094 0.923828
0 0.414062 0.896484 0.412109 0.898438 0.412109 0.908203 0.414062 0.908203 0.416016 0.910156 0.417969 0.910156 0.419922 0.908203 0.421875 0.908203 0.421875 0.906250 0.423828 0.904297 0.423828 0.900391 0.419922 0.896484
0 0.769531 0.824219 0.767578 0.826172 0.765625 0.826172 0.763672 0.828125 0.761719 0.828125 0.759766 0.830078 0.759766 0.832031 0.757812 0.833984 0.757812 0.835938 0.755859 0.837891 0.755859 0.841797 0.757812 0.843750 0.757812 0.845703 0.759766 0.847656 0.759766 0.849609 0.763672 0.853516 0.765625 0.853516 0.767578 0.855469 0.781250 0.855469 0.783203 0.853516 0.785156 0.853516 0.791016 0.847656 0.791016 0.845703 0.792969 0.843750 0.792969 0.835938 0.791016 0.833984 0.791016 0.832031 0.787109 0.828125 0.785156 0.828125 0.783203 0.826172 0.781250 0.826172 0.779297 0.824219
0 0.941406 0.818359 0.939453 0.820312 0.937500 0.820312 0.935547 0.822266 0.935547 0.832031 0.939453 0.835938 0.951172 0.835938 0.957031 0.830078 0.957031 0.824219 0.951172 0.818359
0 0.271484 0.810547 0.269531 0.812500 0.267578 0.812500 0.263672 0.816406 0.263672 0.822266 0.265625 0.824219 0.267578 0.824219 0.269531 0.826172 0.271484 0.826172 0.273438 0.828125 0.287109 0.828125 0.289062 0.826172 0.291016 0.826172 0.294922 0.822266 0.294922 0.816406 0.291016 0.812500 0.289062 0.812500 0.287109 0.810547
0 0.968750 0.728516 0.966797 0.730469 0.964844 0.730469 0.962891 0.732422 0.960938 0.732422 0.960938 0.734375 0.958984 0.736328 0.958984 0.744141 0.960938 0.746094 0.960938 0.748047 0.962891 0.750000 0.966797 0.750000 0.968750 0.751953 0.972656 0.751953 0.974609 0.750000 0.978516 0.750000 0.980469 0.748047 0.980469 0.746094 0.982422 0.744141 0.982422 0.736328 0.980469 0.734375 0.980469 0.732422 0.978516 0.732422 0.976562 0.730469 0.974609 0.730469 0.972656 0.728516
0 0.085938 0.722656 0.083984 0.724609 0.082031 0.724609 0.080078 0.726562 0.080078 0.730469 0.083984 0.734375 0.087891 0.734375 0.089844 0.736328 0.093750 0.736328 0.095703 0.734375 0.099609 0.734375 0.103516 0.730469 0.103516 0.728516 0.101562 0.726562 0.101562 0.724609 0.099609 0.724609 0.097656 0.722656
0 0.800781 0.712891 0.794922 0.718750 0.794922 0.720703 0.792969 0.722656 0.792969 0.724609 0.794922 0.726562 0.794922 0.730469 0.798828 0.734375 0.800781 0.734375 0.802734 0.736328 0.810547 0.736328 0.812500 0.734375 0.814453 0.734375 0.818359 0.730469 0.818359 0.728516 0.820312 0.726562 0.820312 0.720703 0.812500 0.712891
0 0.279297 0.691406 0.277344 0.693359 0.273438 0.693359 0.269531 0.697266 0.267578 0.697266 0.267578 0.699219 0.263672 0.703125 0.263672 0.714844 0.267578 0.718750 0.267578 0.720703 0.269531 0.722656 0.271484 0.722656 0.273438 0.724609 0.275391 0.724609 0.277344 0.726562 0.285156 0.726562 0.287109 0.724609 0.291016 0.724609 0.298828 0.716797 0.298828 0.703125 0.296875 0.701172 0.296875 0.699219 0.292969 0.695312 0.291016 0.695312 0.289062 0.693359 0.285156 0.693359 0.283203 0.691406
0 0.404297 0.687500 0.402344 0.689453 0.400391 0.689453 0.396484 0.693359 0.396484 0.697266 0.400391 0.701172 0.404297 0.701172 0.406250 0.703125 0.408203 0.701172 0.414062 0.701172 0.416016 0.699219 0.416016 0.691406 0.414062 0.689453 0.410156 0.689453 0.408203 0.687500
0 0.105469 0.623047 0.105469 0.625000 0.103516 0.626953 0.103516 0.632812 0.107422 0.636719 0.111328 0.636719 0.113281 0.634766 0.113281 0.632812 0.115234 0.630859 0.115234 0.626953 0.111328 0.623047
0 0.884766 0.619141 0.878906 0.625000 0.878906 0.630859 0.882812 0.634766 0.886719 0.634766 0.888672 0.636719 0.896484 0.636719 0.898438 0.634766 0.902344 0.634766 0.906250 0.630859 0.906250 0.623047 0.904297 0.623047 0.900391 0.619141
0 0.246094 0.619141 0.244141 0.621094 0.242188 0.621094 0.240234 0.623047 0.240234 0.625000 0.238281 0.626953 0.238281 0.636719 0.240234 0.638672 0.240234 0.640625 0.244141 0.644531 0.250000 0.644531 0.255859 0.638672 0.255859 0.625000 0.250000 0.619141
0 0.787109 0.611328 0.781250 0.617188 0.781250 0.621094 0.779297 0.623047 0.779297 0.632812 0.781250 0.634766 0.781250 0.636719 0.787109 0.642578 0.796875 0.642578 0.800781 0.638672 0.800781 0.636719 0.802734 0.634766 0.802734 0.619141 0.798828 0.615234 0.798828 0.613281 0.796875 0.613281 0.794922 0.611328
0 0.955078 0.597656 0.953125 0.599609 0.951172 0.599609 0.951172 0.605469 0.953125 0.605469 0.955078 0.607422 0.964844 0.607422 0.966797 0.605469 0.968750 0.605469 0.970703 0.603516 0.970703 0.599609 0.968750 0.599609 0.966797 0.597656
0 0.298828 0.521484 0.298828 0.523438 0.296875 0.525391 0.296875 0.535156 0.298828 0.537109 0.302734 0.537109 0.304688 0.535156 0.304688 0.523438 0.302734 0.521484
0 0.964844 0.509766 0.962891 0.511719 0.958984 0.511719 0.955078 0.515625 0.955078 0.517578 0.958984 0.521484 0.964844 0.521484 0.966797 0.523438 0.972656 0.523438 0.974609 0.521484 0.980469 0.521484 0.982422 0.519531 0.984375 0.519531 0.984375 0.513672 0.982422 0.511719 0.978516 0.511719 0.976562 0.509766
0 0.818359 0.453125 0.816406 0.455078 0.814453 0.455078 0.814453 0.457031 0.806641 0.464844 0.806641 0.466797 0.804688 0.468750 0.804688 0.472656 0.802734 0.474609 0.802734 0.500000 0.806641 0.503906 0.806641 0.507812 0.810547 0.511719 0.810547 0.513672 0.812500 0.513672 0.816406 0.517578 0.820312 0.517578 0.822266 0.519531 0.824219 0.519531 0.826172 0.517578 0.830078 0.517578 0.835938 0.511719 0.837891 0.511719 0.839844 0.509766 0.839844 0.507812 0.841797 0.505859 0.841797 0.503906 0.843750 0.501953 0.843750 0.496094 0.845703 0.494141 0.845703 0.476562 0.843750 0.474609 0.843750 0.470703 0.841797 0.468750 0.841797 0.464844 0.835938 0.458984 0.835938 0.457031 0.833984 0.457031 0.832031 0.455078 0.830078 0.455078 0.828125 0.453125
0 0.978516 0.400391 0.976562 0.402344 0.974609 0.402344 0.972656 0.404297 0.972656 0.408203 0.974609 0.408203 0.976562 0.410156 0.978516 0.410156 0.980469 0.412109 0.998047 0.412109 0.998047 0.400391