0 0.884766 0.843750 0.882812 0.845703 0.882812 0.849609 0.886719 0.853516 0.890625 0.853516 0.894531 0.849609 0.894531 0.845703 0.892578 0.843750
0 0.824219 0.785156 0.822266 0.787109 0.822266 0.792969 0.826172 0.796875 0.828125 0.796875 0.830078 0.794922 0.830078 0.792969 0.832031 0.791016 0.830078 0.789062 0.830078 0.787109 0.828125 0.785156
0 0.908203 0.718750 0.906250 0.720703 0.906250 0.730469 0.908203 0.732422 0.914062 0.732422 0.914062 0.730469 0.916016 0.728516 0.916016 0.722656 0.912109 0.718750
0 0.148438 0.568359 0.146484 0.570312 0.146484 0.578125 0.148438 0.580078 0.154297 0.580078 0.156250 0.578125 0.156250 0.570312 0.154297 0.568359
0 0.775391 0.554688 0.771484 0.558594 0.771484 0.560547 0.775391 0.564453 0.779297 0.564453 0.781250 0.562500 0.783203 0.562500 0.783203 0.556641 0.781250 0.556641 0.779297 0.554688
0 0.109375 0.457031 0.107422 0.458984 0.107422 0.462891 0.109375 0.464844 0.117188 0.464844 0.119141 0.462891 0.119141 0.458984 0.117188 0.457031
0 0.980469 0.183594 0.978516 0.185547 0.978516 0.191406 0.980469 0.191406 0.982422 0.193359 0.990234 0.193359 0.992188 0.191406 0.994141 0.191406 0.994141 0.185547 0.992188 0.183594
0 0.886719 0.181641 0.884766 0.183594 0.882812 0.183594 0.882812 0.185547 0.880859 0.187500 0.880859 0.191406 0.882812 0.193359 0.882812 0.195312 0.886719 0.199219 0.892578 0.199219 0.894531 0.197266 0.896484 0.197266 0.898438 0.195312 0.898438 0.193359 0.900391 0.191406 0.900391 0.189453 0.898438 0.187500 0.898438 0.185547 0.894531 0.181641
0 0.978516 0.146484 0.976562 0.148438 0.976562 0.158203 0.978516 0.160156 0.982422 0.160156 0.984375 0.158203 0.984375 0.156250 0.986328 0.154297 0.986328 0.152344 0.984375 0.150391 0.984375 0.148438 0.982422 0.146484
0 0.935547 0.146484 0.931641 0.150391 0.931641 0.158203 0.933594 0.160156 0.933594 0.162109 0.935547 0.164062 0.945312 0.164062 0.947266 0.162109 0.947266 0.160156 0.949219 0.158203 0.949219 0.150391 0.945312 0.146484
0 0.888672 0.123047 0.886719 0.125000 0.884766 0.125000 0.882812 0.126953 0.882812 0.128906 0.884766 0.130859 0.894531 0.130859 0.896484 0.128906 0.896484 0.125000 0.892578 0.125000 0.890625 0.123047
0 0.937500 0.091797 0.933594 0.095703 0.933594 0.105469 0.935547 0.107422 0.941406 0.107422 0.941406 0.103516 0.943359 0.101562 0.943359 0.099609 0.941406 0.097656 0.941406 0.093750 0.939453 0.091797