0 0.255859 0.884766 0.253906 0.886719 0.253906 0.890625 0.255859 0.892578 0.263672 0.892578 0.265625 0.890625 0.265625 0.886719 0.263672 0.884766
0 0.339844 0.824219 0.337891 0.826172 0.333984 0.826172 0.330078 0.830078 0.330078 0.837891 0.332031 0.839844 0.332031 0.841797 0.333984 0.841797 0.335938 0.843750 0.343750 0.843750 0.345703 0.841797 0.347656 0.841797 0.349609 0.839844 0.349609 0.830078 0.345703 0.826172 0.341797 0.826172
0 0.679688 0.787109 0.675781 0.791016 0.675781 0.796875 0.673828 0.798828 0.673828 0.800781 0.675781 0.802734 0.675781 0.808594 0.679688 0.812500 0.685547 0.812500 0.687500 0.810547 0.687500 0.808594 0.689453 0.806641 0.689453 0.792969 0.687500 0.791016 0.687500 0.789062 0.685547 0.787109
0 0.636719 0.773438 0.634766 0.775391 0.632812 0.775391 0.630859 0.777344 0.630859 0.781250 0.628906 0.783203 0.628906 0.787109 0.630859 0.789062 0.630859 0.792969 0.632812 0.794922 0.634766 0.794922 0.636719 0.796875 0.646484 0.796875 0.648438 0.794922 0.650391 0.794922 0.650391 0.792969 0.652344 0.791016 0.652344 0.789062 0.654297 0.787109 0.654297 0.783203 0.652344 0.781250 0.652344 0.779297 0.650391 0.777344 0.650391 0.775391 0.648438 0.775391 0.646484 0.773438
0 0.750000 0.769531 0.748047 0.771484 0.746094 0.771484 0.746094 0.773438 0.744141 0.775391 0.744141 0.785156 0.746094 0.787109 0.746094 0.789062 0.748047 0.789062 0.750000 0.791016 0.757812 0.791016 0.761719 0.787109 0.761719 0.785156 0.763672 0.783203 0.763672 0.777344 0.761719 0.775391 0.761719 0.773438 0.759766 0.771484 0.757812 0.771484 0.755859 0.769531
0 0.294922 0.753906 0.291016 0.757812 0.291016 0.761719 0.294922 0.765625 0.302734 0.765625 0.302734 0.763672 0.304688 0.761719 0.304688 0.757812 0.300781 0.753906
0 0.710938 0.750000 0.707031 0.753906 0.707031 0.767578 0.708984 0.769531 0.708984 0.771484 0.710938 0.771484 0.712891 0.773438 0.714844 0.773438 0.716797 0.771484 0.718750 0.771484 0.718750 0.769531 0.720703 0.767578 0.720703 0.753906 0.716797 0.750000
0 0.339844 0.730469 0.337891 0.732422 0.335938 0.732422 0.335938 0.738281 0.337891 0.740234 0.339844 0.740234 0.341797 0.742188 0.345703 0.742188 0.347656 0.740234 0.349609 0.740234 0.351562 0.738281 0.351562 0.734375 0.347656 0.730469
0 0.298828 0.730469 0.296875 0.732422 0.296875 0.740234 0.298828 0.740234 0.300781 0.742188 0.314453 0.742188 0.318359 0.738281 0.318359 0.734375 0.314453 0.730469
0 0.572266 0.716797 0.570312 0.718750 0.568359 0.718750 0.564453 0.722656 0.564453 0.728516 0.568359 0.732422 0.570312 0.732422 0.572266 0.734375 0.578125 0.734375 0.583984 0.728516 0.583984 0.722656 0.578125 0.716797
0 0.726562 0.662109 0.722656 0.666016 0.722656 0.667969 0.720703 0.669922 0.720703 0.671875 0.722656 0.673828 0.722656 0.677734 0.726562 0.681641 0.736328 0.681641 0.742188 0.675781 0.742188 0.667969 0.740234 0.666016 0.740234 0.664062 0.738281 0.664062 0.736328 0.662109
0 0.464844 0.599609 0.462891 0.601562 0.460938 0.601562 0.458984 0.603516 0.458984 0.605469 0.457031 0.607422 0.457031 0.615234 0.458984 0.617188 0.458984 0.619141 0.460938 0.619141 0.462891 0.621094 0.476562 0.621094 0.482422 0.615234 0.482422 0.607422 0.476562 0.601562 0.474609 0.601562 0.472656 0.599609
0 0.255859 0.560547 0.253906 0.562500 0.253906 0.568359 0.255859 0.570312 0.255859 0.572266 0.259766 0.572266 0.261719 0.570312 0.261719 0.562500 0.259766 0.560547
0 0.208984 0.548828 0.205078 0.552734 0.205078 0.562500 0.208984 0.566406 0.212891 0.566406 0.214844 0.564453 0.216797 0.564453 0.216797 0.562500 0.218750 0.560547 0.218750 0.554688 0.216797 0.552734 0.216797 0.550781 0.214844 0.550781 0.212891 0.548828
0 0.593750 0.521484 0.585938 0.529297 0.585938 0.535156 0.593750 0.542969 0.605469 0.542969 0.607422 0.541016 0.609375 0.541016 0.611328 0.539062 0.611328 0.537109 0.613281 0.535156 0.613281 0.529297 0.611328 0.527344 0.611328 0.525391 0.609375 0.523438 0.607422 0.523438 0.605469 0.521484
0 0.419922 0.484375 0.416016 0.488281 0.416016 0.490234 0.417969 0.492188 0.417969 0.494141 0.423828 0.494141 0.425781 0.492188 0.425781 0.486328 0.423828 0.484375
0 0.683594 0.423828 0.681641 0.425781 0.681641 0.427734 0.679688 0.429688 0.679688 0.431641 0.681641 0.433594 0.681641 0.435547 0.683594 0.437500 0.689453 0.437500 0.691406 0.435547 0.691406 0.425781 0.689453 0.423828
0 0.833984 0.414062 0.832031 0.416016 0.832031 0.419922 0.830078 0.421875 0.830078 0.423828 0.832031 0.425781 0.832031 0.429688 0.833984 0.431641 0.837891 0.431641 0.841797 0.427734 0.841797 0.417969 0.837891 0.414062
0 0.814453 0.384766 0.812500 0.386719 0.810547 0.386719 0.808594 0.388672 0.808594 0.392578 0.806641 0.394531 0.806641 0.400391 0.808594 0.402344 0.808594 0.406250 0.810547 0.408203 0.816406 0.408203 0.820312 0.404297 0.820312 0.398438 0.822266 0.396484 0.820312 0.394531 0.820312 0.388672 0.818359 0.386719 0.816406 0.386719
0 0.539062 0.283203 0.535156 0.287109 0.535156 0.291016 0.539062 0.294922 0.546875 0.294922 0.550781 0.291016 0.550781 0.287109 0.546875 0.283203
0 0.568359 0.253906 0.566406 0.255859 0.564453 0.255859 0.562500 0.257812 0.562500 0.259766 0.560547 0.261719 0.560547 0.267578 0.566406 0.273438 0.574219 0.273438 0.580078 0.267578 0.580078 0.259766 0.576172 0.255859 0.574219 0.255859 0.572266 0.253906