0 0.255859 0.982422 0.253906 0.984375 0.250000 0.984375 0.250000 0.986328 0.246094 0.990234 0.246094 0.992188 0.248047 0.994141 0.248047 0.996094 0.250000 0.998047 0.265625 0.998047 0.269531 0.994141 0.269531 0.988281 0.265625 0.984375 0.263672 0.984375 0.261719 0.982422
0 0.308594 0.978516 0.304688 0.982422 0.304688 0.998047 0.312500 0.998047 0.312500 0.982422
0 0.958984 0.937500 0.957031 0.939453 0.955078 0.939453 0.953125 0.941406 0.953125 0.943359 0.951172 0.945312 0.951172 0.957031 0.953125 0.958984 0.953125 0.960938 0.955078 0.962891 0.957031 0.962891 0.958984 0.964844 0.960938 0.964844 0.962891 0.962891 0.964844 0.962891 0.964844 0.960938 0.968750 0.957031 0.968750 0.945312 0.964844 0.941406 0.964844 0.939453 0.962891 0.939453 0.960938 0.937500
0 0.304688 0.890625 0.304688 0.892578 0.302734 0.894531 0.302734 0.900391 0.304688 0.902344 0.304688 0.904297 0.312500 0.904297 0.314453 0.902344 0.314453 0.892578 0.312500 0.890625
0 0.250000 0.863281 0.246094 0.867188 0.246094 0.869141 0.244141 0.871094 0.244141 0.880859 0.246094 0.882812 0.246094 0.884766 0.248047 0.886719 0.250000 0.886719 0.251953 0.888672 0.253906 0.888672 0.255859 0.886719 0.257812 0.886719 0.261719 0.882812 0.261719 0.878906 0.263672 0.876953 0.263672 0.875000 0.261719 0.873047 0.261719 0.867188 0.257812 0.863281
0 0.000000 0.560547 0.000000 0.578125 0.003906 0.578125 0.005859 0.576172 0.005859 0.574219 0.007812 0.572266 0.007812 0.564453 0.005859 0.562500 0.005859 0.560547
0 0.605469 0.548828 0.605469 0.550781 0.603516 0.552734 0.603516 0.556641 0.607422 0.560547 0.609375 0.560547 0.613281 0.556641 0.613281 0.550781 0.611328 0.548828
0 0.898438 0.371094 0.894531 0.375000 0.894531 0.380859 0.896484 0.382812 0.910156 0.382812 0.914062 0.378906 0.914062 0.375000 0.912109 0.373047 0.910156 0.373047 0.908203 0.371094
0 0.917969 0.328125 0.916016 0.330078 0.914062 0.330078 0.914062 0.332031 0.912109 0.333984 0.912109 0.347656 0.914062 0.349609 0.914062 0.351562 0.916016 0.351562 0.917969 0.353516 0.919922 0.353516 0.921875 0.351562 0.923828 0.351562 0.923828 0.349609 0.925781 0.347656 0.925781 0.333984 0.923828 0.332031 0.923828 0.330078 0.921875 0.330078 0.919922 0.328125
0 0.529297 0.300781 0.527344 0.302734 0.525391 0.302734 0.525391 0.304688 0.523438 0.306641 0.523438 0.318359 0.525391 0.320312 0.525391 0.322266 0.529297 0.326172 0.531250 0.324219 0.533203 0.324219 0.533203 0.322266 0.535156 0.320312 0.535156 0.306641 0.533203 0.304688 0.533203 0.302734 0.531250 0.300781
0 0.126953 0.287109 0.125000 0.289062 0.125000 0.291016 0.123047 0.292969 0.123047 0.296875 0.126953 0.300781 0.134766 0.300781 0.136719 0.298828 0.136719 0.289062 0.134766 0.289062 0.132812 0.287109
0 0.876953 0.246094 0.875000 0.248047 0.875000 0.257812 0.876953 0.259766 0.880859 0.259766 0.882812 0.257812 0.882812 0.248047 0.880859 0.246094
0 0.345703 0.208984 0.343750 0.210938 0.341797 0.210938 0.337891 0.214844 0.337891 0.222656 0.339844 0.224609 0.339844 0.226562 0.341797 0.226562 0.343750 0.228516 0.353516 0.228516 0.355469 0.226562 0.357422 0.226562 0.357422 0.224609 0.359375 0.222656 0.359375 0.214844 0.355469 0.210938 0.353516 0.210938 0.351562 0.208984
0 0.777344 0.185547 0.775391 0.187500 0.773438 0.187500 0.769531 0.191406 0.769531 0.193359 0.767578 0.195312 0.767578 0.205078 0.769531 0.207031 0.769531 0.208984 0.775391 0.214844 0.779297 0.214844 0.781250 0.212891 0.783203 0.212891 0.785156 0.210938 0.785156 0.208984 0.787109 0.207031 0.787109 0.193359 0.785156 0.191406 0.785156 0.189453 0.783203 0.187500 0.781250 0.187500 0.779297 0.185547
0 0.425781 0.121094 0.421875 0.125000 0.421875 0.126953 0.419922 0.128906 0.419922 0.144531 0.421875 0.146484 0.421875 0.148438 0.423828 0.150391 0.423828 0.152344 0.431641 0.152344 0.431641 0.150391 0.433594 0.148438 0.433594 0.146484 0.435547 0.144531 0.435547 0.130859 0.433594 0.128906 0.433594 0.125000 0.429688 0.121094
0 0.341797 0.117188 0.341797 0.121094 0.339844 0.123047 0.339844 0.128906 0.341797 0.130859 0.341797 0.134766 0.343750 0.136719 0.345703 0.136719 0.347656 0.134766 0.347656 0.119141 0.345703 0.117188
0 0.585938 0.105469 0.583984 0.107422 0.582031 0.107422 0.582031 0.109375 0.580078 0.111328 0.580078 0.119141 0.582031 0.121094 0.582031 0.123047 0.583984 0.123047 0.585938 0.125000 0.589844 0.125000 0.595703 0.119141 0.595703 0.111328 0.591797 0.107422 0.589844 0.107422 0.587891 0.105469
0 0.529297 0.093750 0.527344 0.095703 0.525391 0.095703 0.525391 0.097656 0.523438 0.099609 0.523438 0.109375 0.525391 0.111328 0.525391 0.113281 0.527344 0.113281 0.529297 0.115234 0.537109 0.115234 0.539062 0.113281 0.541016 0.113281 0.542969 0.111328 0.542969 0.109375 0.544922 0.107422 0.544922 0.101562 0.542969 0.099609 0.542969 0.097656 0.541016 0.095703 0.539062 0.095703 0.537109 0.093750
0 0.449219 0.048828 0.449219 0.050781 0.447266 0.052734 0.447266 0.062500 0.449219 0.064453 0.455078 0.064453 0.455078 0.062500 0.457031 0.060547 0.457031 0.054688 0.455078 0.052734 0.455078 0.050781 0.453125 0.048828