0 0.544922 0.607422 0.542969 0.609375 0.539062 0.609375 0.537109 0.611328 0.537109 0.613281 0.535156 0.615234 0.535156 0.617188 0.537109 0.619141 0.537109 0.621094 0.539062 0.621094 0.541016 0.623047 0.542969 0.623047 0.544922 0.625000 0.554688 0.625000 0.556641 0.623047 0.558594 0.623047 0.560547 0.621094 0.562500 0.621094 0.562500 0.611328 0.560547 0.609375 0.556641 0.609375 0.554688 0.607422
0 0.496094 0.580078 0.494141 0.582031 0.486328 0.582031 0.480469 0.587891 0.480469 0.595703 0.482422 0.597656 0.484375 0.597656 0.486328 0.599609 0.492188 0.599609 0.494141 0.601562 0.500000 0.601562 0.501953 0.599609 0.507812 0.599609 0.509766 0.597656 0.511719 0.597656 0.513672 0.595703 0.513672 0.587891 0.507812 0.582031 0.500000 0.582031 0.498047 0.580078
0 0.255859 0.556641 0.253906 0.558594 0.251953 0.558594 0.248047 0.562500 0.248047 0.566406 0.251953 0.570312 0.253906 0.570312 0.255859 0.572266 0.263672 0.572266 0.265625 0.570312 0.267578 0.570312 0.271484 0.566406 0.271484 0.562500 0.267578 0.558594 0.265625 0.558594 0.263672 0.556641
0 0.353516 0.552734 0.351562 0.554688 0.347656 0.554688 0.345703 0.556641 0.345703 0.558594 0.343750 0.560547 0.343750 0.562500 0.349609 0.568359 0.359375 0.568359 0.365234 0.562500 0.365234 0.558594 0.361328 0.554688 0.359375 0.554688 0.357422 0.552734
0 0.312500 0.529297 0.306641 0.535156 0.306641 0.537109 0.312500 0.542969 0.328125 0.542969 0.330078 0.541016 0.332031 0.541016 0.333984 0.539062 0.333984 0.533203 0.332031 0.531250 0.330078 0.531250 0.328125 0.529297
0 0.357422 0.507812 0.353516 0.511719 0.353516 0.515625 0.357422 0.519531 0.367188 0.519531 0.371094 0.515625 0.371094 0.511719 0.367188 0.507812
0 0.501953 0.494141 0.498047 0.498047 0.496094 0.498047 0.496094 0.501953 0.494141 0.503906 0.494141 0.515625 0.496094 0.517578 0.496094 0.521484 0.498047 0.521484 0.501953 0.525391 0.513672 0.525391 0.517578 0.521484 0.517578 0.519531 0.519531 0.517578 0.519531 0.515625 0.521484 0.513672 0.521484 0.505859 0.519531 0.503906 0.519531 0.501953 0.517578 0.500000 0.517578 0.498047 0.513672 0.494141
0 0.281250 0.488281 0.279297 0.490234 0.277344 0.490234 0.273438 0.494141 0.273438 0.501953 0.275391 0.503906 0.275391 0.505859 0.277344 0.505859 0.279297 0.507812 0.291016 0.507812 0.294922 0.503906 0.294922 0.494141 0.292969 0.492188 0.292969 0.490234 0.291016 0.490234 0.289062 0.488281
0 0.632812 0.458984 0.630859 0.460938 0.628906 0.460938 0.626953 0.462891 0.625000 0.462891 0.621094 0.466797 0.621094 0.468750 0.619141 0.470703 0.619141 0.486328 0.621094 0.488281 0.621094 0.490234 0.625000 0.494141 0.626953 0.494141 0.628906 0.496094 0.630859 0.496094 0.632812 0.498047 0.636719 0.498047 0.638672 0.496094 0.640625 0.496094 0.642578 0.494141 0.644531 0.494141 0.644531 0.492188 0.646484 0.490234 0.648438 0.490234 0.648438 0.488281 0.650391 0.486328 0.650391 0.470703 0.648438 0.468750 0.648438 0.466797 0.644531 0.462891 0.642578 0.462891 0.640625 0.460938 0.638672 0.460938 0.636719 0.458984
0 0.541016 0.445312 0.539062 0.447266 0.537109 0.447266 0.531250 0.453125 0.531250 0.462891 0.533203 0.464844 0.533203 0.466797 0.535156 0.468750 0.537109 0.468750 0.539062 0.470703 0.550781 0.470703 0.552734 0.468750 0.554688 0.468750 0.556641 0.466797 0.556641 0.464844 0.558594 0.462891 0.558594 0.455078 0.556641 0.453125 0.556641 0.451172 0.554688 0.449219 0.552734 0.449219 0.550781 0.447266 0.548828 0.447266 0.546875 0.445312
0 0.662109 0.404297 0.660156 0.406250 0.658203 0.406250 0.658203 0.408203 0.656250 0.410156 0.656250 0.414062 0.654297 0.416016 0.654297 0.425781 0.656250 0.427734 0.656250 0.431641 0.658203 0.433594 0.658203 0.435547 0.660156 0.435547 0.662109 0.437500 0.666016 0.437500 0.669922 0.433594 0.669922 0.431641 0.671875 0.429688 0.671875 0.412109 0.669922 0.410156 0.669922 0.408203 0.666016 0.404297
0 0.507812 0.335938 0.505859 0.337891 0.501953 0.337891 0.494141 0.345703 0.494141 0.351562 0.501953 0.359375 0.505859 0.359375 0.507812 0.361328 0.519531 0.361328 0.521484 0.359375 0.523438 0.359375 0.525391 0.357422 0.527344 0.357422 0.531250 0.353516 0.531250 0.343750 0.527344 0.339844 0.525391 0.339844 0.523438 0.337891 0.521484 0.337891 0.519531 0.335938