0 0.656250 0.740234 0.654297 0.742188 0.650391 0.742188 0.646484 0.746094 0.646484 0.750000 0.648438 0.751953 0.648438 0.753906 0.650391 0.753906 0.652344 0.755859 0.660156 0.755859 0.662109 0.753906 0.664062 0.753906 0.666016 0.751953 0.666016 0.746094 0.662109 0.742188 0.660156 0.742188 0.658203 0.740234
0 0.724609 0.703125 0.720703 0.707031 0.720703 0.712891 0.724609 0.716797 0.728516 0.716797 0.730469 0.714844 0.732422 0.714844 0.732422 0.705078 0.730469 0.705078 0.728516 0.703125
0 0.841797 0.687500 0.841797 0.691406 0.839844 0.693359 0.839844 0.705078 0.841797 0.707031 0.841797 0.708984 0.843750 0.708984 0.843750 0.705078 0.845703 0.703125 0.845703 0.693359 0.843750 0.691406 0.843750 0.687500
0 0.929688 0.652344 0.927734 0.654297 0.925781 0.654297 0.923828 0.656250 0.923828 0.664062 0.925781 0.666016 0.927734 0.666016 0.929688 0.667969 0.941406 0.667969 0.943359 0.666016 0.945312 0.666016 0.947266 0.664062 0.947266 0.656250 0.945312 0.654297 0.941406 0.654297 0.939453 0.652344
0 0.765625 0.634766 0.761719 0.638672 0.763672 0.640625 0.775391 0.640625 0.777344 0.638672 0.777344 0.636719 0.775391 0.634766
0 0.669922 0.621094 0.667969 0.623047 0.667969 0.625000 0.666016 0.626953 0.666016 0.638672 0.667969 0.640625 0.667969 0.642578 0.671875 0.646484 0.675781 0.646484 0.679688 0.642578 0.679688 0.640625 0.681641 0.638672 0.681641 0.626953 0.679688 0.625000 0.679688 0.623047 0.677734 0.621094
0 0.728516 0.568359 0.726562 0.570312 0.724609 0.570312 0.724609 0.572266 0.726562 0.574219 0.742188 0.574219 0.744141 0.572266 0.744141 0.570312 0.742188 0.568359
0 0.662109 0.554688 0.660156 0.556641 0.660156 0.564453 0.662109 0.564453 0.664062 0.566406 0.673828 0.566406 0.675781 0.564453 0.677734 0.564453 0.677734 0.556641 0.675781 0.554688
0 0.662109 0.490234 0.658203 0.494141 0.656250 0.494141 0.652344 0.498047 0.652344 0.505859 0.654297 0.507812 0.654297 0.509766 0.656250 0.511719 0.658203 0.511719 0.660156 0.513672 0.662109 0.513672 0.664062 0.515625 0.675781 0.515625 0.677734 0.513672 0.679688 0.513672 0.681641 0.511719 0.683594 0.511719 0.685547 0.509766 0.685547 0.507812 0.687500 0.505859 0.687500 0.498047 0.683594 0.494141 0.681641 0.494141 0.677734 0.490234
0 0.837891 0.457031 0.835938 0.458984 0.835938 0.460938 0.833984 0.462891 0.833984 0.466797 0.835938 0.468750 0.835938 0.470703 0.839844 0.474609 0.841797 0.474609 0.845703 0.470703 0.845703 0.460938 0.843750 0.458984 0.843750 0.457031
0 0.728516 0.175781 0.726562 0.177734 0.726562 0.183594 0.728516 0.185547 0.738281 0.185547 0.740234 0.183594 0.740234 0.177734 0.738281 0.175781
0 0.605469 0.169922 0.603516 0.171875 0.603516 0.173828 0.601562 0.175781 0.603516 0.177734 0.603516 0.179688 0.605469 0.181641 0.617188 0.181641 0.619141 0.179688 0.621094 0.179688 0.621094 0.171875 0.619141 0.171875 0.617188 0.169922
0 0.564453 0.111328 0.562500 0.113281 0.560547 0.113281 0.556641 0.117188 0.556641 0.126953 0.560547 0.130859 0.562500 0.130859 0.564453 0.132812 0.574219 0.132812 0.580078 0.126953 0.580078 0.125000 0.582031 0.123047 0.582031 0.121094 0.580078 0.119141 0.580078 0.117188 0.574219 0.111328
0 0.650391 0.080078 0.646484 0.083984 0.646484 0.091797 0.648438 0.093750 0.650391 0.093750 0.652344 0.095703 0.654297 0.095703 0.656250 0.093750 0.658203 0.093750 0.658203 0.091797 0.660156 0.089844 0.660156 0.083984 0.658203 0.082031 0.656250 0.082031 0.654297 0.080078