0 0.224609 0.943359 0.222656 0.945312 0.220703 0.945312 0.218750 0.947266 0.216797 0.947266 0.210938 0.953125 0.210938 0.955078 0.207031 0.958984 0.207031 0.962891 0.205078 0.964844 0.205078 0.984375 0.207031 0.986328 0.207031 0.990234 0.214844 0.998047 0.250000 0.998047 0.257812 0.990234 0.257812 0.986328 0.259766 0.984375 0.259766 0.964844 0.257812 0.962891 0.257812 0.958984 0.253906 0.955078 0.253906 0.953125 0.248047 0.947266 0.246094 0.947266 0.242188 0.943359
0 0.458984 0.914062 0.457031 0.916016 0.449219 0.916016 0.447266 0.917969 0.445312 0.917969 0.441406 0.921875 0.439453 0.921875 0.437500 0.923828 0.437500 0.925781 0.435547 0.927734 0.435547 0.933594 0.437500 0.935547 0.437500 0.937500 0.439453 0.937500 0.443359 0.941406 0.445312 0.941406 0.447266 0.943359 0.451172 0.943359 0.453125 0.945312 0.474609 0.945312 0.476562 0.943359 0.480469 0.943359 0.482422 0.941406 0.484375 0.941406 0.488281 0.937500 0.490234 0.937500 0.490234 0.935547 0.492188 0.933594 0.492188 0.927734 0.490234 0.925781 0.490234 0.923828 0.488281 0.921875 0.486328 0.921875 0.482422 0.917969 0.480469 0.917969 0.478516 0.916016 0.468750 0.916016 0.466797 0.914062
0 0.927734 0.851562 0.925781 0.853516 0.921875 0.853516 0.919922 0.855469 0.917969 0.855469 0.914062 0.859375 0.912109 0.859375 0.906250 0.865234 0.906250 0.867188 0.904297 0.869141 0.904297 0.878906 0.906250 0.880859 0.906250 0.882812 0.908203 0.884766 0.908203 0.886719 0.910156 0.886719 0.916016 0.892578 0.919922 0.892578 0.923828 0.896484 0.933594 0.896484 0.935547 0.898438 0.943359 0.898438 0.945312 0.896484 0.951172 0.896484 0.953125 0.894531 0.957031 0.894531 0.958984 0.892578 0.960938 0.892578 0.962891 0.890625 0.964844 0.890625 0.966797 0.888672 0.966797 0.886719 0.970703 0.882812 0.970703 0.880859 0.972656 0.878906 0.972656 0.867188 0.970703 0.865234 0.970703 0.863281 0.968750 0.861328 0.966797 0.861328 0.960938 0.855469 0.957031 0.855469 0.955078 0.853516 0.953125 0.853516 0.951172 0.851562
0 0.753906 0.835938 0.751953 0.837891 0.742188 0.837891 0.738281 0.841797 0.734375 0.841797 0.730469 0.845703 0.728516 0.845703 0.718750 0.855469 0.718750 0.857422 0.714844 0.861328 0.714844 0.865234 0.712891 0.867188 0.712891 0.888672 0.714844 0.890625 0.714844 0.892578 0.718750 0.896484 0.718750 0.900391 0.724609 0.906250 0.726562 0.906250 0.732422 0.912109 0.736328 0.912109 0.740234 0.916016 0.748047 0.916016 0.750000 0.917969 0.765625 0.917969 0.767578 0.916016 0.773438 0.916016 0.775391 0.914062 0.777344 0.914062 0.779297 0.912109 0.781250 0.912109 0.783203 0.910156 0.785156 0.910156 0.798828 0.896484 0.798828 0.892578 0.800781 0.890625 0.800781 0.886719 0.802734 0.884766 0.802734 0.869141 0.800781 0.867188 0.800781 0.863281 0.796875 0.859375 0.796875 0.855469 0.785156 0.843750 0.781250 0.843750 0.777344 0.839844 0.773438 0.839844 0.771484 0.837891 0.763672 0.837891 0.761719 0.835938
0 0.408203 0.712891 0.406250 0.714844 0.404297 0.714844 0.404297 0.722656 0.406250 0.724609 0.408203 0.724609 0.410156 0.726562 0.412109 0.726562 0.414062 0.724609 0.417969 0.724609 0.417969 0.722656 0.419922 0.720703 0.419922 0.718750 0.417969 0.716797 0.417969 0.714844 0.416016 0.714844 0.414062 0.712891
0 0.027344 0.697266 0.025391 0.699219 0.023438 0.699219 0.021484 0.701172 0.017578 0.701172 0.009766 0.708984 0.009766 0.710938 0.007812 0.712891 0.007812 0.714844 0.005859 0.716797 0.005859 0.722656 0.007812 0.724609 0.007812 0.726562 0.009766 0.728516 0.009766 0.730469 0.015625 0.736328 0.019531 0.736328 0.023438 0.740234 0.029297 0.740234 0.031250 0.742188 0.037109 0.742188 0.039062 0.740234 0.046875 0.740234 0.050781 0.736328 0.052734 0.736328 0.060547 0.728516 0.060547 0.726562 0.062500 0.724609 0.062500 0.714844 0.060547 0.712891 0.060547 0.710938 0.050781 0.701172 0.048828 0.701172 0.046875 0.699219 0.042969 0.699219 0.041016 0.697266
0 0.203125 0.625000 0.201172 0.626953 0.197266 0.626953 0.195312 0.628906 0.191406 0.628906 0.187500 0.632812 0.185547 0.632812 0.179688 0.638672 0.179688 0.642578 0.175781 0.646484 0.175781 0.666016 0.177734 0.667969 0.177734 0.669922 0.179688 0.671875 0.179688 0.675781 0.183594 0.679688 0.185547 0.679688 0.189453 0.683594 0.193359 0.683594 0.197266 0.687500 0.214844 0.687500 0.216797 0.685547 0.218750 0.685547 0.220703 0.683594 0.224609 0.683594 0.232422 0.675781 0.232422 0.673828 0.236328 0.669922 0.236328 0.662109 0.238281 0.660156 0.238281 0.652344 0.236328 0.650391 0.236328 0.644531 0.234375 0.642578 0.234375 0.640625 0.222656 0.628906 0.218750 0.628906 0.216797 0.626953 0.212891 0.626953 0.210938 0.625000
0 0.691406 0.546875 0.689453 0.548828 0.687500 0.548828 0.685547 0.550781 0.685547 0.554688 0.687500 0.556641 0.689453 0.556641 0.691406 0.558594 0.708984 0.558594 0.710938 0.556641 0.712891 0.556641 0.714844 0.554688 0.714844 0.550781 0.712891 0.548828 0.710938 0.548828 0.708984 0.546875
0 0.449219 0.503906 0.445312 0.507812 0.445312 0.509766 0.443359 0.511719 0.443359 0.515625 0.445312 0.517578 0.445312 0.519531 0.447266 0.521484 0.451172 0.521484 0.455078 0.517578 0.455078 0.507812 0.451172 0.503906
0 0.949219 0.496094 0.945312 0.500000 0.943359 0.500000 0.941406 0.501953 0.941406 0.503906 0.937500 0.507812 0.937500 0.509766 0.935547 0.511719 0.935547 0.535156 0.937500 0.537109 0.937500 0.539062 0.941406 0.542969 0.941406 0.544922 0.943359 0.546875 0.945312 0.546875 0.947266 0.548828 0.957031 0.548828 0.958984 0.546875 0.960938 0.546875 0.960938 0.544922 0.964844 0.541016 0.964844 0.539062 0.966797 0.537109 0.966797 0.533203 0.968750 0.531250 0.968750 0.513672 0.966797 0.511719 0.966797 0.509766 0.964844 0.507812 0.964844 0.505859 0.960938 0.501953 0.960938 0.500000 0.958984 0.500000 0.957031 0.498047 0.955078 0.498047 0.953125 0.496094
0 0.378906 0.492188 0.376953 0.494141 0.375000 0.494141 0.373047 0.496094 0.373047 0.498047 0.371094 0.500000 0.371094 0.507812 0.373047 0.509766 0.373047 0.511719 0.376953 0.515625 0.386719 0.515625 0.388672 0.513672 0.388672 0.511719 0.390625 0.509766 0.390625 0.500000 0.388672 0.498047 0.388672 0.496094 0.384766 0.492188
0 0.154297 0.476562 0.152344 0.478516 0.150391 0.478516 0.148438 0.480469 0.146484 0.480469 0.142578 0.484375 0.142578 0.486328 0.140625 0.488281 0.140625 0.494141 0.142578 0.496094 0.142578 0.498047 0.148438 0.503906 0.150391 0.503906 0.152344 0.505859 0.158203 0.505859 0.160156 0.507812 0.166016 0.507812 0.167969 0.505859 0.173828 0.505859 0.175781 0.503906 0.177734 0.503906 0.183594 0.498047 0.183594 0.494141 0.185547 0.492188 0.183594 0.490234 0.183594 0.484375 0.181641 0.484375 0.179688 0.482422 0.179688 0.480469 0.177734 0.480469 0.175781 0.478516 0.173828 0.478516 0.171875 0.476562
0 0.660156 0.425781 0.658203 0.427734 0.656250 0.427734 0.654297 0.429688 0.652344 0.429688 0.650391 0.431641 0.650391 0.433594 0.648438 0.435547 0.648438 0.445312 0.650391 0.447266 0.650391 0.449219 0.652344 0.451172 0.654297 0.451172 0.658203 0.455078 0.673828 0.455078 0.675781 0.453125 0.677734 0.453125 0.683594 0.447266 0.683594 0.443359 0.685547 0.441406 0.683594 0.439453 0.683594 0.435547 0.681641 0.433594 0.681641 0.431641 0.677734 0.427734 0.673828 0.427734 0.671875 0.425781
0 0.853516 0.380859 0.851562 0.382812 0.849609 0.382812 0.847656 0.384766 0.845703 0.384766 0.839844 0.390625 0.839844 0.392578 0.835938 0.396484 0.835938 0.419922 0.839844 0.423828 0.839844 0.427734 0.843750 0.431641 0.845703 0.431641 0.849609 0.435547 0.861328 0.435547 0.863281 0.433594 0.865234 0.433594 0.873047 0.425781 0.873047 0.421875 0.875000 0.419922 0.875000 0.417969 0.876953 0.416016 0.876953 0.402344 0.875000 0.400391 0.875000 0.396484 0.873047 0.394531 0.873047 0.392578 0.867188 0.386719 0.867188 0.384766 0.865234 0.384766 0.863281 0.382812 0.859375 0.382812 0.857422 0.380859
0 0.503906 0.380859 0.501953 0.382812 0.500000 0.382812 0.498047 0.384766 0.498047 0.386719 0.496094 0.388672 0.496094 0.390625 0.494141 0.392578 0.496094 0.394531 0.496094 0.398438 0.498047 0.400391 0.498047 0.402344 0.500000 0.404297 0.501953 0.404297 0.503906 0.406250 0.521484 0.406250 0.525391 0.402344 0.527344 0.402344 0.527344 0.400391 0.529297 0.398438 0.529297 0.388672 0.527344 0.386719 0.527344 0.384766 0.525391 0.384766 0.521484 0.380859
0 0.417969 0.375000 0.416016 0.376953 0.412109 0.376953 0.408203 0.380859 0.408203 0.382812 0.406250 0.384766 0.406250 0.390625 0.408203 0.392578 0.408203 0.394531 0.410156 0.396484 0.410156 0.398438 0.412109 0.400391 0.416016 0.400391 0.417969 0.402344 0.425781 0.402344 0.427734 0.400391 0.431641 0.400391 0.435547 0.396484 0.435547 0.394531 0.437500 0.392578 0.437500 0.384766 0.435547 0.382812 0.435547 0.380859 0.431641 0.376953 0.429688 0.376953 0.427734 0.375000
0 0.017578 0.375000 0.013672 0.378906 0.009766 0.378906 0.001953 0.386719 0.001953 0.390625 0.000000 0.392578 0.000000 0.423828 0.011719 0.435547 0.013672 0.435547 0.015625 0.437500 0.017578 0.437500 0.019531 0.439453 0.033203 0.439453 0.035156 0.437500 0.039062 0.437500 0.042969 0.433594 0.044922 0.433594 0.050781 0.427734 0.050781 0.425781 0.052734 0.423828 0.052734 0.421875 0.054688 0.419922 0.054688 0.416016 0.056641 0.414062 0.056641 0.400391 0.054688 0.398438 0.054688 0.394531 0.052734 0.392578 0.052734 0.388672 0.041016 0.376953 0.037109 0.376953 0.035156 0.375000
0 0.546875 0.335938 0.542969 0.339844 0.542969 0.353516 0.546875 0.357422 0.554688 0.357422 0.556641 0.355469 0.558594 0.355469 0.558594 0.353516 0.560547 0.351562 0.560547 0.341797 0.558594 0.339844 0.558594 0.337891 0.556641 0.337891 0.554688 0.335938
0 0.357422 0.326172 0.355469 0.328125 0.351562 0.328125 0.345703 0.333984 0.345703 0.341797 0.351562 0.347656 0.365234 0.347656 0.367188 0.345703 0.369141 0.345703 0.369141 0.343750 0.371094 0.341797 0.371094 0.333984 0.369141 0.332031 0.369141 0.330078 0.367188 0.328125 0.361328 0.328125 0.359375 0.326172
0 0.474609 0.310547 0.472656 0.312500 0.468750 0.312500 0.466797 0.314453 0.466797 0.322266 0.468750 0.322266 0.470703 0.324219 0.480469 0.324219 0.482422 0.322266 0.484375 0.322266 0.484375 0.314453 0.482422 0.312500 0.478516 0.312500 0.476562 0.310547
0 0.361328 0.291016 0.359375 0.292969 0.353516 0.292969 0.349609 0.296875 0.349609 0.298828 0.347656 0.300781 0.347656 0.302734 0.353516 0.308594 0.357422 0.308594 0.359375 0.310547 0.365234 0.310547 0.367188 0.308594 0.371094 0.308594 0.376953 0.302734 0.376953 0.300781 0.375000 0.298828 0.375000 0.296875 0.371094 0.292969 0.365234 0.292969 0.363281 0.291016
0 0.080078 0.257812 0.078125 0.259766 0.074219 0.259766 0.070312 0.263672 0.068359 0.263672 0.064453 0.267578 0.064453 0.269531 0.062500 0.271484 0.062500 0.273438 0.060547 0.275391 0.060547 0.279297 0.062500 0.281250 0.062500 0.283203 0.064453 0.285156 0.064453 0.287109 0.068359 0.291016 0.070312 0.291016 0.074219 0.294922 0.078125 0.294922 0.080078 0.296875 0.103516 0.296875 0.105469 0.294922 0.109375 0.294922 0.111328 0.292969 0.113281 0.292969 0.115234 0.291016 0.117188 0.291016 0.119141 0.289062 0.119141 0.287109 0.123047 0.283203 0.123047 0.271484 0.119141 0.267578 0.119141 0.265625 0.117188 0.263672 0.115234 0.263672 0.111328 0.259766 0.107422 0.259766 0.105469 0.257812
0 0.097656 0.140625 0.095703 0.142578 0.091797 0.142578 0.089844 0.144531 0.087891 0.144531 0.085938 0.146484 0.085938 0.148438 0.082031 0.152344 0.082031 0.154297 0.080078 0.156250 0.080078 0.167969 0.082031 0.169922 0.082031 0.171875 0.085938 0.175781 0.085938 0.177734 0.087891 0.177734 0.089844 0.179688 0.091797 0.179688 0.093750 0.181641 0.107422 0.181641 0.109375 0.179688 0.111328 0.179688 0.117188 0.173828 0.117188 0.171875 0.119141 0.169922 0.119141 0.167969 0.121094 0.166016 0.121094 0.158203 0.119141 0.156250 0.119141 0.154297 0.117188 0.152344 0.117188 0.150391 0.109375 0.142578 0.105469 0.142578 0.103516 0.140625
0 0.386719 0.117188 0.384766 0.119141 0.382812 0.119141 0.376953 0.125000 0.375000 0.125000 0.375000 0.128906 0.371094 0.132812 0.371094 0.134766 0.367188 0.138672 0.367188 0.144531 0.365234 0.146484 0.365234 0.175781 0.367188 0.177734 0.367188 0.181641 0.369141 0.183594 0.369141 0.187500 0.371094 0.189453 0.371094 0.191406 0.376953 0.197266 0.376953 0.199219 0.380859 0.203125 0.382812 0.203125 0.384766 0.205078 0.386719 0.205078 0.388672 0.207031 0.398438 0.207031 0.400391 0.205078 0.402344 0.205078 0.404297 0.203125 0.406250 0.203125 0.414062 0.195312 0.414062 0.193359 0.417969 0.189453 0.417969 0.187500 0.419922 0.185547 0.419922 0.181641 0.421875 0.179688 0.421875 0.173828 0.423828 0.171875 0.423828 0.152344 0.421875 0.150391 0.421875 0.142578 0.419922 0.140625 0.419922 0.136719 0.417969 0.134766 0.417969 0.132812 0.412109 0.126953 0.412109 0.125000 0.408203 0.121094 0.406250 0.121094 0.404297 0.119141 0.402344 0.119141 0.400391 0.117188
0 0.759766 0.099609 0.753906 0.105469 0.753906 0.109375 0.751953 0.111328 0.751953 0.138672 0.753906 0.140625 0.753906 0.144531 0.757812 0.148438 0.761719 0.148438 0.765625 0.144531 0.765625 0.140625 0.767578 0.138672 0.767578 0.132812 0.769531 0.130859 0.769531 0.119141 0.767578 0.117188 0.767578 0.111328 0.765625 0.109375 0.765625 0.105469 0.763672 0.103516 0.763672 0.101562 0.761719 0.101562
0 0.886719 0.078125 0.884766 0.080078 0.882812 0.080078 0.873047 0.089844 0.873047 0.101562 0.876953 0.105469 0.876953 0.107422 0.880859 0.111328 0.882812 0.111328 0.884766 0.113281 0.888672 0.113281 0.890625 0.115234 0.904297 0.115234 0.906250 0.113281 0.910156 0.113281 0.912109 0.111328 0.914062 0.111328 0.919922 0.105469 0.919922 0.103516 0.921875 0.101562 0.921875 0.089844 0.912109 0.080078 0.910156 0.080078 0.908203 0.078125
0 0.187500 0.050781 0.185547 0.052734 0.183594 0.052734 0.179688 0.056641 0.179688 0.060547 0.177734 0.062500 0.177734 0.064453 0.179688 0.066406 0.179688 0.070312 0.183594 0.074219 0.187500 0.074219 0.189453 0.076172 0.195312 0.076172 0.197266 0.074219 0.201172 0.074219 0.205078 0.070312 0.205078 0.068359 0.207031 0.066406 0.207031 0.060547 0.205078 0.058594 0.205078 0.056641 0.201172 0.052734 0.199219 0.052734 0.197266 0.050781
0 0.550781 0.000000 0.548828 0.001953 0.546875 0.001953 0.541016 0.007812 0.539062 0.007812 0.539062 0.009766 0.537109 0.011719 0.537109 0.023438 0.539062 0.025391 0.539062 0.027344 0.542969 0.031250 0.544922 0.031250 0.546875 0.033203 0.550781 0.033203 0.552734 0.035156 0.554688 0.035156 0.556641 0.037109 0.568359 0.037109 0.570312 0.035156 0.574219 0.035156 0.576172 0.033203 0.578125 0.033203 0.580078 0.031250 0.582031 0.031250 0.587891 0.025391 0.587891 0.021484 0.589844 0.019531 0.589844 0.015625 0.587891 0.013672 0.587891 0.009766 0.585938 0.007812 0.583984 0.007812 0.578125 0.001953 0.576172 0.001953 0.574219 0.000000