0 0.625000 0.990234 0.623047 0.992188 0.619141 0.992188 0.617188 0.994141 0.615234 0.994141 0.611328 0.998047 0.652344 0.998047 0.648438 0.994141 0.644531 0.994141 0.642578 0.992188 0.640625 0.992188 0.638672 0.990234
0 0.587891 0.904297 0.585938 0.906250 0.583984 0.906250 0.580078 0.910156 0.578125 0.910156 0.578125 0.912109 0.576172 0.914062 0.576172 0.927734 0.578125 0.929688 0.578125 0.931641 0.580078 0.931641 0.583984 0.935547 0.585938 0.935547 0.587891 0.937500 0.599609 0.937500 0.601562 0.935547 0.605469 0.935547 0.611328 0.929688 0.611328 0.927734 0.613281 0.925781 0.613281 0.916016 0.611328 0.914062 0.611328 0.912109 0.605469 0.906250 0.601562 0.906250 0.599609 0.904297
0 0.490234 0.869141 0.488281 0.871094 0.486328 0.871094 0.480469 0.876953 0.480469 0.880859 0.478516 0.882812 0.478516 0.892578 0.480469 0.894531 0.480469 0.898438 0.486328 0.904297 0.488281 0.904297 0.490234 0.906250 0.496094 0.906250 0.498047 0.904297 0.500000 0.904297 0.500000 0.902344 0.503906 0.898438 0.503906 0.896484 0.505859 0.894531 0.505859 0.880859 0.503906 0.878906 0.503906 0.876953 0.498047 0.871094 0.496094 0.871094 0.494141 0.869141
0 0.275391 0.867188 0.271484 0.871094 0.271484 0.873047 0.269531 0.875000 0.269531 0.876953 0.267578 0.878906 0.267578 0.886719 0.265625 0.888672 0.265625 0.894531 0.267578 0.896484 0.267578 0.902344 0.269531 0.904297 0.269531 0.906250 0.271484 0.908203 0.271484 0.910156 0.275391 0.914062 0.283203 0.914062 0.289062 0.908203 0.289062 0.904297 0.291016 0.902344 0.291016 0.898438 0.292969 0.896484 0.292969 0.884766 0.291016 0.882812 0.291016 0.878906 0.289062 0.876953 0.289062 0.873047 0.283203 0.867188
0 0.666016 0.792969 0.664062 0.794922 0.662109 0.794922 0.660156 0.796875 0.658203 0.796875 0.650391 0.804688 0.650391 0.806641 0.648438 0.808594 0.648438 0.812500 0.646484 0.814453 0.648438 0.816406 0.648438 0.822266 0.650391 0.824219 0.650391 0.826172 0.656250 0.832031 0.658203 0.832031 0.662109 0.835938 0.667969 0.835938 0.669922 0.837891 0.671875 0.837891 0.673828 0.835938 0.681641 0.835938 0.685547 0.832031 0.687500 0.832031 0.691406 0.828125 0.691406 0.826172 0.693359 0.824219 0.693359 0.822266 0.695312 0.820312 0.695312 0.810547 0.693359 0.808594 0.693359 0.806641 0.691406 0.804688 0.691406 0.802734 0.685547 0.796875 0.683594 0.796875 0.681641 0.794922 0.679688 0.794922 0.677734 0.792969
0 0.261719 0.761719 0.257812 0.765625 0.257812 0.769531 0.255859 0.771484 0.255859 0.789062 0.257812 0.791016 0.257812 0.794922 0.261719 0.798828 0.263672 0.798828 0.265625 0.796875 0.267578 0.796875 0.267578 0.794922 0.269531 0.792969 0.269531 0.789062 0.271484 0.787109 0.271484 0.773438 0.269531 0.771484 0.269531 0.765625 0.265625 0.761719
0 0.048828 0.755859 0.044922 0.759766 0.042969 0.759766 0.042969 0.761719 0.041016 0.763672 0.041016 0.765625 0.039062 0.767578 0.039062 0.777344 0.041016 0.779297 0.041016 0.783203 0.046875 0.789062 0.060547 0.789062 0.066406 0.783203 0.066406 0.781250 0.068359 0.779297 0.068359 0.765625 0.064453 0.761719 0.064453 0.759766 0.062500 0.759766 0.058594 0.755859
0 0.730469 0.693359 0.726562 0.697266 0.724609 0.697266 0.720703 0.701172 0.720703 0.703125 0.716797 0.707031 0.716797 0.712891 0.714844 0.714844 0.714844 0.720703 0.716797 0.722656 0.716797 0.728516 0.720703 0.732422 0.720703 0.734375 0.726562 0.740234 0.728516 0.740234 0.730469 0.742188 0.746094 0.742188 0.748047 0.740234 0.750000 0.740234 0.757812 0.732422 0.757812 0.730469 0.759766 0.728516 0.759766 0.726562 0.761719 0.724609 0.761719 0.712891 0.759766 0.710938 0.759766 0.707031 0.757812 0.705078 0.757812 0.703125 0.751953 0.697266 0.750000 0.697266 0.746094 0.693359
0 0.414062 0.693359 0.412109 0.695312 0.410156 0.695312 0.408203 0.697266 0.408203 0.699219 0.404297 0.703125 0.404297 0.712891 0.408203 0.716797 0.408203 0.718750 0.410156 0.720703 0.412109 0.720703 0.414062 0.722656 0.427734 0.722656 0.435547 0.714844 0.435547 0.701172 0.427734 0.693359
0 0.300781 0.544922 0.298828 0.546875 0.296875 0.546875 0.296875 0.548828 0.294922 0.550781 0.294922 0.552734 0.296875 0.554688 0.296875 0.556641 0.298828 0.558594 0.300781 0.558594 0.302734 0.560547 0.310547 0.560547 0.312500 0.558594 0.316406 0.558594 0.318359 0.556641 0.318359 0.554688 0.320312 0.552734 0.320312 0.550781 0.314453 0.544922
0 0.152344 0.486328 0.150391 0.488281 0.148438 0.488281 0.144531 0.492188 0.144531 0.496094 0.142578 0.498047 0.142578 0.507812 0.144531 0.509766 0.144531 0.513672 0.148438 0.517578 0.150391 0.517578 0.152344 0.519531 0.162109 0.519531 0.164062 0.517578 0.166016 0.517578 0.169922 0.513672 0.169922 0.511719 0.171875 0.509766 0.171875 0.496094 0.169922 0.494141 0.169922 0.492188 0.166016 0.488281 0.164062 0.488281 0.162109 0.486328
0 0.050781 0.429688 0.048828 0.431641 0.046875 0.431641 0.042969 0.435547 0.042969 0.437500 0.041016 0.439453 0.041016 0.445312 0.042969 0.447266 0.042969 0.449219 0.044922 0.451172 0.046875 0.451172 0.048828 0.453125 0.050781 0.453125 0.052734 0.455078 0.064453 0.455078 0.066406 0.453125 0.068359 0.453125 0.074219 0.447266 0.074219 0.445312 0.076172 0.443359 0.076172 0.441406 0.074219 0.439453 0.074219 0.437500 0.072266 0.435547 0.072266 0.433594 0.070312 0.431641 0.066406 0.431641 0.064453 0.429688
0 0.125000 0.226562 0.119141 0.232422 0.119141 0.238281 0.121094 0.240234 0.121094 0.242188 0.123047 0.244141 0.125000 0.244141 0.126953 0.246094 0.134766 0.246094 0.136719 0.244141 0.138672 0.244141 0.138672 0.242188 0.140625 0.240234 0.140625 0.230469 0.136719 0.226562
0 0.035156 0.214844 0.033203 0.216797 0.033203 0.222656 0.035156 0.224609 0.037109 0.224609 0.039062 0.226562 0.044922 0.226562 0.046875 0.224609 0.050781 0.224609 0.052734 0.222656 0.052734 0.218750 0.048828 0.214844
0 0.224609 0.191406 0.220703 0.195312 0.220703 0.197266 0.218750 0.199219 0.218750 0.212891 0.220703 0.214844 0.220703 0.216797 0.222656 0.218750 0.224609 0.218750 0.226562 0.220703 0.234375 0.220703 0.236328 0.218750 0.238281 0.218750 0.240234 0.216797 0.240234 0.214844 0.242188 0.212891 0.242188 0.199219 0.240234 0.197266 0.240234 0.195312 0.238281 0.193359 0.236328 0.193359 0.234375 0.191406
0 0.341797 0.166016 0.339844 0.167969 0.337891 0.167969 0.337891 0.169922 0.333984 0.173828 0.333984 0.175781 0.332031 0.177734 0.332031 0.183594 0.333984 0.185547 0.333984 0.189453 0.339844 0.195312 0.351562 0.195312 0.353516 0.193359 0.355469 0.193359 0.359375 0.189453 0.359375 0.183594 0.361328 0.181641 0.359375 0.179688 0.359375 0.173828 0.355469 0.169922 0.355469 0.167969 0.353516 0.167969 0.351562 0.166016
0 0.119141 0.166016 0.117188 0.167969 0.113281 0.167969 0.107422 0.173828 0.107422 0.179688 0.105469 0.181641 0.107422 0.183594 0.107422 0.187500 0.115234 0.195312 0.121094 0.195312 0.123047 0.193359 0.125000 0.193359 0.128906 0.189453 0.128906 0.185547 0.130859 0.183594 0.130859 0.177734 0.128906 0.175781 0.128906 0.171875 0.125000 0.167969 0.121094 0.167969