0 0.023438 0.925781 0.021484 0.927734 0.019531 0.927734 0.017578 0.929688 0.015625 0.929688 0.013672 0.931641 0.013672 0.933594 0.011719 0.935547 0.011719 0.937500 0.009766 0.939453 0.009766 0.951172 0.013672 0.955078 0.013672 0.957031 0.015625 0.958984 0.017578 0.958984 0.019531 0.960938 0.021484 0.960938 0.023438 0.962891 0.033203 0.962891 0.035156 0.960938 0.037109 0.960938 0.039062 0.958984 0.041016 0.958984 0.042969 0.957031 0.042969 0.955078 0.046875 0.951172 0.046875 0.939453 0.044922 0.937500 0.044922 0.935547 0.042969 0.933594 0.042969 0.931641 0.041016 0.929688 0.039062 0.929688 0.037109 0.927734 0.035156 0.927734 0.033203 0.925781
0 0.154297 0.859375 0.152344 0.861328 0.142578 0.861328 0.140625 0.863281 0.138672 0.863281 0.134766 0.867188 0.134766 0.869141 0.136719 0.871094 0.138672 0.871094 0.140625 0.873047 0.144531 0.873047 0.146484 0.875000 0.175781 0.875000 0.177734 0.873047 0.183594 0.873047 0.187500 0.869141 0.187500 0.867188 0.183594 0.863281 0.181641 0.863281 0.179688 0.861328 0.169922 0.861328 0.167969 0.859375
0 0.455078 0.812500 0.453125 0.814453 0.449219 0.814453 0.443359 0.820312 0.443359 0.824219 0.445312 0.826172 0.445312 0.828125 0.447266 0.828125 0.449219 0.830078 0.451172 0.830078 0.453125 0.832031 0.462891 0.832031 0.464844 0.830078 0.466797 0.830078 0.468750 0.828125 0.470703 0.828125 0.470703 0.826172 0.472656 0.824219 0.472656 0.820312 0.466797 0.814453 0.462891 0.814453 0.460938 0.812500
0 0.037109 0.750000 0.035156 0.751953 0.029297 0.751953 0.027344 0.753906 0.023438 0.753906 0.019531 0.757812 0.017578 0.757812 0.013672 0.761719 0.013672 0.763672 0.011719 0.765625 0.011719 0.777344 0.013672 0.779297 0.013672 0.781250 0.015625 0.781250 0.021484 0.787109 0.023438 0.787109 0.025391 0.789062 0.031250 0.789062 0.033203 0.791016 0.050781 0.791016 0.052734 0.789062 0.056641 0.789062 0.060547 0.785156 0.064453 0.785156 0.064453 0.783203 0.068359 0.779297 0.068359 0.777344 0.070312 0.775391 0.070312 0.767578 0.068359 0.765625 0.068359 0.763672 0.058594 0.753906 0.056641 0.753906 0.054688 0.751953 0.046875 0.751953 0.044922 0.750000
0 0.333984 0.746094 0.332031 0.748047 0.330078 0.748047 0.328125 0.750000 0.324219 0.750000 0.322266 0.751953 0.320312 0.751953 0.316406 0.755859 0.316406 0.757812 0.314453 0.759766 0.314453 0.767578 0.318359 0.771484 0.318359 0.773438 0.320312 0.773438 0.322266 0.775391 0.324219 0.775391 0.326172 0.777344 0.328125 0.777344 0.330078 0.779297 0.339844 0.779297 0.341797 0.781250 0.347656 0.781250 0.349609 0.779297 0.357422 0.779297 0.359375 0.777344 0.361328 0.777344 0.363281 0.775391 0.365234 0.775391 0.367188 0.773438 0.369141 0.773438 0.369141 0.771484 0.373047 0.767578 0.373047 0.757812 0.369141 0.753906 0.367188 0.753906 0.363281 0.750000 0.361328 0.750000 0.359375 0.748047 0.355469 0.748047 0.353516 0.746094
0 0.996094 0.648438 0.990234 0.654297 0.990234 0.656250 0.988281 0.658203 0.988281 0.662109 0.986328 0.664062 0.986328 0.675781 0.988281 0.677734 0.988281 0.681641 0.992188 0.685547 0.992188 0.687500 0.996094 0.691406 0.998047 0.691406 0.998047 0.648438
0 0.583984 0.601562 0.582031 0.603516 0.572266 0.603516 0.570312 0.605469 0.566406 0.605469 0.564453 0.607422 0.562500 0.607422 0.560547 0.609375 0.556641 0.609375 0.550781 0.615234 0.548828 0.615234 0.544922 0.619141 0.544922 0.621094 0.542969 0.623047 0.542969 0.625000 0.541016 0.626953 0.541016 0.630859 0.539062 0.632812 0.539062 0.638672 0.541016 0.640625 0.541016 0.644531 0.542969 0.646484 0.542969 0.648438 0.544922 0.650391 0.544922 0.652344 0.550781 0.658203 0.552734 0.658203 0.556641 0.662109 0.560547 0.662109 0.564453 0.666016 0.568359 0.666016 0.570312 0.667969 0.580078 0.667969 0.582031 0.669922 0.593750 0.669922 0.595703 0.667969 0.607422 0.667969 0.609375 0.666016 0.611328 0.666016 0.613281 0.664062 0.615234 0.664062 0.617188 0.662109 0.619141 0.662109 0.623047 0.658203 0.626953 0.658203 0.628906 0.656250 0.628906 0.654297 0.634766 0.648438 0.634766 0.646484 0.636719 0.644531 0.636719 0.626953 0.634766 0.625000 0.634766 0.623047 0.628906 0.617188 0.628906 0.615234 0.626953 0.615234 0.623047 0.611328 0.621094 0.611328 0.619141 0.609375 0.617188 0.609375 0.615234 0.607422 0.611328 0.607422 0.609375 0.605469 0.607422 0.605469 0.605469 0.603516 0.593750 0.603516 0.591797 0.601562
0 0.263672 0.597656 0.261719 0.599609 0.257812 0.599609 0.255859 0.601562 0.253906 0.601562 0.251953 0.603516 0.250000 0.603516 0.240234 0.613281 0.240234 0.615234 0.238281 0.617188 0.238281 0.621094 0.236328 0.623047 0.236328 0.636719 0.238281 0.638672 0.238281 0.640625 0.242188 0.644531 0.242188 0.646484 0.244141 0.648438 0.246094 0.648438 0.253906 0.656250 0.257812 0.656250 0.259766 0.658203 0.263672 0.658203 0.265625 0.660156 0.281250 0.660156 0.283203 0.658203 0.287109 0.658203 0.289062 0.656250 0.292969 0.656250 0.298828 0.650391 0.302734 0.650391 0.304688 0.648438 0.304688 0.644531 0.308594 0.640625 0.308594 0.638672 0.310547 0.636719 0.310547 0.621094 0.308594 0.619141 0.308594 0.615234 0.296875 0.603516 0.294922 0.603516 0.292969 0.601562 0.291016 0.601562 0.289062 0.599609 0.283203 0.599609 0.281250 0.597656
0 0.013672 0.574219 0.011719 0.576172 0.007812 0.576172 0.005859 0.578125 0.001953 0.578125 0.000000 0.580078 0.000000 0.609375 0.003906 0.609375 0.005859 0.611328 0.007812 0.611328 0.009766 0.613281 0.013672 0.613281 0.015625 0.615234 0.029297 0.615234 0.031250 0.613281 0.037109 0.613281 0.039062 0.611328 0.042969 0.611328 0.044922 0.609375 0.046875 0.609375 0.056641 0.599609 0.056641 0.589844 0.046875 0.580078 0.044922 0.580078 0.041016 0.576172 0.035156 0.576172 0.033203 0.574219
0 0.289062 0.496094 0.287109 0.498047 0.283203 0.498047 0.281250 0.500000 0.277344 0.500000 0.269531 0.507812 0.269531 0.511719 0.267578 0.513672 0.267578 0.515625 0.265625 0.517578 0.265625 0.527344 0.267578 0.529297 0.267578 0.533203 0.281250 0.546875 0.285156 0.546875 0.287109 0.548828 0.302734 0.548828 0.304688 0.546875 0.308594 0.546875 0.312500 0.542969 0.314453 0.542969 0.322266 0.535156 0.322266 0.533203 0.324219 0.531250 0.324219 0.527344 0.326172 0.525391 0.326172 0.521484 0.324219 0.519531 0.324219 0.513672 0.322266 0.511719 0.322266 0.509766 0.314453 0.501953 0.312500 0.501953 0.308594 0.498047 0.304688 0.498047 0.302734 0.496094
0 0.568359 0.421875 0.566406 0.423828 0.562500 0.423828 0.560547 0.425781 0.556641 0.425781 0.548828 0.433594 0.546875 0.433594 0.541016 0.439453 0.541016 0.443359 0.535156 0.449219 0.535156 0.457031 0.533203 0.458984 0.533203 0.472656 0.535156 0.474609 0.535156 0.478516 0.537109 0.480469 0.537109 0.484375 0.541016 0.488281 0.541016 0.490234 0.550781 0.500000 0.552734 0.500000 0.556641 0.503906 0.560547 0.503906 0.562500 0.505859 0.566406 0.505859 0.568359 0.507812 0.583984 0.507812 0.585938 0.505859 0.589844 0.505859 0.591797 0.503906 0.595703 0.503906 0.601562 0.498047 0.603516 0.498047 0.613281 0.488281 0.613281 0.486328 0.615234 0.484375 0.615234 0.482422 0.617188 0.480469 0.617188 0.476562 0.619141 0.474609 0.619141 0.457031 0.617188 0.455078 0.617188 0.449219 0.613281 0.445312 0.613281 0.443359 0.611328 0.441406 0.611328 0.439453 0.603516 0.431641 0.601562 0.431641 0.597656 0.427734 0.595703 0.427734 0.593750 0.425781 0.591797 0.425781 0.589844 0.423828 0.585938 0.423828 0.583984 0.421875
0 0.939453 0.316406 0.937500 0.318359 0.935547 0.318359 0.933594 0.320312 0.933594 0.326172 0.935547 0.328125 0.937500 0.328125 0.939453 0.330078 0.947266 0.330078 0.949219 0.328125 0.951172 0.328125 0.951172 0.326172 0.953125 0.324219 0.953125 0.322266 0.951172 0.320312 0.951172 0.318359 0.949219 0.318359 0.947266 0.316406
0 0.031250 0.236328 0.029297 0.238281 0.021484 0.238281 0.019531 0.240234 0.015625 0.240234 0.013672 0.242188 0.011719 0.242188 0.009766 0.244141 0.009766 0.250000 0.013672 0.250000 0.015625 0.251953 0.019531 0.251953 0.021484 0.253906 0.029297 0.253906 0.031250 0.255859 0.052734 0.255859 0.054688 0.253906 0.062500 0.253906 0.064453 0.251953 0.070312 0.251953 0.074219 0.248047 0.074219 0.244141 0.070312 0.240234 0.066406 0.240234 0.064453 0.238281 0.052734 0.238281 0.050781 0.236328
0 0.177734 0.132812 0.175781 0.134766 0.167969 0.134766 0.166016 0.136719 0.162109 0.136719 0.160156 0.138672 0.158203 0.138672 0.152344 0.144531 0.152344 0.146484 0.150391 0.148438 0.152344 0.150391 0.152344 0.154297 0.156250 0.158203 0.158203 0.158203 0.162109 0.162109 0.167969 0.162109 0.169922 0.164062 0.195312 0.164062 0.197266 0.162109 0.203125 0.162109 0.207031 0.158203 0.208984 0.158203 0.212891 0.154297 0.212891 0.144531 0.207031 0.138672 0.205078 0.138672 0.203125 0.136719 0.199219 0.136719 0.197266 0.134766 0.189453 0.134766 0.187500 0.132812
0 0.406250 0.085938 0.404297 0.087891 0.396484 0.087891 0.394531 0.089844 0.392578 0.089844 0.390625 0.091797 0.388672 0.091797 0.382812 0.097656 0.380859 0.097656 0.378906 0.099609 0.378906 0.103516 0.376953 0.105469 0.376953 0.107422 0.378906 0.109375 0.378906 0.113281 0.382812 0.117188 0.382812 0.119141 0.384766 0.119141 0.386719 0.121094 0.388672 0.121094 0.390625 0.123047 0.392578 0.123047 0.394531 0.125000 0.398438 0.125000 0.400391 0.126953 0.421875 0.126953 0.423828 0.125000 0.427734 0.125000 0.429688 0.123047 0.431641 0.123047 0.437500 0.117188 0.439453 0.117188 0.441406 0.115234 0.441406 0.113281 0.443359 0.111328 0.443359 0.103516 0.441406 0.101562 0.441406 0.099609 0.437500 0.095703 0.437500 0.093750 0.435547 0.093750 0.433594 0.091797 0.431641 0.091797 0.429688 0.089844 0.427734 0.089844 0.425781 0.087891 0.416016 0.087891 0.414062 0.085938
0 0.564453 0.070312 0.562500 0.072266 0.558594 0.072266 0.554688 0.076172 0.552734 0.076172 0.542969 0.085938 0.542969 0.087891 0.541016 0.089844 0.541016 0.105469 0.542969 0.107422 0.542969 0.109375 0.554688 0.121094 0.558594 0.121094 0.560547 0.123047 0.564453 0.123047 0.566406 0.125000 0.587891 0.125000 0.589844 0.123047 0.593750 0.123047 0.597656 0.119141 0.601562 0.119141 0.607422 0.113281 0.607422 0.111328 0.611328 0.107422 0.611328 0.089844 0.609375 0.087891 0.609375 0.085938 0.597656 0.074219 0.595703 0.074219 0.593750 0.072266 0.589844 0.072266 0.587891 0.070312