0 0.466797 0.869141 0.464844 0.871094 0.460938 0.871094 0.458984 0.873047 0.458984 0.878906 0.460938 0.880859 0.464844 0.880859 0.466797 0.882812 0.472656 0.882812 0.474609 0.880859 0.478516 0.880859 0.480469 0.878906 0.480469 0.873047 0.478516 0.871094 0.474609 0.871094 0.472656 0.869141
0 0.009766 0.851562 0.007812 0.853516 0.005859 0.853516 0.001953 0.857422 0.001953 0.863281 0.000000 0.865234 0.001953 0.867188 0.001953 0.871094 0.005859 0.875000 0.007812 0.875000 0.009766 0.876953 0.013672 0.876953 0.015625 0.875000 0.017578 0.875000 0.017578 0.873047 0.019531 0.871094 0.019531 0.869141 0.021484 0.867188 0.021484 0.861328 0.019531 0.859375 0.019531 0.857422 0.015625 0.853516 0.013672 0.853516 0.011719 0.851562
0 0.593750 0.820312 0.589844 0.824219 0.587891 0.824219 0.587891 0.826172 0.585938 0.828125 0.585938 0.841797 0.587891 0.843750 0.587891 0.845703 0.591797 0.849609 0.595703 0.849609 0.597656 0.851562 0.601562 0.851562 0.603516 0.849609 0.605469 0.849609 0.607422 0.847656 0.609375 0.847656 0.609375 0.845703 0.611328 0.843750 0.611328 0.841797 0.613281 0.839844 0.613281 0.830078 0.611328 0.828125 0.611328 0.826172 0.605469 0.820312
0 0.835938 0.779297 0.833984 0.781250 0.832031 0.781250 0.824219 0.789062 0.824219 0.802734 0.826172 0.804688 0.826172 0.806641 0.830078 0.810547 0.832031 0.810547 0.833984 0.812500 0.849609 0.812500 0.853516 0.808594 0.855469 0.808594 0.855469 0.806641 0.857422 0.804688 0.857422 0.802734 0.859375 0.800781 0.859375 0.791016 0.857422 0.789062 0.857422 0.787109 0.851562 0.781250 0.849609 0.781250 0.847656 0.779297
0 0.009766 0.775391 0.005859 0.779297 0.005859 0.785156 0.007812 0.787109 0.015625 0.787109 0.017578 0.785156 0.017578 0.777344 0.015625 0.775391
0 0.675781 0.652344 0.669922 0.658203 0.669922 0.666016 0.677734 0.673828 0.687500 0.673828 0.695312 0.666016 0.695312 0.658203 0.689453 0.652344
0 0.724609 0.650391 0.722656 0.652344 0.720703 0.652344 0.720703 0.654297 0.718750 0.656250 0.718750 0.660156 0.716797 0.662109 0.716797 0.677734 0.718750 0.679688 0.718750 0.683594 0.722656 0.687500 0.728516 0.687500 0.732422 0.683594 0.732422 0.681641 0.734375 0.679688 0.734375 0.660156 0.732422 0.658203 0.732422 0.656250 0.730469 0.654297 0.730469 0.652344 0.728516 0.652344 0.726562 0.650391
0 0.652344 0.585938 0.650391 0.587891 0.646484 0.587891 0.644531 0.589844 0.644531 0.595703 0.646484 0.595703 0.648438 0.597656 0.664062 0.597656 0.666016 0.595703 0.667969 0.595703 0.667969 0.589844 0.666016 0.589844 0.664062 0.587891 0.662109 0.587891 0.660156 0.585938
0 0.457031 0.574219 0.455078 0.576172 0.455078 0.578125 0.453125 0.580078 0.453125 0.597656 0.455078 0.599609 0.455078 0.601562 0.457031 0.603516 0.458984 0.601562 0.458984 0.599609 0.460938 0.597656 0.460938 0.580078 0.458984 0.578125 0.458984 0.576172
0 0.023438 0.566406 0.019531 0.570312 0.019531 0.572266 0.017578 0.574219 0.017578 0.583984 0.019531 0.585938 0.019531 0.587891 0.025391 0.593750 0.033203 0.593750 0.035156 0.591797 0.037109 0.591797 0.039062 0.589844 0.039062 0.587891 0.041016 0.585938 0.041016 0.574219 0.039062 0.572266 0.039062 0.570312 0.035156 0.566406
0 0.003906 0.460938 0.001953 0.462891 0.000000 0.462891 0.000000 0.492188 0.001953 0.492188 0.003906 0.494141 0.007812 0.494141 0.011719 0.490234 0.011719 0.486328 0.013672 0.484375 0.013672 0.470703 0.011719 0.468750 0.011719 0.464844 0.007812 0.460938
0 0.054688 0.439453 0.052734 0.441406 0.050781 0.441406 0.046875 0.445312 0.046875 0.447266 0.044922 0.449219 0.044922 0.451172 0.042969 0.453125 0.042969 0.460938 0.044922 0.462891 0.044922 0.466797 0.052734 0.474609 0.066406 0.474609 0.074219 0.466797 0.074219 0.462891 0.076172 0.460938 0.076172 0.453125 0.074219 0.451172 0.074219 0.449219 0.072266 0.447266 0.072266 0.445312 0.068359 0.441406 0.066406 0.441406 0.064453 0.439453
0 0.445312 0.414062 0.441406 0.417969 0.441406 0.419922 0.439453 0.421875 0.439453 0.427734 0.437500 0.429688 0.437500 0.445312 0.439453 0.447266 0.439453 0.453125 0.441406 0.455078 0.441406 0.457031 0.445312 0.460938 0.447266 0.460938 0.451172 0.457031 0.451172 0.453125 0.453125 0.451172 0.453125 0.423828 0.451172 0.421875 0.451172 0.419922 0.449219 0.417969 0.449219 0.416016 0.447266 0.414062
0 0.640625 0.373047 0.634766 0.378906 0.634766 0.380859 0.632812 0.382812 0.632812 0.394531 0.634766 0.396484 0.634766 0.398438 0.638672 0.402344 0.640625 0.402344 0.642578 0.404297 0.652344 0.404297 0.654297 0.402344 0.656250 0.402344 0.656250 0.400391 0.660156 0.396484 0.660156 0.394531 0.662109 0.392578 0.662109 0.382812 0.658203 0.378906 0.658203 0.376953 0.656250 0.375000 0.654297 0.375000 0.652344 0.373047
0 0.017578 0.341797 0.015625 0.343750 0.013672 0.343750 0.007812 0.349609 0.007812 0.355469 0.005859 0.357422 0.005859 0.361328 0.007812 0.363281 0.007812 0.369141 0.013672 0.375000 0.015625 0.375000 0.017578 0.376953 0.027344 0.376953 0.029297 0.375000 0.031250 0.375000 0.037109 0.369141 0.037109 0.365234 0.039062 0.363281 0.039062 0.355469 0.037109 0.353516 0.037109 0.349609 0.031250 0.343750 0.029297 0.343750 0.027344 0.341797
0 0.396484 0.324219 0.390625 0.330078 0.390625 0.332031 0.388672 0.333984 0.388672 0.339844 0.390625 0.341797 0.390625 0.343750 0.394531 0.347656 0.396484 0.347656 0.398438 0.349609 0.408203 0.349609 0.410156 0.347656 0.412109 0.347656 0.416016 0.343750 0.416016 0.337891 0.417969 0.335938 0.416016 0.333984 0.416016 0.330078 0.412109 0.326172 0.410156 0.326172 0.408203 0.324219
0 0.193359 0.087891 0.191406 0.089844 0.189453 0.089844 0.189453 0.091797 0.187500 0.093750 0.187500 0.099609 0.189453 0.101562 0.189453 0.103516 0.191406 0.103516 0.193359 0.105469 0.203125 0.105469 0.205078 0.103516 0.207031 0.103516 0.210938 0.099609 0.210938 0.093750 0.205078 0.087891