0 0.115234 0.960938 0.111328 0.964844 0.111328 0.972656 0.113281 0.974609 0.113281 0.976562 0.123047 0.976562 0.123047 0.974609 0.125000 0.972656 0.125000 0.964844 0.121094 0.960938
0 0.222656 0.958984 0.220703 0.960938 0.218750 0.960938 0.218750 0.962891 0.216797 0.964844 0.216797 0.972656 0.218750 0.974609 0.218750 0.976562 0.220703 0.978516 0.228516 0.978516 0.228516 0.976562 0.230469 0.974609 0.230469 0.962891 0.226562 0.958984
0 0.179688 0.935547 0.175781 0.939453 0.175781 0.941406 0.173828 0.943359 0.173828 0.957031 0.175781 0.958984 0.175781 0.960938 0.179688 0.964844 0.187500 0.964844 0.191406 0.960938 0.191406 0.957031 0.193359 0.955078 0.193359 0.945312 0.191406 0.943359 0.191406 0.939453 0.187500 0.935547
0 0.337891 0.916016 0.335938 0.917969 0.335938 0.921875 0.337891 0.923828 0.341797 0.923828 0.343750 0.925781 0.349609 0.925781 0.351562 0.923828 0.353516 0.923828 0.355469 0.921875 0.355469 0.917969 0.353516 0.916016
0 0.134766 0.660156 0.132812 0.662109 0.130859 0.662109 0.126953 0.666016 0.126953 0.667969 0.125000 0.669922 0.125000 0.683594 0.126953 0.685547 0.126953 0.687500 0.128906 0.687500 0.132812 0.691406 0.144531 0.691406 0.150391 0.685547 0.150391 0.683594 0.152344 0.681641 0.152344 0.671875 0.150391 0.669922 0.150391 0.666016 0.148438 0.664062 0.146484 0.664062 0.142578 0.660156
0 0.425781 0.638672 0.423828 0.640625 0.421875 0.640625 0.421875 0.642578 0.419922 0.644531 0.419922 0.648438 0.421875 0.650391 0.421875 0.652344 0.423828 0.652344 0.425781 0.654297 0.433594 0.654297 0.435547 0.652344 0.437500 0.652344 0.439453 0.650391 0.439453 0.642578 0.435547 0.638672
0 0.195312 0.628906 0.193359 0.630859 0.189453 0.630859 0.189453 0.634766 0.191406 0.634766 0.193359 0.636719 0.210938 0.636719 0.212891 0.634766 0.214844 0.634766 0.214844 0.630859 0.210938 0.630859 0.208984 0.628906
0 0.392578 0.621094 0.390625 0.623047 0.390625 0.625000 0.388672 0.626953 0.388672 0.632812 0.394531 0.638672 0.400391 0.638672 0.402344 0.636719 0.404297 0.636719 0.406250 0.634766 0.406250 0.623047 0.404297 0.621094
0 0.226562 0.564453 0.220703 0.570312 0.220703 0.583984 0.226562 0.589844 0.236328 0.589844 0.240234 0.585938 0.240234 0.583984 0.242188 0.582031 0.242188 0.572266 0.240234 0.570312 0.240234 0.568359 0.236328 0.564453
0 0.464844 0.552734 0.462891 0.554688 0.460938 0.554688 0.460938 0.556641 0.458984 0.558594 0.458984 0.564453 0.462891 0.568359 0.472656 0.568359 0.474609 0.566406 0.474609 0.556641 0.472656 0.554688 0.470703 0.554688 0.468750 0.552734
0 0.474609 0.400391 0.472656 0.402344 0.470703 0.402344 0.470703 0.404297 0.468750 0.406250 0.468750 0.410156 0.466797 0.412109 0.466797 0.414062 0.468750 0.416016 0.468750 0.421875 0.472656 0.425781 0.478516 0.425781 0.482422 0.421875 0.482422 0.406250 0.476562 0.400391
0 0.423828 0.361328 0.423828 0.365234 0.421875 0.367188 0.421875 0.375000 0.423828 0.376953 0.423828 0.380859 0.425781 0.382812 0.427734 0.382812 0.429688 0.380859 0.429688 0.378906 0.431641 0.376953 0.431641 0.365234 0.429688 0.363281 0.429688 0.361328
0 0.443359 0.287109 0.437500 0.292969 0.437500 0.294922 0.435547 0.296875 0.435547 0.298828 0.437500 0.300781 0.437500 0.302734 0.443359 0.308594 0.453125 0.308594 0.455078 0.306641 0.457031 0.306641 0.460938 0.302734 0.460938 0.292969 0.457031 0.289062 0.455078 0.289062 0.453125 0.287109
0 0.498047 0.275391 0.496094 0.277344 0.496094 0.279297 0.494141 0.281250 0.494141 0.287109 0.492188 0.289062 0.492188 0.300781 0.494141 0.302734 0.494141 0.308594 0.496094 0.310547 0.496094 0.312500 0.498047 0.314453 0.500000 0.314453 0.501953 0.312500 0.501953 0.310547 0.503906 0.308594 0.503906 0.300781 0.505859 0.298828 0.505859 0.291016 0.503906 0.289062 0.503906 0.281250 0.501953 0.279297 0.501953 0.277344 0.500000 0.275391
0 0.539062 0.064453 0.537109 0.066406 0.535156 0.066406 0.531250 0.070312 0.531250 0.072266 0.529297 0.074219 0.529297 0.091797 0.537109 0.099609 0.544922 0.099609 0.552734 0.091797 0.552734 0.074219 0.550781 0.072266 0.550781 0.070312 0.546875 0.066406 0.544922 0.066406 0.542969 0.064453
0 0.472656 0.000000 0.476562 0.003906 0.476562 0.005859 0.478516 0.007812 0.480469 0.007812 0.482422 0.009766 0.496094 0.009766 0.498047 0.007812 0.500000 0.007812 0.505859 0.001953 0.505859 0.000000