0 0.431641 0.988281 0.429688 0.990234 0.427734 0.990234 0.427734 0.994141 0.445312 0.994141 0.445312 0.990234 0.441406 0.990234 0.439453 0.988281
0 0.472656 0.865234 0.470703 0.867188 0.468750 0.867188 0.468750 0.869141 0.466797 0.871094 0.466797 0.880859 0.468750 0.882812 0.468750 0.884766 0.470703 0.886719 0.474609 0.886719 0.478516 0.882812 0.478516 0.869141 0.474609 0.865234
0 0.402344 0.861328 0.398438 0.865234 0.398438 0.867188 0.402344 0.871094 0.416016 0.871094 0.419922 0.867188 0.419922 0.863281 0.417969 0.863281 0.416016 0.861328
0 0.451172 0.814453 0.449219 0.816406 0.449219 0.820312 0.451172 0.822266 0.458984 0.822266 0.460938 0.820312 0.460938 0.816406 0.458984 0.814453
0 0.847656 0.683594 0.845703 0.685547 0.845703 0.687500 0.847656 0.689453 0.863281 0.689453 0.865234 0.687500 0.861328 0.683594
0 0.882812 0.673828 0.880859 0.675781 0.875000 0.675781 0.873047 0.677734 0.876953 0.677734 0.878906 0.679688 0.894531 0.679688 0.896484 0.677734 0.900391 0.677734 0.898438 0.675781 0.892578 0.675781 0.890625 0.673828
0 0.863281 0.632812 0.861328 0.634766 0.857422 0.634766 0.853516 0.638672 0.853516 0.640625 0.851562 0.642578 0.851562 0.644531 0.853516 0.646484 0.853516 0.648438 0.855469 0.648438 0.857422 0.650391 0.859375 0.650391 0.861328 0.652344 0.873047 0.652344 0.875000 0.650391 0.876953 0.650391 0.878906 0.648438 0.880859 0.648438 0.882812 0.646484 0.882812 0.640625 0.876953 0.634766 0.875000 0.634766 0.873047 0.632812
0 0.453125 0.529297 0.451172 0.531250 0.449219 0.531250 0.445312 0.535156 0.445312 0.537109 0.443359 0.539062 0.443359 0.542969 0.445312 0.544922 0.445312 0.546875 0.449219 0.550781 0.451172 0.550781 0.453125 0.552734 0.458984 0.552734 0.460938 0.550781 0.462891 0.550781 0.468750 0.544922 0.468750 0.537109 0.466797 0.535156 0.466797 0.533203 0.464844 0.533203 0.460938 0.529297
0 0.076172 0.505859 0.074219 0.507812 0.074219 0.509766 0.072266 0.511719 0.072266 0.527344 0.078125 0.533203 0.083984 0.533203 0.087891 0.529297 0.087891 0.527344 0.089844 0.525391 0.089844 0.511719 0.087891 0.509766 0.087891 0.507812 0.085938 0.507812 0.083984 0.505859
0 0.880859 0.503906 0.878906 0.505859 0.876953 0.505859 0.876953 0.507812 0.875000 0.509766 0.875000 0.515625 0.878906 0.519531 0.882812 0.519531 0.886719 0.515625 0.886719 0.507812 0.884766 0.505859 0.882812 0.505859
0 0.498047 0.488281 0.494141 0.492188 0.494141 0.494141 0.492188 0.496094 0.492188 0.498047 0.494141 0.500000 0.494141 0.501953 0.498047 0.505859 0.505859 0.505859 0.507812 0.503906 0.509766 0.503906 0.511719 0.501953 0.511719 0.498047 0.513672 0.496094 0.511719 0.494141 0.511719 0.492188 0.509766 0.490234 0.507812 0.490234 0.505859 0.488281
0 0.041016 0.464844 0.039062 0.466797 0.037109 0.466797 0.037109 0.468750 0.035156 0.470703 0.035156 0.476562 0.037109 0.478516 0.037109 0.480469 0.039062 0.480469 0.041016 0.482422 0.050781 0.482422 0.052734 0.480469 0.054688 0.480469 0.054688 0.478516 0.056641 0.476562 0.056641 0.470703 0.054688 0.468750 0.054688 0.466797 0.052734 0.466797 0.050781 0.464844
0 0.255859 0.462891 0.251953 0.466797 0.251953 0.472656 0.253906 0.474609 0.255859 0.474609 0.257812 0.476562 0.259766 0.476562 0.261719 0.474609 0.263672 0.474609 0.265625 0.472656 0.265625 0.466797 0.261719 0.462891
0 0.306641 0.451172 0.302734 0.455078 0.300781 0.455078 0.300781 0.457031 0.298828 0.458984 0.298828 0.462891 0.296875 0.464844 0.296875 0.466797 0.298828 0.468750 0.298828 0.472656 0.300781 0.474609 0.300781 0.476562 0.302734 0.476562 0.304688 0.478516 0.306641 0.478516 0.308594 0.480469 0.316406 0.480469 0.318359 0.478516 0.322266 0.478516 0.324219 0.476562 0.324219 0.474609 0.326172 0.472656 0.326172 0.470703 0.328125 0.468750 0.328125 0.462891 0.326172 0.460938 0.326172 0.458984 0.324219 0.457031 0.324219 0.455078 0.322266 0.453125 0.320312 0.453125 0.318359 0.451172
0 0.777344 0.417969 0.775391 0.419922 0.773438 0.419922 0.773438 0.421875 0.771484 0.423828 0.771484 0.433594 0.773438 0.435547 0.773438 0.437500 0.775391 0.439453 0.779297 0.439453 0.783203 0.435547 0.783203 0.431641 0.785156 0.429688 0.785156 0.427734 0.783203 0.425781 0.783203 0.421875 0.779297 0.417969
0 0.505859 0.406250 0.503906 0.408203 0.501953 0.408203 0.500000 0.410156 0.500000 0.414062 0.498047 0.416016 0.500000 0.417969 0.500000 0.421875 0.501953 0.423828 0.513672 0.423828 0.515625 0.421875 0.515625 0.410156 0.513672 0.408203 0.511719 0.408203 0.509766 0.406250
0 0.078125 0.400391 0.076172 0.402344 0.072266 0.402344 0.072266 0.408203 0.074219 0.410156 0.087891 0.410156 0.089844 0.408203 0.091797 0.408203 0.091797 0.404297 0.089844 0.402344 0.087891 0.402344 0.085938 0.400391
0 0.314453 0.396484 0.312500 0.398438 0.310547 0.398438 0.308594 0.400391 0.306641 0.400391 0.304688 0.402344 0.304688 0.404297 0.302734 0.406250 0.302734 0.414062 0.304688 0.416016 0.304688 0.417969 0.306641 0.419922 0.306641 0.421875 0.308594 0.421875 0.310547 0.423828 0.322266 0.423828 0.324219 0.421875 0.326172 0.421875 0.326172 0.419922 0.328125 0.417969 0.328125 0.416016 0.330078 0.414062 0.330078 0.406250 0.328125 0.404297 0.328125 0.402344 0.324219 0.398438 0.322266 0.398438 0.320312 0.396484
0 0.121094 0.357422 0.119141 0.359375 0.117188 0.359375 0.115234 0.361328 0.115234 0.369141 0.119141 0.373047 0.125000 0.373047 0.126953 0.371094 0.126953 0.361328 0.123047 0.357422
0 0.863281 0.333984 0.861328 0.335938 0.859375 0.335938 0.859375 0.337891 0.857422 0.339844 0.857422 0.351562 0.859375 0.353516 0.859375 0.355469 0.861328 0.355469 0.863281 0.357422 0.865234 0.357422 0.867188 0.355469 0.869141 0.355469 0.869141 0.353516 0.871094 0.351562 0.871094 0.339844 0.869141 0.337891 0.869141 0.335938 0.867188 0.335938 0.865234 0.333984
0 0.291016 0.324219 0.289062 0.326172 0.289062 0.332031 0.291016 0.332031 0.292969 0.333984 0.294922 0.333984 0.296875 0.332031 0.298828 0.332031 0.298828 0.326172 0.296875 0.324219
0 0.265625 0.316406 0.261719 0.320312 0.261719 0.330078 0.263672 0.332031 0.263672 0.333984 0.265625 0.333984 0.267578 0.335938 0.271484 0.335938 0.275391 0.332031 0.275391 0.328125 0.277344 0.326172 0.277344 0.324219 0.275391 0.322266 0.275391 0.318359 0.273438 0.316406
0 0.113281 0.308594 0.111328 0.310547 0.109375 0.310547 0.103516 0.316406 0.103516 0.318359 0.101562 0.320312 0.101562 0.330078 0.103516 0.332031 0.103516 0.335938 0.109375 0.341797 0.117188 0.341797 0.119141 0.339844 0.121094 0.339844 0.125000 0.335938 0.125000 0.332031 0.126953 0.330078 0.126953 0.322266 0.125000 0.320312 0.125000 0.316406 0.119141 0.310547 0.115234 0.310547
0 0.464844 0.291016 0.460938 0.294922 0.460938 0.296875 0.458984 0.298828 0.458984 0.312500 0.460938 0.314453 0.460938 0.316406 0.464844 0.320312 0.470703 0.320312 0.474609 0.316406 0.474609 0.314453 0.476562 0.312500 0.476562 0.298828 0.474609 0.296875 0.474609 0.294922 0.470703 0.291016
0 0.763672 0.277344 0.759766 0.281250 0.759766 0.291016 0.763672 0.294922 0.767578 0.294922 0.771484 0.291016 0.771484 0.281250 0.767578 0.277344
0 0.517578 0.277344 0.513672 0.281250 0.513672 0.291016 0.515625 0.292969 0.517578 0.292969 0.519531 0.294922 0.525391 0.294922 0.527344 0.292969 0.529297 0.292969 0.533203 0.289062 0.533203 0.283203 0.527344 0.277344
0 0.390625 0.277344 0.384766 0.283203 0.384766 0.285156 0.382812 0.287109 0.382812 0.296875 0.384766 0.298828 0.384766 0.300781 0.390625 0.306641 0.400391 0.306641 0.406250 0.300781 0.406250 0.296875 0.408203 0.294922 0.408203 0.289062 0.406250 0.287109 0.406250 0.283203 0.402344 0.279297 0.400391 0.279297 0.398438 0.277344
0 0.621094 0.253906 0.619141 0.255859 0.619141 0.265625 0.623047 0.269531 0.625000 0.269531 0.626953 0.267578 0.628906 0.267578 0.628906 0.263672 0.630859 0.261719 0.630859 0.259766 0.628906 0.257812 0.628906 0.255859 0.626953 0.253906
0 0.968750 0.244141 0.966797 0.246094 0.966797 0.251953 0.968750 0.253906 0.976562 0.253906 0.976562 0.251953 0.978516 0.250000 0.976562 0.248047 0.976562 0.246094 0.974609 0.244141
0 0.962891 0.220703 0.960938 0.222656 0.960938 0.232422 0.962891 0.234375 0.968750 0.234375 0.970703 0.232422 0.970703 0.222656 0.968750 0.220703
0 0.949219 0.214844 0.947266 0.216797 0.945312 0.216797 0.945312 0.224609 0.947266 0.224609 0.949219 0.226562 0.951172 0.226562 0.953125 0.224609 0.955078 0.224609 0.955078 0.216797 0.953125 0.214844
0 0.630859 0.207031 0.628906 0.208984 0.626953 0.208984 0.625000 0.210938 0.625000 0.214844 0.628906 0.218750 0.632812 0.218750 0.634766 0.216797 0.636719 0.216797 0.636719 0.210938 0.632812 0.207031
0 0.064453 0.191406 0.062500 0.193359 0.060547 0.193359 0.054688 0.199219 0.054688 0.201172 0.052734 0.203125 0.052734 0.207031 0.050781 0.208984 0.050781 0.212891 0.052734 0.214844 0.052734 0.216797 0.054688 0.218750 0.054688 0.220703 0.056641 0.222656 0.056641 0.224609 0.058594 0.224609 0.062500 0.228516 0.072266 0.228516 0.074219 0.226562 0.076172 0.226562 0.080078 0.222656 0.080078 0.220703 0.082031 0.218750 0.082031 0.216797 0.083984 0.214844 0.083984 0.207031 0.082031 0.205078 0.082031 0.201172 0.080078 0.199219 0.080078 0.197266 0.078125 0.197266 0.076172 0.195312 0.076172 0.193359 0.072266 0.193359 0.070312 0.191406
0 0.351562 0.156250 0.347656 0.160156 0.347656 0.162109 0.345703 0.164062 0.345703 0.166016 0.347656 0.167969 0.347656 0.171875 0.351562 0.175781 0.361328 0.175781 0.365234 0.171875 0.365234 0.169922 0.367188 0.167969 0.367188 0.164062 0.365234 0.162109 0.365234 0.160156 0.361328 0.156250
0 0.251953 0.142578 0.246094 0.148438 0.246094 0.154297 0.244141 0.156250 0.244141 0.167969 0.246094 0.169922 0.246094 0.175781 0.251953 0.181641 0.257812 0.181641 0.261719 0.177734 0.261719 0.175781 0.263672 0.173828 0.263672 0.169922 0.265625 0.167969 0.265625 0.156250 0.263672 0.154297 0.263672 0.150391 0.261719 0.148438 0.261719 0.146484 0.257812 0.142578
0 0.300781 0.140625 0.294922 0.146484 0.294922 0.156250 0.298828 0.160156 0.298828 0.162109 0.308594 0.162109 0.312500 0.158203 0.312500 0.156250 0.314453 0.154297 0.314453 0.148438 0.312500 0.146484 0.312500 0.144531 0.308594 0.140625
0 0.978516 0.125000 0.976562 0.126953 0.976562 0.134766 0.980469 0.138672 0.984375 0.138672 0.988281 0.134766 0.988281 0.126953 0.986328 0.125000
0 0.751953 0.125000 0.750000 0.126953 0.750000 0.128906 0.748047 0.130859 0.748047 0.138672 0.751953 0.142578 0.757812 0.142578 0.759766 0.140625 0.759766 0.138672 0.761719 0.136719 0.761719 0.130859 0.759766 0.128906 0.759766 0.126953 0.757812 0.126953 0.755859 0.125000
0 0.000000 0.123047 0.000000 0.144531 0.001953 0.144531 0.005859 0.140625 0.005859 0.126953 0.001953 0.123047
0 0.796875 0.091797 0.794922 0.093750 0.792969 0.093750 0.791016 0.095703 0.791016 0.097656 0.792969 0.099609 0.802734 0.099609 0.804688 0.097656 0.804688 0.093750 0.800781 0.093750 0.798828 0.091797
0 0.037109 0.082031 0.033203 0.085938 0.033203 0.095703 0.035156 0.097656 0.035156 0.099609 0.037109 0.101562 0.041016 0.101562 0.044922 0.097656 0.044922 0.093750 0.046875 0.091797 0.046875 0.089844 0.044922 0.087891 0.044922 0.085938 0.042969 0.083984 0.042969 0.082031
0 0.771484 0.052734 0.769531 0.054688 0.769531 0.066406 0.771484 0.068359 0.775391 0.068359 0.779297 0.064453 0.779297 0.056641 0.775391 0.052734
0 0.812500 0.050781 0.810547 0.052734 0.806641 0.052734 0.804688 0.054688 0.804688 0.064453 0.808594 0.068359 0.816406 0.068359 0.820312 0.064453 0.820312 0.056641 0.816406 0.052734 0.814453 0.052734