0 0.466797 0.865234 0.464844 0.867188 0.460938 0.867188 0.457031 0.871094 0.455078 0.871094 0.449219 0.876953 0.449219 0.880859 0.447266 0.882812 0.447266 0.894531 0.449219 0.896484 0.449219 0.898438 0.457031 0.906250 0.458984 0.906250 0.460938 0.908203 0.462891 0.908203 0.464844 0.910156 0.468750 0.910156 0.470703 0.912109 0.480469 0.912109 0.482422 0.910156 0.490234 0.910156 0.496094 0.904297 0.500000 0.904297 0.500000 0.902344 0.501953 0.900391 0.501953 0.898438 0.503906 0.896484 0.503906 0.894531 0.505859 0.892578 0.505859 0.882812 0.503906 0.880859 0.503906 0.878906 0.492188 0.867188 0.488281 0.867188 0.486328 0.865234
0 0.582031 0.814453 0.580078 0.816406 0.576172 0.816406 0.564453 0.828125 0.564453 0.832031 0.562500 0.833984 0.562500 0.837891 0.560547 0.839844 0.560547 0.853516 0.562500 0.855469 0.562500 0.859375 0.564453 0.861328 0.564453 0.863281 0.568359 0.867188 0.568359 0.869141 0.570312 0.871094 0.572266 0.871094 0.574219 0.873047 0.576172 0.873047 0.578125 0.875000 0.580078 0.875000 0.582031 0.876953 0.591797 0.876953 0.593750 0.875000 0.597656 0.875000 0.601562 0.871094 0.603516 0.871094 0.605469 0.869141 0.605469 0.867188 0.611328 0.861328 0.611328 0.857422 0.613281 0.855469 0.613281 0.835938 0.611328 0.833984 0.611328 0.830078 0.597656 0.816406 0.595703 0.816406 0.593750 0.814453
0 0.564453 0.447266 0.562500 0.449219 0.560547 0.449219 0.550781 0.458984 0.550781 0.460938 0.548828 0.462891 0.548828 0.466797 0.546875 0.468750 0.546875 0.486328 0.548828 0.488281 0.548828 0.492188 0.550781 0.494141 0.550781 0.496094 0.560547 0.505859 0.564453 0.505859 0.566406 0.507812 0.570312 0.507812 0.572266 0.505859 0.576172 0.505859 0.585938 0.496094 0.585938 0.494141 0.587891 0.492188 0.587891 0.488281 0.589844 0.486328 0.589844 0.466797 0.587891 0.464844 0.587891 0.462891 0.585938 0.460938 0.585938 0.457031 0.580078 0.451172 0.578125 0.451172 0.576172 0.449219 0.574219 0.449219 0.572266 0.447266
0 0.251953 0.318359 0.250000 0.320312 0.244141 0.320312 0.242188 0.322266 0.240234 0.322266 0.238281 0.324219 0.236328 0.324219 0.236328 0.330078 0.238281 0.332031 0.240234 0.332031 0.242188 0.333984 0.248047 0.333984 0.250000 0.335938 0.257812 0.335938 0.259766 0.333984 0.265625 0.333984 0.267578 0.332031 0.269531 0.332031 0.273438 0.328125 0.273438 0.326172 0.269531 0.322266 0.267578 0.322266 0.265625 0.320312 0.257812 0.320312 0.255859 0.318359
0 0.396484 0.298828 0.394531 0.300781 0.390625 0.300781 0.386719 0.304688 0.386719 0.308594 0.390625 0.312500 0.394531 0.312500 0.396484 0.314453 0.402344 0.314453 0.404297 0.312500 0.408203 0.312500 0.412109 0.308594 0.412109 0.302734 0.410156 0.300781 0.406250 0.300781 0.404297 0.298828
0 0.017578 0.251953 0.015625 0.253906 0.013672 0.253906 0.013672 0.255859 0.011719 0.257812 0.013672 0.259766 0.015625 0.259766 0.017578 0.261719 0.039062 0.261719 0.041016 0.259766 0.042969 0.259766 0.044922 0.257812 0.044922 0.255859 0.042969 0.253906 0.041016 0.253906 0.039062 0.251953
0 0.031250 0.189453 0.029297 0.191406 0.027344 0.191406 0.027344 0.195312 0.029297 0.197266 0.048828 0.197266 0.050781 0.195312 0.050781 0.191406 0.048828 0.191406 0.046875 0.189453
0 0.511719 0.187500 0.509766 0.189453 0.503906 0.189453 0.500000 0.193359 0.498047 0.193359 0.496094 0.195312 0.494141 0.195312 0.488281 0.201172 0.488281 0.203125 0.486328 0.205078 0.486328 0.207031 0.484375 0.208984 0.484375 0.222656 0.486328 0.224609 0.486328 0.228516 0.498047 0.240234 0.501953 0.240234 0.503906 0.242188 0.507812 0.242188 0.509766 0.244141 0.525391 0.244141 0.527344 0.242188 0.531250 0.242188 0.533203 0.240234 0.535156 0.240234 0.537109 0.238281 0.539062 0.238281 0.546875 0.230469 0.546875 0.226562 0.548828 0.224609 0.548828 0.218750 0.550781 0.216797 0.550781 0.214844 0.548828 0.212891 0.548828 0.208984 0.546875 0.207031 0.546875 0.203125 0.535156 0.191406 0.531250 0.191406 0.529297 0.189453 0.523438 0.189453 0.521484 0.187500
0 0.064453 0.101562 0.062500 0.103516 0.060547 0.103516 0.056641 0.107422 0.056641 0.109375 0.058594 0.111328 0.058594 0.113281 0.060547 0.115234 0.070312 0.115234 0.072266 0.113281 0.072266 0.111328 0.074219 0.109375 0.074219 0.107422 0.070312 0.103516 0.068359 0.103516 0.066406 0.101562
0 0.318359 0.087891 0.312500 0.093750 0.312500 0.097656 0.316406 0.101562 0.332031 0.101562 0.333984 0.099609 0.333984 0.097656 0.335938 0.095703 0.335938 0.093750 0.332031 0.089844 0.330078 0.089844 0.328125 0.087891
0 0.107422 0.044922 0.105469 0.046875 0.099609 0.046875 0.095703 0.050781 0.097656 0.052734 0.099609 0.052734 0.101562 0.054688 0.125000 0.054688 0.126953 0.052734 0.128906 0.052734 0.130859 0.050781 0.126953 0.046875 0.121094 0.046875 0.119141 0.044922
0 0.867188 0.003906 0.863281 0.007812 0.863281 0.009766 0.861328 0.011719 0.861328 0.013672 0.859375 0.015625 0.859375 0.019531 0.857422 0.021484 0.857422 0.027344 0.855469 0.029297 0.855469 0.044922 0.853516 0.046875 0.853516 0.066406 0.855469 0.068359 0.855469 0.083984 0.857422 0.085938 0.857422 0.093750 0.859375 0.095703 0.859375 0.097656 0.861328 0.099609 0.861328 0.103516 0.867188 0.109375 0.873047 0.109375 0.875000 0.107422 0.875000 0.105469 0.878906 0.101562 0.878906 0.097656 0.880859 0.095703 0.880859 0.091797 0.882812 0.089844 0.882812 0.080078 0.884766 0.078125 0.884766 0.035156 0.882812 0.033203 0.882812 0.025391 0.880859 0.023438 0.880859 0.017578 0.878906 0.015625 0.878906 0.013672 0.876953 0.011719 0.876953 0.009766 0.875000 0.007812 0.875000 0.005859 0.873047 0.005859 0.871094 0.003906
0 0.078125 0.000000 0.078125 0.001953 0.082031 0.005859 0.089844 0.005859 0.091797 0.003906 0.093750 0.003906 0.093750 0.000000