0 0.964844 0.894531 0.960938 0.898438 0.960938 0.900391 0.958984 0.902344 0.958984 0.906250 0.964844 0.912109 0.972656 0.912109 0.976562 0.908203 0.976562 0.898438 0.974609 0.896484 0.972656 0.896484 0.970703 0.894531
0 0.439453 0.806641 0.437500 0.808594 0.435547 0.808594 0.431641 0.812500 0.431641 0.822266 0.435547 0.826172 0.437500 0.826172 0.439453 0.828125 0.453125 0.828125 0.457031 0.824219 0.458984 0.824219 0.458984 0.822266 0.460938 0.820312 0.460938 0.814453 0.458984 0.812500 0.458984 0.810547 0.457031 0.810547 0.455078 0.808594 0.453125 0.808594 0.451172 0.806641
0 0.353516 0.718750 0.351562 0.720703 0.349609 0.720703 0.347656 0.722656 0.345703 0.722656 0.337891 0.730469 0.337891 0.734375 0.335938 0.736328 0.335938 0.748047 0.337891 0.750000 0.337891 0.753906 0.345703 0.761719 0.347656 0.761719 0.349609 0.763672 0.351562 0.763672 0.353516 0.765625 0.361328 0.765625 0.363281 0.763672 0.367188 0.763672 0.369141 0.761719 0.371094 0.761719 0.373047 0.759766 0.373047 0.757812 0.376953 0.753906 0.376953 0.751953 0.378906 0.750000 0.378906 0.734375 0.376953 0.732422 0.376953 0.730469 0.373047 0.726562 0.373047 0.724609 0.371094 0.722656 0.369141 0.722656 0.367188 0.720703 0.365234 0.720703 0.363281 0.718750
0 0.341797 0.632812 0.339844 0.634766 0.339844 0.642578 0.341797 0.644531 0.353516 0.644531 0.355469 0.642578 0.355469 0.640625 0.357422 0.638672 0.355469 0.636719 0.355469 0.634766 0.353516 0.632812
0 0.333984 0.466797 0.332031 0.468750 0.330078 0.468750 0.330078 0.480469 0.332031 0.482422 0.339844 0.482422 0.341797 0.480469 0.341797 0.470703 0.337891 0.466797
0 0.404297 0.386719 0.400391 0.390625 0.400391 0.392578 0.398438 0.394531 0.398438 0.406250 0.400391 0.408203 0.400391 0.410156 0.402344 0.410156 0.404297 0.412109 0.406250 0.412109 0.408203 0.410156 0.410156 0.410156 0.410156 0.408203 0.412109 0.406250 0.412109 0.394531 0.410156 0.392578 0.410156 0.390625 0.406250 0.386719
0 0.367188 0.265625 0.365234 0.267578 0.361328 0.267578 0.353516 0.275391 0.353516 0.289062 0.357422 0.292969 0.357422 0.294922 0.359375 0.296875 0.363281 0.296875 0.365234 0.298828 0.371094 0.298828 0.373047 0.296875 0.375000 0.296875 0.380859 0.291016 0.380859 0.289062 0.382812 0.287109 0.382812 0.277344 0.380859 0.275391 0.380859 0.273438 0.376953 0.269531 0.375000 0.269531 0.373047 0.267578 0.371094 0.267578 0.369141 0.265625
0 0.312500 0.210938 0.312500 0.212891 0.310547 0.214844 0.310547 0.216797 0.308594 0.218750 0.308594 0.230469 0.310547 0.232422 0.310547 0.234375 0.314453 0.238281 0.318359 0.238281 0.320312 0.236328 0.320312 0.234375 0.322266 0.232422 0.322266 0.216797 0.320312 0.214844 0.320312 0.212891 0.318359 0.210938
0 0.662109 0.189453 0.660156 0.191406 0.658203 0.191406 0.658203 0.193359 0.656250 0.195312 0.656250 0.197266 0.658203 0.199219 0.658203 0.201172 0.660156 0.201172 0.662109 0.203125 0.673828 0.203125 0.679688 0.197266 0.679688 0.195312 0.673828 0.189453
0 0.615234 0.115234 0.611328 0.119141 0.611328 0.128906 0.613281 0.130859 0.613281 0.132812 0.615234 0.132812 0.617188 0.134766 0.623047 0.134766 0.628906 0.128906 0.628906 0.121094 0.626953 0.119141 0.626953 0.117188 0.625000 0.115234
0 0.689453 0.111328 0.685547 0.115234 0.685547 0.117188 0.683594 0.119141 0.683594 0.128906 0.685547 0.130859 0.685547 0.134766 0.687500 0.136719 0.693359 0.136719 0.697266 0.132812 0.697266 0.117188 0.695312 0.115234 0.695312 0.113281 0.693359 0.111328
0 0.492188 0.089844 0.490234 0.091797 0.488281 0.091797 0.484375 0.095703 0.484375 0.101562 0.486328 0.103516 0.486328 0.105469 0.488281 0.107422 0.492188 0.107422 0.494141 0.109375 0.496094 0.107422 0.500000 0.107422 0.501953 0.105469 0.501953 0.093750 0.500000 0.091797 0.498047 0.091797 0.496094 0.089844