0 0.623047 0.986328 0.621094 0.988281 0.621094 0.990234 0.619141 0.992188 0.619141 0.998047 0.634766 0.998047 0.634766 0.992188 0.632812 0.990234 0.632812 0.988281 0.630859 0.986328
0 0.691406 0.953125 0.689453 0.955078 0.689453 0.958984 0.691406 0.960938 0.699219 0.960938 0.701172 0.958984 0.701172 0.955078 0.699219 0.953125
0 0.628906 0.945312 0.625000 0.949219 0.625000 0.953125 0.626953 0.955078 0.628906 0.955078 0.630859 0.957031 0.638672 0.957031 0.642578 0.953125 0.642578 0.947266 0.640625 0.945312
0 0.048828 0.650391 0.044922 0.654297 0.044922 0.656250 0.046875 0.658203 0.046875 0.660156 0.052734 0.660156 0.054688 0.658203 0.054688 0.652344 0.052734 0.650391
0 0.472656 0.621094 0.466797 0.626953 0.466797 0.630859 0.468750 0.632812 0.470703 0.632812 0.472656 0.634766 0.474609 0.634766 0.476562 0.636719 0.484375 0.636719 0.486328 0.634766 0.490234 0.634766 0.494141 0.630859 0.494141 0.625000 0.492188 0.623047 0.490234 0.623047 0.488281 0.621094
0 0.251953 0.621094 0.250000 0.623047 0.244141 0.623047 0.242188 0.625000 0.240234 0.625000 0.236328 0.628906 0.236328 0.630859 0.234375 0.632812 0.234375 0.634766 0.232422 0.636719 0.232422 0.640625 0.234375 0.642578 0.234375 0.646484 0.242188 0.654297 0.248047 0.654297 0.250000 0.656250 0.253906 0.656250 0.255859 0.654297 0.261719 0.654297 0.269531 0.646484 0.269531 0.644531 0.271484 0.642578 0.271484 0.634766 0.269531 0.632812 0.269531 0.630859 0.263672 0.625000 0.261719 0.625000 0.259766 0.623047 0.253906 0.623047
0 0.437500 0.615234 0.433594 0.619141 0.433594 0.630859 0.437500 0.634766 0.449219 0.634766 0.453125 0.630859 0.453125 0.619141 0.449219 0.615234
0 0.261719 0.587891 0.259766 0.589844 0.255859 0.589844 0.251953 0.593750 0.251953 0.601562 0.255859 0.605469 0.257812 0.605469 0.259766 0.607422 0.269531 0.607422 0.271484 0.605469 0.273438 0.605469 0.277344 0.601562 0.277344 0.595703 0.275391 0.593750 0.275391 0.591797 0.273438 0.591797 0.271484 0.589844 0.269531 0.589844 0.267578 0.587891
0 0.343750 0.427734 0.341797 0.429688 0.337891 0.429688 0.337891 0.433594 0.341797 0.433594 0.343750 0.435547 0.351562 0.435547 0.353516 0.433594 0.357422 0.433594 0.357422 0.429688 0.353516 0.429688 0.351562 0.427734
0 0.335938 0.363281 0.332031 0.367188 0.330078 0.367188 0.330078 0.375000 0.333984 0.378906 0.335938 0.378906 0.337891 0.380859 0.345703 0.380859 0.347656 0.378906 0.351562 0.378906 0.355469 0.375000 0.355469 0.369141 0.349609 0.363281
0 0.369141 0.318359 0.367188 0.320312 0.367188 0.322266 0.365234 0.324219 0.365234 0.330078 0.371094 0.335938 0.375000 0.335938 0.378906 0.332031 0.378906 0.330078 0.380859 0.328125 0.380859 0.324219 0.378906 0.322266 0.378906 0.320312 0.376953 0.318359
0 0.353516 0.285156 0.351562 0.287109 0.351562 0.294922 0.355469 0.298828 0.357422 0.298828 0.361328 0.294922 0.361328 0.289062 0.359375 0.287109 0.359375 0.285156
0 0.396484 0.187500 0.394531 0.189453 0.392578 0.189453 0.390625 0.191406 0.390625 0.195312 0.392578 0.197266 0.400391 0.197266 0.402344 0.195312 0.402344 0.191406 0.400391 0.189453 0.398438 0.189453
0 0.429688 0.142578 0.427734 0.144531 0.425781 0.144531 0.423828 0.146484 0.423828 0.148438 0.421875 0.150391 0.421875 0.154297 0.423828 0.156250 0.423828 0.158203 0.427734 0.162109 0.435547 0.162109 0.437500 0.160156 0.439453 0.160156 0.439453 0.158203 0.441406 0.156250 0.441406 0.148438 0.439453 0.146484 0.439453 0.144531 0.437500 0.144531 0.435547 0.142578
0 0.458984 0.101562 0.457031 0.103516 0.457031 0.105469 0.455078 0.107422 0.455078 0.117188 0.457031 0.119141 0.457031 0.121094 0.458984 0.123047 0.468750 0.123047 0.468750 0.121094 0.470703 0.119141 0.470703 0.117188 0.472656 0.115234 0.472656 0.109375 0.470703 0.107422 0.470703 0.105469 0.466797 0.101562
0 0.445312 0.054688 0.439453 0.060547 0.439453 0.062500 0.437500 0.064453 0.437500 0.072266 0.439453 0.074219 0.439453 0.076172 0.445312 0.082031 0.453125 0.082031 0.458984 0.076172 0.458984 0.072266 0.460938 0.070312 0.460938 0.066406 0.458984 0.064453 0.458984 0.060547 0.453125 0.054688
0 0.429688 0.027344 0.427734 0.029297 0.427734 0.031250 0.425781 0.033203 0.425781 0.037109 0.427734 0.039062 0.427734 0.041016 0.429688 0.041016 0.431641 0.042969 0.433594 0.041016 0.435547 0.041016 0.435547 0.029297 0.433594 0.027344
0 0.466797 0.015625 0.460938 0.021484 0.460938 0.039062 0.462891 0.041016 0.462891 0.042969 0.464844 0.044922 0.470703 0.044922 0.474609 0.041016 0.474609 0.037109 0.476562 0.035156 0.476562 0.025391 0.474609 0.023438 0.474609 0.021484 0.472656 0.019531 0.472656 0.017578 0.470703 0.017578 0.468750 0.015625
0 0.501953 0.007812 0.498047 0.011719 0.498047 0.017578 0.501953 0.021484 0.507812 0.021484 0.509766 0.019531 0.511719 0.019531 0.511719 0.011719 0.507812 0.007812