0 0.816406 0.648438 0.814453 0.650391 0.808594 0.650391 0.806641 0.652344 0.802734 0.652344 0.800781 0.654297 0.798828 0.654297 0.796875 0.656250 0.796875 0.658203 0.794922 0.660156 0.794922 0.662109 0.792969 0.664062 0.792969 0.669922 0.794922 0.671875 0.794922 0.673828 0.796875 0.675781 0.796875 0.677734 0.798828 0.677734 0.802734 0.681641 0.806641 0.681641 0.808594 0.683594 0.830078 0.683594 0.832031 0.681641 0.833984 0.681641 0.837891 0.677734 0.839844 0.677734 0.843750 0.673828 0.843750 0.671875 0.845703 0.669922 0.845703 0.664062 0.843750 0.662109 0.843750 0.660156 0.837891 0.654297 0.835938 0.654297 0.833984 0.652344 0.832031 0.652344 0.830078 0.650391 0.824219 0.650391 0.822266 0.648438
0 0.982422 0.634766 0.980469 0.636719 0.976562 0.636719 0.974609 0.638672 0.970703 0.638672 0.960938 0.648438 0.960938 0.650391 0.958984 0.652344 0.958984 0.656250 0.957031 0.658203 0.957031 0.666016 0.958984 0.667969 0.958984 0.669922 0.960938 0.671875 0.960938 0.675781 0.968750 0.683594 0.972656 0.683594 0.976562 0.687500 0.994141 0.687500 0.998047 0.683594 0.998047 0.638672 0.996094 0.638672 0.994141 0.636719 0.990234 0.636719 0.988281 0.634766
0 0.173828 0.419922 0.171875 0.421875 0.166016 0.421875 0.160156 0.427734 0.160156 0.431641 0.166016 0.437500 0.185547 0.437500 0.191406 0.431641 0.191406 0.427734 0.185547 0.421875 0.179688 0.421875 0.177734 0.419922
0 0.341797 0.396484 0.339844 0.398438 0.339844 0.400391 0.337891 0.402344 0.337891 0.404297 0.335938 0.406250 0.335938 0.419922 0.337891 0.421875 0.337891 0.423828 0.339844 0.425781 0.339844 0.427734 0.341797 0.429688 0.347656 0.429688 0.353516 0.423828 0.353516 0.419922 0.355469 0.417969 0.355469 0.408203 0.353516 0.406250 0.353516 0.402344 0.351562 0.400391 0.351562 0.398438 0.349609 0.396484
0 0.396484 0.289062 0.392578 0.292969 0.390625 0.292969 0.386719 0.296875 0.386719 0.300781 0.384766 0.302734 0.384766 0.314453 0.386719 0.316406 0.386719 0.318359 0.394531 0.326172 0.404297 0.326172 0.406250 0.324219 0.408203 0.324219 0.412109 0.320312 0.412109 0.318359 0.414062 0.316406 0.414062 0.310547 0.416016 0.308594 0.414062 0.306641 0.414062 0.300781 0.412109 0.298828 0.412109 0.294922 0.410156 0.294922 0.406250 0.291016 0.404297 0.291016 0.402344 0.289062
0 0.242188 0.214844 0.240234 0.216797 0.238281 0.216797 0.236328 0.218750 0.234375 0.218750 0.234375 0.220703 0.230469 0.224609 0.230469 0.238281 0.236328 0.244141 0.238281 0.244141 0.240234 0.246094 0.242188 0.246094 0.244141 0.248047 0.248047 0.248047 0.250000 0.246094 0.253906 0.246094 0.257812 0.242188 0.259766 0.242188 0.259766 0.240234 0.261719 0.238281 0.261719 0.236328 0.263672 0.234375 0.263672 0.228516 0.261719 0.226562 0.261719 0.222656 0.257812 0.218750 0.255859 0.218750 0.253906 0.216797 0.251953 0.216797 0.250000 0.214844
0 0.128906 0.203125 0.125000 0.207031 0.125000 0.208984 0.123047 0.210938 0.123047 0.216797 0.125000 0.218750 0.125000 0.220703 0.126953 0.222656 0.128906 0.222656 0.130859 0.224609 0.140625 0.224609 0.146484 0.218750 0.146484 0.207031 0.144531 0.207031 0.140625 0.203125
0 0.011719 0.167969 0.009766 0.169922 0.003906 0.169922 0.000000 0.173828 0.000000 0.185547 0.001953 0.187500 0.005859 0.187500 0.007812 0.189453 0.019531 0.189453 0.021484 0.187500 0.023438 0.187500 0.025391 0.185547 0.027344 0.185547 0.027344 0.183594 0.029297 0.181641 0.029297 0.175781 0.023438 0.169922 0.017578 0.169922 0.015625 0.167969
0 0.250000 0.164062 0.248047 0.166016 0.240234 0.166016 0.238281 0.167969 0.234375 0.167969 0.232422 0.169922 0.230469 0.169922 0.230469 0.171875 0.228516 0.173828 0.228516 0.179688 0.230469 0.181641 0.230469 0.183594 0.232422 0.183594 0.234375 0.185547 0.238281 0.185547 0.240234 0.187500 0.246094 0.187500 0.248047 0.189453 0.257812 0.189453 0.259766 0.187500 0.265625 0.187500 0.267578 0.185547 0.271484 0.185547 0.277344 0.179688 0.277344 0.173828 0.271484 0.167969 0.267578 0.167969 0.265625 0.166016 0.257812 0.166016 0.255859 0.164062
0 0.000000 0.089844 0.000000 0.125000 0.001953 0.125000 0.003906 0.123047 0.005859 0.123047 0.009766 0.119141 0.009766 0.117188 0.011719 0.115234 0.011719 0.109375 0.013672 0.107422 0.011719 0.105469 0.011719 0.099609 0.007812 0.095703 0.007812 0.093750 0.005859 0.093750 0.003906 0.091797 0.001953 0.091797
0 0.609375 0.000000 0.607422 0.001953 0.607422 0.005859 0.605469 0.007812 0.605469 0.013672 0.603516 0.015625 0.603516 0.017578 0.605469 0.019531 0.605469 0.025391 0.607422 0.027344 0.607422 0.029297 0.617188 0.039062 0.621094 0.039062 0.623047 0.041016 0.640625 0.041016 0.642578 0.039062 0.644531 0.039062 0.648438 0.035156 0.650391 0.035156 0.652344 0.033203 0.652344 0.031250 0.656250 0.027344 0.656250 0.023438 0.658203 0.021484 0.658203 0.009766 0.656250 0.007812 0.656250 0.005859 0.654297 0.003906 0.654297 0.001953 0.652344 0.000000