0 0.498047 0.728516 0.496094 0.730469 0.496094 0.736328 0.498047 0.738281 0.503906 0.738281 0.505859 0.736328 0.505859 0.730469 0.503906 0.728516
0 0.402344 0.435547 0.400391 0.437500 0.400391 0.443359 0.402344 0.445312 0.412109 0.445312 0.414062 0.443359 0.414062 0.437500 0.412109 0.437500 0.410156 0.435547
0 0.484375 0.425781 0.480469 0.429688 0.480469 0.431641 0.482422 0.433594 0.496094 0.433594 0.498047 0.431641 0.498047 0.427734 0.496094 0.427734 0.494141 0.425781
0 0.099609 0.419922 0.095703 0.423828 0.095703 0.429688 0.097656 0.431641 0.099609 0.431641 0.101562 0.433594 0.107422 0.433594 0.109375 0.431641 0.111328 0.431641 0.113281 0.429688 0.113281 0.423828 0.111328 0.421875 0.111328 0.419922
0 0.064453 0.363281 0.062500 0.365234 0.058594 0.365234 0.054688 0.369141 0.054688 0.378906 0.056641 0.380859 0.056641 0.382812 0.058594 0.382812 0.060547 0.384766 0.068359 0.384766 0.072266 0.380859 0.072266 0.376953 0.074219 0.375000 0.074219 0.373047 0.072266 0.371094 0.072266 0.369141 0.070312 0.367188 0.070312 0.365234 0.066406 0.365234
0 0.197266 0.357422 0.195312 0.359375 0.195312 0.365234 0.197266 0.367188 0.207031 0.367188 0.210938 0.363281 0.210938 0.361328 0.207031 0.357422
0 0.490234 0.320312 0.486328 0.324219 0.486328 0.330078 0.488281 0.332031 0.488281 0.333984 0.490234 0.333984 0.492188 0.335938 0.494141 0.335938 0.496094 0.333984 0.498047 0.333984 0.500000 0.332031 0.500000 0.322266 0.498047 0.320312
0 0.521484 0.298828 0.521484 0.300781 0.519531 0.302734 0.519531 0.304688 0.523438 0.308594 0.533203 0.308594 0.535156 0.306641 0.535156 0.300781 0.533203 0.298828
0 0.414062 0.279297 0.414062 0.281250 0.412109 0.283203 0.412109 0.285156 0.416016 0.289062 0.423828 0.289062 0.425781 0.287109 0.425781 0.281250 0.423828 0.279297
0 0.658203 0.199219 0.656250 0.201172 0.656250 0.208984 0.660156 0.212891 0.662109 0.212891 0.664062 0.210938 0.664062 0.208984 0.666016 0.207031 0.666016 0.205078 0.664062 0.203125 0.664062 0.201172 0.662109 0.199219
0 0.115234 0.128906 0.111328 0.132812 0.111328 0.136719 0.115234 0.140625 0.117188 0.140625 0.121094 0.136719 0.121094 0.132812 0.119141 0.130859 0.119141 0.128906
0 0.408203 0.123047 0.404297 0.126953 0.404297 0.130859 0.408203 0.134766 0.416016 0.134766 0.416016 0.132812 0.417969 0.130859 0.417969 0.126953 0.414062 0.123047