0 0.203125 0.935547 0.201172 0.937500 0.201172 0.947266 0.203125 0.949219 0.208984 0.949219 0.212891 0.945312 0.212891 0.939453 0.208984 0.935547
0 0.554688 0.550781 0.552734 0.552734 0.550781 0.552734 0.550781 0.560547 0.552734 0.562500 0.558594 0.562500 0.558594 0.560547 0.560547 0.558594 0.560547 0.554688 0.556641 0.550781
0 0.572266 0.494141 0.568359 0.498047 0.568359 0.501953 0.570312 0.503906 0.572266 0.503906 0.574219 0.505859 0.578125 0.505859 0.582031 0.501953 0.582031 0.498047 0.578125 0.494141
0 0.296875 0.488281 0.294922 0.490234 0.292969 0.490234 0.291016 0.492188 0.291016 0.494141 0.289062 0.496094 0.289062 0.501953 0.291016 0.503906 0.291016 0.505859 0.292969 0.505859 0.294922 0.507812 0.304688 0.507812 0.308594 0.503906 0.308594 0.494141 0.306641 0.492188 0.306641 0.490234 0.304688 0.490234 0.302734 0.488281
0 0.373047 0.484375 0.371094 0.486328 0.371094 0.490234 0.373047 0.492188 0.382812 0.492188 0.384766 0.490234 0.384766 0.486328 0.382812 0.486328 0.380859 0.484375
0 0.181641 0.429688 0.175781 0.435547 0.175781 0.437500 0.173828 0.439453 0.173828 0.443359 0.175781 0.445312 0.175781 0.447266 0.181641 0.453125 0.193359 0.453125 0.195312 0.451172 0.197266 0.451172 0.201172 0.447266 0.201172 0.445312 0.203125 0.443359 0.203125 0.439453 0.201172 0.437500 0.201172 0.435547 0.197266 0.431641 0.195312 0.431641 0.193359 0.429688
0 0.259766 0.427734 0.257812 0.429688 0.253906 0.429688 0.253906 0.431641 0.251953 0.433594 0.250000 0.433594 0.250000 0.435547 0.248047 0.437500 0.248047 0.451172 0.250000 0.453125 0.250000 0.455078 0.253906 0.458984 0.255859 0.458984 0.257812 0.460938 0.263672 0.460938 0.265625 0.458984 0.267578 0.458984 0.269531 0.457031 0.271484 0.457031 0.271484 0.455078 0.273438 0.453125 0.273438 0.451172 0.275391 0.449219 0.275391 0.439453 0.273438 0.437500 0.273438 0.435547 0.267578 0.429688 0.265625 0.429688 0.263672 0.427734
0 0.755859 0.414062 0.751953 0.417969 0.751953 0.423828 0.755859 0.427734 0.761719 0.427734 0.763672 0.425781 0.765625 0.425781 0.765625 0.416016 0.763672 0.416016 0.761719 0.414062
0 0.216797 0.351562 0.214844 0.353516 0.214844 0.359375 0.212891 0.361328 0.212891 0.378906 0.214844 0.380859 0.214844 0.388672 0.216797 0.388672 0.218750 0.386719 0.218750 0.355469 0.216797 0.353516
0 0.121094 0.275391 0.117188 0.279297 0.117188 0.285156 0.119141 0.285156 0.121094 0.287109 0.132812 0.287109 0.136719 0.283203 0.136719 0.279297 0.134766 0.277344 0.132812 0.277344 0.130859 0.275391
0 0.587891 0.261719 0.585938 0.263672 0.580078 0.263672 0.576172 0.267578 0.576172 0.271484 0.580078 0.275391 0.587891 0.275391 0.589844 0.277344 0.593750 0.277344 0.595703 0.275391 0.601562 0.275391 0.603516 0.273438 0.605469 0.273438 0.607422 0.271484 0.607422 0.267578 0.605469 0.265625 0.603516 0.265625 0.601562 0.263672 0.595703 0.263672 0.593750 0.261719
0 0.437500 0.232422 0.435547 0.234375 0.435547 0.236328 0.433594 0.238281 0.433594 0.244141 0.435547 0.246094 0.435547 0.250000 0.437500 0.251953 0.441406 0.251953 0.441406 0.250000 0.443359 0.248047 0.443359 0.234375 0.441406 0.232422
0 0.830078 0.224609 0.828125 0.226562 0.828125 0.236328 0.830078 0.238281 0.835938 0.238281 0.835938 0.236328 0.837891 0.234375 0.837891 0.228516 0.833984 0.224609
0 0.703125 0.222656 0.699219 0.226562 0.699219 0.228516 0.697266 0.230469 0.697266 0.232422 0.699219 0.234375 0.699219 0.236328 0.703125 0.240234 0.710938 0.240234 0.712891 0.238281 0.714844 0.238281 0.716797 0.236328 0.716797 0.226562 0.712891 0.222656
0 0.312500 0.216797 0.310547 0.218750 0.310547 0.220703 0.308594 0.222656 0.308594 0.240234 0.310547 0.242188 0.310547 0.246094 0.312500 0.246094 0.314453 0.244141 0.314453 0.242188 0.316406 0.240234 0.316406 0.222656 0.314453 0.220703 0.314453 0.218750
0 0.761719 0.193359 0.757812 0.197266 0.757812 0.201172 0.761719 0.205078 0.765625 0.205078 0.767578 0.203125 0.767578 0.195312 0.765625 0.193359
0 0.275391 0.177734 0.273438 0.179688 0.271484 0.179688 0.269531 0.181641 0.269531 0.185547 0.267578 0.187500 0.267578 0.193359 0.269531 0.195312 0.269531 0.199219 0.271484 0.201172 0.273438 0.201172 0.275391 0.203125 0.277344 0.203125 0.279297 0.201172 0.281250 0.201172 0.283203 0.199219 0.283203 0.193359 0.285156 0.191406 0.285156 0.189453 0.283203 0.187500 0.283203 0.181641 0.281250 0.179688 0.279297 0.179688 0.277344 0.177734
0 0.160156 0.138672 0.158203 0.140625 0.158203 0.146484 0.160156 0.148438 0.171875 0.148438 0.175781 0.144531 0.175781 0.142578 0.171875 0.138672
0 0.779297 0.123047 0.777344 0.125000 0.777344 0.126953 0.775391 0.128906 0.775391 0.138672 0.781250 0.144531 0.783203 0.144531 0.787109 0.140625 0.787109 0.138672 0.789062 0.136719 0.789062 0.130859 0.787109 0.128906 0.787109 0.125000 0.785156 0.125000 0.783203 0.123047
0 0.347656 0.123047 0.341797 0.128906 0.341797 0.134766 0.345703 0.138672 0.357422 0.138672 0.359375 0.136719 0.359375 0.126953 0.357422 0.125000 0.355469 0.125000 0.353516 0.123047
0 0.277344 0.121094 0.275391 0.123047 0.273438 0.123047 0.269531 0.126953 0.269531 0.130859 0.267578 0.132812 0.267578 0.134766 0.269531 0.136719 0.269531 0.138672 0.271484 0.140625 0.271484 0.142578 0.273438 0.144531 0.279297 0.144531 0.281250 0.146484 0.283203 0.144531 0.287109 0.144531 0.289062 0.142578 0.289062 0.140625 0.292969 0.136719 0.292969 0.130859 0.291016 0.128906 0.291016 0.126953 0.287109 0.123047 0.285156 0.123047 0.283203 0.121094
0 0.548828 0.117188 0.548828 0.119141 0.546875 0.121094 0.546875 0.125000 0.550781 0.128906 0.556641 0.128906 0.558594 0.126953 0.560547 0.126953 0.560547 0.119141 0.558594 0.117188
0 0.511719 0.113281 0.509766 0.115234 0.509766 0.125000 0.513672 0.128906 0.517578 0.128906 0.519531 0.126953 0.521484 0.126953 0.521484 0.125000 0.523438 0.123047 0.523438 0.117188 0.519531 0.113281
0 0.673828 0.066406 0.671875 0.068359 0.671875 0.078125 0.673828 0.080078 0.673828 0.082031 0.677734 0.082031 0.677734 0.080078 0.679688 0.078125 0.679688 0.068359 0.677734 0.066406
0 0.519531 0.046875 0.517578 0.048828 0.513672 0.048828 0.513672 0.050781 0.509766 0.054688 0.509766 0.058594 0.507812 0.060547 0.507812 0.068359 0.509766 0.070312 0.509766 0.074219 0.511719 0.076172 0.511719 0.078125 0.513672 0.080078 0.515625 0.080078 0.517578 0.082031 0.523438 0.082031 0.527344 0.078125 0.529297 0.078125 0.529297 0.074219 0.531250 0.072266 0.531250 0.068359 0.533203 0.066406 0.533203 0.062500 0.531250 0.060547 0.531250 0.056641 0.529297 0.054688 0.529297 0.052734 0.525391 0.048828 0.523438 0.048828 0.521484 0.046875