0 0.675781 0.974609 0.673828 0.976562 0.673828 0.978516 0.671875 0.980469 0.671875 0.988281 0.673828 0.990234 0.673828 0.992188 0.675781 0.994141 0.683594 0.994141 0.687500 0.990234 0.687500 0.978516 0.683594 0.974609
0 0.865234 0.945312 0.863281 0.947266 0.861328 0.947266 0.861328 0.949219 0.859375 0.951172 0.859375 0.960938 0.863281 0.964844 0.869141 0.964844 0.873047 0.960938 0.873047 0.949219 0.871094 0.947266 0.869141 0.947266 0.867188 0.945312
0 0.748047 0.861328 0.744141 0.865234 0.744141 0.873047 0.746094 0.875000 0.755859 0.875000 0.757812 0.873047 0.757812 0.871094 0.759766 0.869141 0.757812 0.867188 0.757812 0.865234 0.753906 0.861328
0 0.824219 0.855469 0.820312 0.859375 0.820312 0.867188 0.822266 0.869141 0.828125 0.869141 0.830078 0.867188 0.830078 0.859375 0.826172 0.855469
0 0.667969 0.855469 0.666016 0.857422 0.664062 0.857422 0.662109 0.859375 0.662109 0.861328 0.660156 0.863281 0.660156 0.865234 0.662109 0.867188 0.662109 0.869141 0.664062 0.871094 0.673828 0.871094 0.675781 0.869141 0.675781 0.859375 0.673828 0.857422 0.671875 0.857422 0.669922 0.855469
0 0.919922 0.839844 0.916016 0.843750 0.916016 0.845703 0.914062 0.847656 0.914062 0.853516 0.916016 0.855469 0.916016 0.857422 0.919922 0.861328 0.923828 0.861328 0.927734 0.857422 0.927734 0.853516 0.929688 0.851562 0.929688 0.849609 0.927734 0.847656 0.927734 0.843750 0.923828 0.839844
0 0.810547 0.769531 0.808594 0.771484 0.806641 0.771484 0.802734 0.775391 0.802734 0.779297 0.804688 0.781250 0.804688 0.783203 0.806641 0.783203 0.808594 0.785156 0.818359 0.785156 0.820312 0.783203 0.822266 0.783203 0.822266 0.781250 0.824219 0.779297 0.824219 0.775391 0.820312 0.771484 0.818359 0.771484 0.816406 0.769531
0 0.580078 0.767578 0.578125 0.769531 0.576172 0.769531 0.574219 0.771484 0.574219 0.773438 0.572266 0.775391 0.572266 0.781250 0.574219 0.783203 0.574219 0.785156 0.576172 0.787109 0.578125 0.787109 0.580078 0.789062 0.589844 0.789062 0.595703 0.783203 0.595703 0.773438 0.589844 0.767578
0 0.718750 0.712891 0.716797 0.714844 0.714844 0.714844 0.712891 0.716797 0.712891 0.722656 0.716797 0.726562 0.718750 0.726562 0.720703 0.728516 0.724609 0.728516 0.726562 0.726562 0.728516 0.726562 0.730469 0.724609 0.730469 0.716797 0.726562 0.712891
0 0.929688 0.703125 0.925781 0.707031 0.925781 0.712891 0.929688 0.716797 0.931641 0.716797 0.933594 0.718750 0.939453 0.718750 0.941406 0.716797 0.943359 0.716797 0.945312 0.714844 0.947266 0.714844 0.947266 0.707031 0.943359 0.703125
0 0.625000 0.691406 0.623047 0.693359 0.621094 0.693359 0.617188 0.697266 0.617188 0.705078 0.621094 0.708984 0.623047 0.708984 0.625000 0.710938 0.628906 0.710938 0.634766 0.705078 0.634766 0.697266 0.628906 0.691406
0 0.767578 0.689453 0.763672 0.693359 0.763672 0.695312 0.761719 0.697266 0.761719 0.703125 0.763672 0.705078 0.763672 0.707031 0.767578 0.710938 0.775391 0.710938 0.779297 0.707031 0.779297 0.693359 0.777344 0.691406 0.775391 0.691406 0.773438 0.689453
0 0.560547 0.664062 0.558594 0.666016 0.556641 0.666016 0.554688 0.667969 0.552734 0.667969 0.552734 0.669922 0.550781 0.671875 0.550781 0.673828 0.548828 0.675781 0.548828 0.677734 0.546875 0.679688 0.546875 0.689453 0.548828 0.691406 0.548828 0.693359 0.550781 0.695312 0.550781 0.697266 0.552734 0.699219 0.552734 0.701172 0.556641 0.705078 0.558594 0.705078 0.560547 0.707031 0.572266 0.707031 0.574219 0.705078 0.576172 0.705078 0.578125 0.703125 0.578125 0.701172 0.582031 0.697266 0.582031 0.695312 0.583984 0.693359 0.583984 0.691406 0.585938 0.689453 0.585938 0.679688 0.583984 0.677734 0.583984 0.675781 0.582031 0.673828 0.582031 0.671875 0.576172 0.666016 0.574219 0.666016 0.572266 0.664062
0 0.621094 0.621094 0.617188 0.625000 0.617188 0.626953 0.615234 0.628906 0.615234 0.650391 0.617188 0.652344 0.617188 0.654297 0.619141 0.656250 0.626953 0.656250 0.628906 0.654297 0.628906 0.652344 0.630859 0.650391 0.630859 0.646484 0.632812 0.644531 0.632812 0.632812 0.630859 0.630859 0.630859 0.626953 0.626953 0.623047 0.626953 0.621094
0 0.037109 0.539062 0.037109 0.541016 0.035156 0.542969 0.035156 0.558594 0.037109 0.560547 0.037109 0.562500 0.042969 0.562500 0.042969 0.560547 0.044922 0.558594 0.044922 0.542969 0.042969 0.541016 0.042969 0.539062
0 0.988281 0.521484 0.984375 0.525391 0.984375 0.527344 0.988281 0.531250 0.994141 0.531250 0.996094 0.529297 0.996094 0.523438 0.994141 0.521484
0 0.812500 0.494141 0.810547 0.496094 0.808594 0.496094 0.808594 0.498047 0.806641 0.500000 0.806641 0.503906 0.808594 0.505859 0.808594 0.507812 0.810547 0.509766 0.818359 0.509766 0.818359 0.507812 0.820312 0.505859 0.820312 0.498047 0.816406 0.494141
0 0.687500 0.488281 0.685547 0.490234 0.683594 0.490234 0.683594 0.500000 0.685547 0.501953 0.693359 0.501953 0.693359 0.500000 0.695312 0.498047 0.695312 0.492188 0.691406 0.488281
0 0.550781 0.468750 0.548828 0.470703 0.548828 0.476562 0.550781 0.478516 0.550781 0.480469 0.556641 0.480469 0.558594 0.478516 0.558594 0.470703 0.556641 0.468750
0 0.634766 0.433594 0.632812 0.435547 0.632812 0.447266 0.638672 0.447266 0.640625 0.445312 0.640625 0.437500 0.638672 0.435547 0.638672 0.433594
0 0.005859 0.425781 0.003906 0.427734 0.003906 0.435547 0.005859 0.437500 0.015625 0.437500 0.017578 0.435547 0.017578 0.427734 0.015625 0.425781
0 0.662109 0.343750 0.658203 0.347656 0.658203 0.355469 0.662109 0.359375 0.666016 0.359375 0.669922 0.355469 0.669922 0.347656 0.666016 0.343750
0 0.812500 0.312500 0.810547 0.314453 0.810547 0.318359 0.812500 0.318359 0.814453 0.320312 0.822266 0.320312 0.824219 0.318359 0.826172 0.318359 0.828125 0.316406 0.824219 0.312500
0 0.851562 0.257812 0.849609 0.259766 0.849609 0.267578 0.853516 0.271484 0.855469 0.271484 0.859375 0.267578 0.859375 0.259766 0.857422 0.257812
0 0.750000 0.160156 0.748047 0.162109 0.748047 0.171875 0.750000 0.173828 0.753906 0.173828 0.753906 0.169922 0.755859 0.167969 0.755859 0.166016 0.753906 0.164062 0.753906 0.160156