0 0.802734 0.785156 0.800781 0.787109 0.796875 0.787109 0.796875 0.792969 0.798828 0.792969 0.800781 0.794922 0.806641 0.794922 0.808594 0.792969 0.810547 0.792969 0.810547 0.787109 0.806641 0.787109 0.804688 0.785156
0 0.957031 0.773438 0.955078 0.775391 0.953125 0.775391 0.953125 0.781250 0.951172 0.783203 0.951172 0.785156 0.953125 0.787109 0.953125 0.792969 0.958984 0.792969 0.958984 0.791016 0.960938 0.789062 0.960938 0.777344
0 0.708984 0.767578 0.707031 0.769531 0.703125 0.769531 0.701172 0.771484 0.701172 0.779297 0.705078 0.783203 0.714844 0.783203 0.716797 0.781250 0.716797 0.779297 0.718750 0.777344 0.718750 0.775391 0.716797 0.773438 0.716797 0.771484 0.714844 0.769531 0.712891 0.769531 0.710938 0.767578
0 0.781250 0.740234 0.777344 0.744141 0.777344 0.746094 0.779297 0.746094 0.781250 0.748047 0.792969 0.748047 0.796875 0.744141 0.792969 0.740234
0 0.203125 0.732422 0.201172 0.734375 0.199219 0.734375 0.195312 0.738281 0.195312 0.742188 0.193359 0.744141 0.195312 0.746094 0.195312 0.751953 0.197266 0.753906 0.199219 0.753906 0.201172 0.755859 0.203125 0.755859 0.205078 0.757812 0.207031 0.757812 0.208984 0.755859 0.212891 0.755859 0.216797 0.751953 0.216797 0.750000 0.218750 0.748047 0.218750 0.742188 0.216797 0.740234 0.216797 0.738281 0.212891 0.734375 0.210938 0.734375 0.208984 0.732422
0 0.083984 0.683594 0.082031 0.685547 0.078125 0.685547 0.076172 0.687500 0.076172 0.695312 0.078125 0.695312 0.080078 0.697266 0.093750 0.697266 0.095703 0.695312 0.097656 0.695312 0.099609 0.693359 0.099609 0.689453 0.095703 0.685547 0.093750 0.685547 0.091797 0.683594
0 0.207031 0.628906 0.207031 0.630859 0.203125 0.634766 0.203125 0.636719 0.201172 0.638672 0.201172 0.660156 0.205078 0.664062 0.205078 0.666016 0.208984 0.669922 0.216797 0.669922 0.218750 0.667969 0.218750 0.666016 0.222656 0.662109 0.222656 0.658203 0.224609 0.656250 0.224609 0.642578 0.222656 0.640625 0.222656 0.636719 0.220703 0.634766 0.220703 0.632812 0.216797 0.628906
0 0.740234 0.589844 0.738281 0.591797 0.730469 0.591797 0.728516 0.593750 0.726562 0.593750 0.722656 0.597656 0.722656 0.601562 0.728516 0.607422 0.734375 0.607422 0.736328 0.609375 0.744141 0.609375 0.746094 0.607422 0.753906 0.607422 0.759766 0.601562 0.759766 0.599609 0.757812 0.597656 0.757812 0.595703 0.755859 0.593750 0.753906 0.593750 0.751953 0.591797 0.742188 0.591797
0 0.095703 0.587891 0.091797 0.591797 0.091797 0.597656 0.093750 0.599609 0.093750 0.601562 0.103516 0.601562 0.107422 0.597656 0.107422 0.591797 0.103516 0.587891
0 0.757812 0.509766 0.755859 0.511719 0.753906 0.511719 0.751953 0.513672 0.751953 0.517578 0.750000 0.519531 0.751953 0.521484 0.751953 0.525391 0.755859 0.529297 0.757812 0.529297 0.759766 0.531250 0.765625 0.531250 0.767578 0.529297 0.769531 0.529297 0.773438 0.525391 0.773438 0.523438 0.775391 0.521484 0.775391 0.517578 0.773438 0.515625 0.773438 0.513672 0.769531 0.509766
0 0.212891 0.505859 0.208984 0.509766 0.208984 0.515625 0.207031 0.517578 0.207031 0.527344 0.208984 0.529297 0.208984 0.533203 0.210938 0.535156 0.210938 0.537109 0.212891 0.539062 0.218750 0.539062 0.222656 0.535156 0.222656 0.533203 0.224609 0.531250 0.224609 0.513672 0.222656 0.511719 0.222656 0.509766 0.220703 0.507812 0.220703 0.505859
0 0.634766 0.126953 0.630859 0.130859 0.630859 0.134766 0.628906 0.136719 0.628906 0.140625 0.630859 0.142578 0.630859 0.146484 0.634766 0.150391 0.638672 0.150391 0.640625 0.148438 0.642578 0.148438 0.642578 0.146484 0.644531 0.144531 0.644531 0.132812 0.642578 0.130859 0.642578 0.128906 0.640625 0.128906 0.638672 0.126953
0 0.568359 0.119141 0.564453 0.123047 0.564453 0.125000 0.562500 0.126953 0.562500 0.138672 0.566406 0.142578 0.566406 0.144531 0.568359 0.144531 0.570312 0.146484 0.574219 0.146484 0.576172 0.144531 0.578125 0.144531 0.578125 0.142578 0.582031 0.138672 0.582031 0.126953 0.580078 0.125000 0.580078 0.123047 0.576172 0.119141
0 0.863281 0.095703 0.861328 0.097656 0.861328 0.103516 0.859375 0.105469 0.859375 0.115234 0.861328 0.117188 0.861328 0.121094 0.865234 0.125000 0.869141 0.125000 0.873047 0.121094 0.873047 0.117188 0.875000 0.115234 0.875000 0.103516 0.873047 0.101562 0.873047 0.097656 0.871094 0.095703