0 0.343750 0.339844 0.341797 0.341797 0.339844 0.341797 0.337891 0.343750 0.337891 0.345703 0.335938 0.347656 0.335938 0.353516 0.337891 0.355469 0.337891 0.357422 0.339844 0.359375 0.347656 0.359375 0.349609 0.357422 0.349609 0.353516 0.351562 0.351562 0.351562 0.347656 0.349609 0.345703 0.349609 0.343750 0.347656 0.341797 0.345703 0.341797
0 0.281250 0.322266 0.277344 0.326172 0.277344 0.328125 0.275391 0.330078 0.275391 0.332031 0.273438 0.333984 0.273438 0.351562 0.275391 0.353516 0.275391 0.357422 0.281250 0.363281 0.287109 0.363281 0.291016 0.359375 0.291016 0.357422 0.292969 0.355469 0.292969 0.347656 0.294922 0.345703 0.294922 0.339844 0.292969 0.337891 0.292969 0.330078 0.289062 0.326172 0.289062 0.324219 0.287109 0.324219 0.285156 0.322266
0 0.921875 0.310547 0.919922 0.312500 0.916016 0.312500 0.910156 0.318359 0.910156 0.322266 0.908203 0.324219 0.910156 0.326172 0.910156 0.332031 0.916016 0.337891 0.919922 0.337891 0.921875 0.339844 0.925781 0.339844 0.927734 0.337891 0.931641 0.337891 0.937500 0.332031 0.937500 0.330078 0.939453 0.328125 0.939453 0.322266 0.937500 0.320312 0.937500 0.318359 0.931641 0.312500 0.929688 0.312500 0.927734 0.310547
0 0.236328 0.291016 0.230469 0.296875 0.230469 0.302734 0.232422 0.304688 0.232422 0.306641 0.234375 0.308594 0.236328 0.308594 0.238281 0.310547 0.244141 0.310547 0.246094 0.308594 0.248047 0.308594 0.250000 0.306641 0.250000 0.304688 0.251953 0.302734 0.251953 0.296875 0.246094 0.291016
0 0.744141 0.216797 0.740234 0.220703 0.740234 0.226562 0.744141 0.230469 0.748047 0.230469 0.750000 0.228516 0.751953 0.228516 0.751953 0.218750 0.750000 0.216797
0 0.408203 0.195312 0.404297 0.199219 0.404297 0.203125 0.406250 0.205078 0.408203 0.205078 0.410156 0.207031 0.414062 0.207031 0.416016 0.205078 0.417969 0.205078 0.419922 0.203125 0.419922 0.197266 0.417969 0.195312
0 0.724609 0.189453 0.722656 0.191406 0.722656 0.201172 0.724609 0.203125 0.726562 0.203125 0.728516 0.205078 0.730469 0.203125 0.732422 0.203125 0.736328 0.199219 0.736328 0.193359 0.732422 0.189453
0 0.447266 0.128906 0.445312 0.130859 0.441406 0.130859 0.441406 0.134766 0.445312 0.134766 0.447266 0.136719 0.453125 0.136719 0.455078 0.134766 0.458984 0.134766 0.460938 0.132812 0.460938 0.130859 0.457031 0.130859 0.455078 0.128906
0 0.640625 0.117188 0.638672 0.119141 0.636719 0.119141 0.632812 0.123047 0.632812 0.132812 0.636719 0.136719 0.638672 0.136719 0.640625 0.138672 0.650391 0.138672 0.652344 0.136719 0.654297 0.136719 0.656250 0.134766 0.656250 0.132812 0.658203 0.130859 0.658203 0.125000 0.656250 0.123047 0.656250 0.121094 0.654297 0.119141 0.652344 0.119141 0.650391 0.117188
0 0.273438 0.117188 0.269531 0.121094 0.269531 0.123047 0.267578 0.125000 0.267578 0.126953 0.269531 0.128906 0.269531 0.132812 0.271484 0.134766 0.279297 0.134766 0.281250 0.132812 0.281250 0.130859 0.283203 0.128906 0.283203 0.123047 0.281250 0.121094 0.281250 0.119141 0.279297 0.119141 0.277344 0.117188
0 0.636719 0.060547 0.634766 0.062500 0.630859 0.062500 0.628906 0.064453 0.628906 0.066406 0.626953 0.068359 0.626953 0.072266 0.628906 0.074219 0.628906 0.076172 0.630859 0.078125 0.632812 0.078125 0.634766 0.080078 0.640625 0.080078 0.642578 0.078125 0.644531 0.078125 0.646484 0.076172 0.646484 0.074219 0.648438 0.072266 0.648438 0.068359 0.646484 0.066406 0.646484 0.064453 0.644531 0.062500 0.640625 0.062500 0.638672 0.060547
0 0.601562 0.017578 0.597656 0.021484 0.597656 0.023438 0.595703 0.025391 0.595703 0.033203 0.597656 0.035156 0.597656 0.037109 0.601562 0.041016 0.607422 0.041016 0.611328 0.037109 0.611328 0.033203 0.613281 0.031250 0.613281 0.027344 0.611328 0.025391 0.611328 0.021484 0.607422 0.017578
0 0.644531 0.000000 0.644531 0.001953 0.648438 0.005859 0.660156 0.005859 0.662109 0.003906 0.664062 0.003906 0.664062 0.001953 0.666016 0.000000