0 0.822266 0.929688 0.820312 0.931641 0.816406 0.931641 0.816406 0.933594 0.814453 0.935547 0.812500 0.935547 0.812500 0.937500 0.810547 0.939453 0.810547 0.941406 0.808594 0.943359 0.808594 0.962891 0.810547 0.964844 0.810547 0.966797 0.812500 0.968750 0.812500 0.970703 0.816406 0.974609 0.818359 0.974609 0.820312 0.976562 0.826172 0.976562 0.828125 0.974609 0.830078 0.974609 0.833984 0.970703 0.833984 0.968750 0.835938 0.966797 0.835938 0.964844 0.837891 0.962891 0.837891 0.943359 0.835938 0.941406 0.835938 0.939453 0.833984 0.937500 0.833984 0.935547 0.832031 0.935547 0.830078 0.933594 0.830078 0.931641 0.826172 0.931641 0.824219 0.929688
0 0.154297 0.322266 0.152344 0.324219 0.150391 0.324219 0.144531 0.330078 0.144531 0.341797 0.150391 0.347656 0.162109 0.347656 0.164062 0.345703 0.166016 0.345703 0.166016 0.343750 0.167969 0.341797 0.167969 0.339844 0.169922 0.337891 0.169922 0.333984 0.167969 0.332031 0.167969 0.330078 0.166016 0.328125 0.166016 0.326172 0.164062 0.326172 0.160156 0.322266
0 0.294922 0.291016 0.292969 0.292969 0.291016 0.292969 0.291016 0.294922 0.289062 0.296875 0.289062 0.298828 0.287109 0.300781 0.287109 0.306641 0.289062 0.308594 0.289062 0.310547 0.291016 0.312500 0.291016 0.314453 0.292969 0.314453 0.294922 0.316406 0.306641 0.316406 0.312500 0.310547 0.312500 0.296875 0.306641 0.291016
0 0.111328 0.267578 0.109375 0.269531 0.105469 0.269531 0.099609 0.275391 0.099609 0.277344 0.097656 0.279297 0.097656 0.292969 0.105469 0.300781 0.107422 0.300781 0.109375 0.302734 0.115234 0.302734 0.117188 0.300781 0.119141 0.300781 0.123047 0.296875 0.123047 0.294922 0.125000 0.292969 0.125000 0.289062 0.126953 0.287109 0.126953 0.283203 0.125000 0.281250 0.125000 0.277344 0.123047 0.275391 0.123047 0.273438 0.121094 0.271484 0.119141 0.271484 0.117188 0.269531 0.113281 0.269531
0 0.183594 0.261719 0.181641 0.263672 0.179688 0.263672 0.177734 0.265625 0.175781 0.265625 0.169922 0.271484 0.169922 0.277344 0.171875 0.279297 0.171875 0.281250 0.173828 0.283203 0.175781 0.283203 0.177734 0.285156 0.179688 0.285156 0.181641 0.287109 0.185547 0.287109 0.187500 0.289062 0.195312 0.289062 0.197266 0.287109 0.203125 0.287109 0.205078 0.285156 0.207031 0.285156 0.212891 0.279297 0.212891 0.271484 0.210938 0.269531 0.210938 0.267578 0.208984 0.267578 0.205078 0.263672 0.203125 0.263672 0.201172 0.261719
0 0.257812 0.244141 0.255859 0.246094 0.251953 0.246094 0.244141 0.253906 0.244141 0.255859 0.242188 0.257812 0.242188 0.269531 0.248047 0.275391 0.248047 0.277344 0.250000 0.277344 0.251953 0.279297 0.253906 0.279297 0.255859 0.281250 0.267578 0.281250 0.269531 0.279297 0.271484 0.279297 0.273438 0.277344 0.275391 0.277344 0.279297 0.273438 0.279297 0.271484 0.281250 0.269531 0.281250 0.255859 0.279297 0.253906 0.279297 0.251953 0.277344 0.250000 0.275391 0.250000 0.271484 0.246094 0.267578 0.246094 0.265625 0.244141
0 0.128906 0.146484 0.126953 0.148438 0.123047 0.148438 0.117188 0.154297 0.117188 0.162109 0.125000 0.169922 0.130859 0.169922 0.132812 0.171875 0.134766 0.169922 0.140625 0.169922 0.146484 0.164062 0.146484 0.162109 0.148438 0.160156 0.148438 0.158203 0.146484 0.156250 0.146484 0.152344 0.144531 0.150391 0.142578 0.150391 0.140625 0.148438 0.136719 0.148438 0.134766 0.146484
0 0.208984 0.132812 0.207031 0.134766 0.205078 0.134766 0.203125 0.136719 0.203125 0.138672 0.201172 0.140625 0.207031 0.146484 0.220703 0.146484 0.222656 0.144531 0.224609 0.144531 0.224609 0.142578 0.226562 0.140625 0.226562 0.138672 0.224609 0.136719 0.224609 0.134766 0.222656 0.134766 0.220703 0.132812
0 0.083984 0.123047 0.080078 0.126953 0.078125 0.126953 0.076172 0.128906 0.076172 0.130859 0.074219 0.132812 0.074219 0.146484 0.076172 0.148438 0.076172 0.150391 0.080078 0.154297 0.082031 0.154297 0.083984 0.156250 0.093750 0.156250 0.095703 0.154297 0.099609 0.154297 0.099609 0.152344 0.103516 0.148438 0.103516 0.146484 0.105469 0.144531 0.105469 0.134766 0.103516 0.132812 0.103516 0.130859 0.097656 0.125000 0.095703 0.125000 0.093750 0.123047
0 0.267578 0.113281 0.265625 0.115234 0.263672 0.115234 0.261719 0.117188 0.261719 0.119141 0.259766 0.121094 0.259766 0.123047 0.261719 0.125000 0.261719 0.126953 0.263672 0.128906 0.265625 0.128906 0.267578 0.130859 0.277344 0.130859 0.279297 0.128906 0.281250 0.128906 0.283203 0.126953 0.283203 0.125000 0.285156 0.123047 0.285156 0.121094 0.283203 0.119141 0.283203 0.117188 0.281250 0.115234 0.279297 0.115234 0.277344 0.113281
0 0.074219 0.027344 0.072266 0.029297 0.070312 0.029297 0.068359 0.031250 0.066406 0.031250 0.066406 0.033203 0.064453 0.035156 0.062500 0.035156 0.062500 0.039062 0.060547 0.041016 0.060547 0.042969 0.062500 0.044922 0.062500 0.048828 0.064453 0.048828 0.066406 0.050781 0.066406 0.052734 0.068359 0.052734 0.070312 0.054688 0.072266 0.054688 0.074219 0.056641 0.091797 0.056641 0.093750 0.054688 0.095703 0.054688 0.097656 0.052734 0.099609 0.052734 0.099609 0.050781 0.101562 0.048828 0.103516 0.048828 0.103516 0.044922 0.105469 0.042969 0.103516 0.041016 0.103516 0.035156 0.101562 0.035156 0.099609 0.033203 0.099609 0.031250 0.097656 0.031250 0.095703 0.029297 0.093750 0.029297 0.091797 0.027344
0 0.177734 0.023438 0.175781 0.025391 0.173828 0.025391 0.171875 0.027344 0.169922 0.027344 0.167969 0.029297 0.167969 0.031250 0.166016 0.033203 0.167969 0.035156 0.167969 0.039062 0.169922 0.041016 0.171875 0.041016 0.173828 0.042969 0.175781 0.042969 0.177734 0.044922 0.187500 0.044922 0.189453 0.042969 0.191406 0.042969 0.193359 0.041016 0.195312 0.041016 0.199219 0.037109 0.199219 0.031250 0.195312 0.027344 0.193359 0.027344 0.191406 0.025391 0.189453 0.025391 0.187500 0.023438
0 0.238281 0.015625 0.236328 0.017578 0.230469 0.017578 0.224609 0.023438 0.224609 0.029297 0.226562 0.031250 0.226562 0.033203 0.228516 0.033203 0.230469 0.035156 0.232422 0.035156 0.234375 0.037109 0.246094 0.037109 0.248047 0.035156 0.250000 0.035156 0.253906 0.031250 0.253906 0.029297 0.255859 0.027344 0.253906 0.025391 0.253906 0.023438 0.251953 0.021484 0.251953 0.019531 0.250000 0.019531 0.248047 0.017578 0.244141 0.017578 0.242188 0.015625