0 0.289062 0.994141 0.287109 0.996094 0.287109 0.998047 0.312500 0.998047 0.312500 0.996094 0.310547 0.996094 0.308594 0.994141
0 0.455078 0.978516 0.451172 0.982422 0.451172 0.984375 0.455078 0.988281 0.470703 0.988281 0.474609 0.984375 0.474609 0.982422 0.470703 0.978516
0 0.349609 0.978516 0.347656 0.980469 0.347656 0.982422 0.355469 0.982422 0.357422 0.984375 0.367188 0.984375 0.369141 0.982422 0.375000 0.982422 0.376953 0.980469 0.375000 0.978516
0 0.410156 0.968750 0.408203 0.970703 0.406250 0.970703 0.402344 0.974609 0.402344 0.984375 0.406250 0.988281 0.417969 0.988281 0.417969 0.986328 0.421875 0.982422 0.421875 0.976562 0.419922 0.974609 0.419922 0.972656 0.417969 0.970703 0.416016 0.970703 0.414062 0.968750
0 0.320312 0.953125 0.318359 0.955078 0.314453 0.955078 0.312500 0.957031 0.310547 0.957031 0.306641 0.960938 0.306641 0.966797 0.310547 0.970703 0.312500 0.970703 0.314453 0.972656 0.333984 0.972656 0.339844 0.966797 0.339844 0.958984 0.337891 0.957031 0.335938 0.957031 0.333984 0.955078 0.328125 0.955078 0.326172 0.953125
0 0.599609 0.449219 0.597656 0.451172 0.597656 0.457031 0.601562 0.460938 0.607422 0.460938 0.611328 0.457031 0.611328 0.451172 0.609375 0.449219
0 0.386719 0.416016 0.384766 0.417969 0.382812 0.417969 0.378906 0.421875 0.378906 0.425781 0.380859 0.427734 0.382812 0.427734 0.384766 0.429688 0.398438 0.429688 0.400391 0.427734 0.402344 0.427734 0.404297 0.425781 0.404297 0.421875 0.400391 0.417969 0.398438 0.417969 0.396484 0.416016
0 0.875000 0.414062 0.873047 0.416016 0.867188 0.416016 0.865234 0.417969 0.865234 0.423828 0.867188 0.423828 0.869141 0.425781 0.880859 0.425781 0.882812 0.423828 0.884766 0.423828 0.884766 0.417969 0.882812 0.416016 0.878906 0.416016 0.876953 0.414062
0 0.789062 0.408203 0.785156 0.412109 0.785156 0.417969 0.789062 0.421875 0.794922 0.421875 0.796875 0.419922 0.796875 0.410156 0.794922 0.408203
0 0.527344 0.408203 0.527344 0.410156 0.525391 0.412109 0.525391 0.421875 0.529297 0.425781 0.531250 0.425781 0.535156 0.421875 0.535156 0.419922 0.537109 0.417969 0.537109 0.414062 0.535156 0.412109 0.535156 0.410156 0.533203 0.408203
0 0.933594 0.398438 0.931641 0.400391 0.931641 0.404297 0.929688 0.406250 0.929688 0.410156 0.931641 0.412109 0.931641 0.414062 0.935547 0.417969 0.939453 0.417969 0.943359 0.414062 0.943359 0.412109 0.945312 0.410156 0.945312 0.406250 0.943359 0.404297 0.943359 0.400391 0.941406 0.398438
0 0.433594 0.394531 0.431641 0.396484 0.429688 0.396484 0.427734 0.398438 0.427734 0.400391 0.429688 0.402344 0.431641 0.402344 0.433594 0.404297 0.455078 0.404297 0.457031 0.402344 0.458984 0.402344 0.458984 0.396484 0.457031 0.396484 0.455078 0.394531
0 0.736328 0.388672 0.734375 0.390625 0.732422 0.390625 0.728516 0.394531 0.728516 0.398438 0.732422 0.402344 0.734375 0.402344 0.736328 0.404297 0.740234 0.404297 0.742188 0.402344 0.746094 0.402344 0.748047 0.400391 0.748047 0.392578 0.746094 0.390625 0.742188 0.390625 0.740234 0.388672
0 0.607422 0.388672 0.605469 0.390625 0.599609 0.390625 0.599609 0.396484 0.603516 0.396484 0.605469 0.398438 0.615234 0.398438 0.617188 0.396484 0.619141 0.396484 0.621094 0.394531 0.621094 0.392578 0.619141 0.390625 0.615234 0.390625 0.613281 0.388672
0 0.974609 0.371094 0.972656 0.373047 0.970703 0.373047 0.966797 0.376953 0.966797 0.380859 0.968750 0.382812 0.968750 0.384766 0.970703 0.386719 0.974609 0.386719 0.976562 0.388672 0.980469 0.388672 0.982422 0.386719 0.986328 0.386719 0.990234 0.382812 0.990234 0.376953 0.986328 0.373047 0.984375 0.373047 0.982422 0.371094
0 0.566406 0.226562 0.564453 0.228516 0.562500 0.228516 0.560547 0.230469 0.560547 0.232422 0.562500 0.234375 0.576172 0.234375 0.578125 0.232422 0.578125 0.228516 0.574219 0.228516 0.572266 0.226562
0 0.576172 0.195312 0.574219 0.197266 0.572266 0.197266 0.570312 0.199219 0.570312 0.201172 0.572266 0.203125 0.574219 0.203125 0.576172 0.205078 0.591797 0.205078 0.593750 0.203125 0.595703 0.203125 0.597656 0.201172 0.597656 0.199219 0.595703 0.197266 0.593750 0.197266 0.591797 0.195312