0 0.785156 0.675781 0.783203 0.677734 0.777344 0.677734 0.775391 0.679688 0.771484 0.679688 0.769531 0.681641 0.767578 0.681641 0.767578 0.687500 0.769531 0.687500 0.771484 0.689453 0.775391 0.689453 0.777344 0.691406 0.787109 0.691406 0.789062 0.693359 0.833984 0.693359 0.835938 0.691406 0.843750 0.691406 0.845703 0.689453 0.849609 0.689453 0.851562 0.687500 0.853516 0.687500 0.853516 0.681641 0.851562 0.681641 0.849609 0.679688 0.845703 0.679688 0.843750 0.677734 0.837891 0.677734 0.835938 0.675781
0 0.500000 0.542969 0.498047 0.544922 0.486328 0.544922 0.484375 0.546875 0.480469 0.546875 0.476562 0.550781 0.476562 0.556641 0.478516 0.556641 0.480469 0.558594 0.482422 0.558594 0.484375 0.560547 0.490234 0.560547 0.492188 0.562500 0.513672 0.562500 0.515625 0.560547 0.521484 0.560547 0.523438 0.558594 0.525391 0.558594 0.529297 0.554688 0.529297 0.550781 0.527344 0.548828 0.525391 0.548828 0.523438 0.546875 0.521484 0.546875 0.519531 0.544922 0.507812 0.544922 0.505859 0.542969
0 0.347656 0.509766 0.345703 0.511719 0.343750 0.511719 0.341797 0.513672 0.339844 0.513672 0.337891 0.515625 0.337891 0.525391 0.339844 0.527344 0.341797 0.527344 0.343750 0.529297 0.345703 0.529297 0.347656 0.531250 0.361328 0.531250 0.363281 0.529297 0.365234 0.529297 0.367188 0.527344 0.369141 0.527344 0.369141 0.525391 0.371094 0.523438 0.371094 0.517578 0.369141 0.515625 0.369141 0.513672 0.367188 0.513672 0.365234 0.511719 0.363281 0.511719 0.361328 0.509766
0 0.597656 0.482422 0.595703 0.484375 0.593750 0.484375 0.591797 0.486328 0.589844 0.486328 0.587891 0.488281 0.585938 0.488281 0.582031 0.492188 0.582031 0.494141 0.580078 0.496094 0.580078 0.507812 0.582031 0.509766 0.582031 0.511719 0.583984 0.511719 0.589844 0.517578 0.591797 0.517578 0.593750 0.519531 0.615234 0.519531 0.617188 0.517578 0.619141 0.517578 0.625000 0.511719 0.626953 0.511719 0.626953 0.509766 0.628906 0.507812 0.628906 0.496094 0.626953 0.494141 0.626953 0.492188 0.623047 0.488281 0.621094 0.488281 0.619141 0.486328 0.617188 0.486328 0.615234 0.484375 0.611328 0.484375 0.609375 0.482422
0 0.771484 0.466797 0.769531 0.468750 0.765625 0.468750 0.763672 0.470703 0.761719 0.470703 0.761719 0.474609 0.763672 0.476562 0.765625 0.476562 0.767578 0.478516 0.796875 0.478516 0.798828 0.476562 0.800781 0.476562 0.804688 0.472656 0.802734 0.470703 0.800781 0.470703 0.798828 0.468750 0.794922 0.468750 0.792969 0.466797
0 0.849609 0.429688 0.847656 0.431641 0.843750 0.431641 0.841797 0.433594 0.839844 0.433594 0.837891 0.435547 0.837891 0.439453 0.841797 0.443359 0.843750 0.443359 0.845703 0.445312 0.861328 0.445312 0.863281 0.443359 0.865234 0.443359 0.867188 0.441406 0.869141 0.441406 0.869141 0.435547 0.865234 0.431641 0.859375 0.431641 0.857422 0.429688
0 0.179688 0.394531 0.177734 0.396484 0.175781 0.396484 0.169922 0.402344 0.167969 0.402344 0.167969 0.406250 0.166016 0.408203 0.166016 0.410156 0.167969 0.412109 0.167969 0.416016 0.169922 0.417969 0.171875 0.417969 0.173828 0.419922 0.173828 0.421875 0.175781 0.421875 0.177734 0.423828 0.185547 0.423828 0.187500 0.425781 0.193359 0.425781 0.195312 0.423828 0.201172 0.423828 0.203125 0.421875 0.205078 0.421875 0.208984 0.417969 0.210938 0.417969 0.210938 0.416016 0.212891 0.414062 0.212891 0.404297 0.207031 0.398438 0.205078 0.398438 0.203125 0.396484 0.201172 0.396484 0.199219 0.394531
0 0.265625 0.349609 0.263672 0.351562 0.261719 0.351562 0.259766 0.353516 0.255859 0.353516 0.248047 0.361328 0.248047 0.365234 0.246094 0.367188 0.246094 0.371094 0.248047 0.373047 0.248047 0.376953 0.250000 0.378906 0.251953 0.378906 0.253906 0.380859 0.253906 0.382812 0.255859 0.382812 0.257812 0.384766 0.259766 0.384766 0.261719 0.386719 0.281250 0.386719 0.283203 0.384766 0.287109 0.384766 0.294922 0.376953 0.294922 0.375000 0.296875 0.373047 0.296875 0.365234 0.294922 0.363281 0.294922 0.361328 0.291016 0.357422 0.291016 0.355469 0.289062 0.355469 0.287109 0.353516 0.283203 0.353516 0.281250 0.351562 0.279297 0.351562 0.277344 0.349609
0 0.507812 0.302734 0.505859 0.304688 0.500000 0.304688 0.498047 0.306641 0.494141 0.306641 0.486328 0.314453 0.486328 0.324219 0.492188 0.330078 0.496094 0.330078 0.498047 0.332031 0.500000 0.332031 0.501953 0.333984 0.525391 0.333984 0.527344 0.332031 0.529297 0.332031 0.531250 0.330078 0.535156 0.330078 0.541016 0.324219 0.541016 0.314453 0.533203 0.306641 0.529297 0.306641 0.527344 0.304688 0.521484 0.304688 0.519531 0.302734
0 0.474609 0.250000 0.472656 0.251953 0.470703 0.251953 0.468750 0.253906 0.468750 0.261719 0.470703 0.263672 0.472656 0.263672 0.474609 0.265625 0.484375 0.265625 0.486328 0.263672 0.488281 0.263672 0.490234 0.261719 0.490234 0.253906 0.488281 0.251953 0.486328 0.251953 0.484375 0.250000
0 0.693359 0.246094 0.691406 0.248047 0.689453 0.248047 0.687500 0.250000 0.683594 0.250000 0.675781 0.257812 0.675781 0.259766 0.673828 0.261719 0.673828 0.263672 0.671875 0.265625 0.671875 0.271484 0.673828 0.273438 0.673828 0.277344 0.683594 0.287109 0.685547 0.287109 0.689453 0.291016 0.693359 0.291016 0.695312 0.292969 0.710938 0.292969 0.712891 0.291016 0.720703 0.291016 0.724609 0.287109 0.726562 0.287109 0.728516 0.285156 0.730469 0.285156 0.730469 0.283203 0.736328 0.277344 0.736328 0.273438 0.738281 0.271484 0.738281 0.267578 0.736328 0.265625 0.736328 0.261719 0.734375 0.259766 0.734375 0.257812 0.728516 0.251953 0.726562 0.251953 0.722656 0.248047 0.718750 0.248047 0.716797 0.246094
0 0.847656 0.150391 0.845703 0.152344 0.843750 0.152344 0.843750 0.154297 0.839844 0.158203 0.839844 0.166016 0.841797 0.167969 0.841797 0.169922 0.843750 0.171875 0.843750 0.173828 0.847656 0.173828 0.849609 0.175781 0.853516 0.175781 0.855469 0.173828 0.857422 0.173828 0.861328 0.169922 0.861328 0.166016 0.863281 0.164062 0.863281 0.162109 0.861328 0.160156 0.861328 0.156250 0.855469 0.150391
0 0.578125 0.146484 0.576172 0.148438 0.574219 0.148438 0.568359 0.154297 0.568359 0.166016 0.576172 0.173828 0.587891 0.173828 0.589844 0.171875 0.591797 0.171875 0.595703 0.167969 0.595703 0.166016 0.597656 0.164062 0.597656 0.156250 0.593750 0.152344 0.593750 0.150391 0.591797 0.148438 0.589844 0.148438 0.587891 0.146484
0 0.974609 0.113281 0.970703 0.117188 0.968750 0.117188 0.960938 0.125000 0.960938 0.128906 0.958984 0.130859 0.958984 0.148438 0.960938 0.150391 0.960938 0.152344 0.972656 0.164062 0.978516 0.164062 0.980469 0.166016 0.984375 0.166016 0.986328 0.164062 0.992188 0.164062 0.998047 0.158203 0.998047 0.119141 0.996094 0.117188 0.994141 0.117188 0.990234 0.113281
0 0.654297 0.111328 0.648438 0.117188 0.648438 0.128906 0.652344 0.132812 0.654297 0.132812 0.656250 0.134766 0.660156 0.134766 0.662109 0.132812 0.664062 0.132812 0.664062 0.130859 0.666016 0.128906 0.666016 0.126953 0.667969 0.125000 0.667969 0.121094 0.666016 0.119141 0.666016 0.117188 0.664062 0.115234 0.664062 0.113281 0.662109 0.113281 0.660156 0.111328
0 0.371094 0.080078 0.369141 0.082031 0.365234 0.082031 0.363281 0.083984 0.359375 0.083984 0.347656 0.095703 0.347656 0.097656 0.345703 0.099609 0.345703 0.117188 0.347656 0.119141 0.347656 0.123047 0.359375 0.134766 0.363281 0.134766 0.365234 0.136719 0.369141 0.136719 0.371094 0.138672 0.388672 0.138672 0.390625 0.136719 0.394531 0.136719 0.398438 0.132812 0.400391 0.132812 0.410156 0.123047 0.410156 0.121094 0.412109 0.119141 0.412109 0.115234 0.414062 0.113281 0.414062 0.103516 0.412109 0.101562 0.412109 0.097656 0.408203 0.093750 0.408203 0.091797 0.404297 0.087891 0.402344 0.087891 0.398438 0.083984 0.396484 0.083984 0.394531 0.082031 0.390625 0.082031 0.388672 0.080078
0 0.904297 0.013672 0.900391 0.017578 0.900391 0.021484 0.898438 0.023438 0.898438 0.033203 0.900391 0.035156 0.900391 0.037109 0.902344 0.039062 0.902344 0.041016 0.904297 0.042969 0.910156 0.042969 0.914062 0.039062 0.914062 0.037109 0.916016 0.035156 0.916016 0.019531 0.910156 0.013672
0 0.982422 0.009766 0.980469 0.011719 0.978516 0.011719 0.976562 0.013672 0.976562 0.019531 0.974609 0.021484 0.974609 0.031250 0.976562 0.033203 0.976562 0.039062 0.980469 0.042969 0.984375 0.042969 0.988281 0.039062 0.988281 0.035156 0.990234 0.033203 0.990234 0.019531 0.988281 0.017578 0.988281 0.013672 0.986328 0.011719 0.984375 0.011719