0 0.978516 0.835938 0.976562 0.837891 0.976562 0.839844 0.974609 0.841797 0.974609 0.855469 0.976562 0.857422 0.976562 0.859375 0.978516 0.861328 0.982422 0.861328 0.984375 0.859375 0.984375 0.857422 0.986328 0.855469 0.986328 0.839844 0.982422 0.835938
0 0.845703 0.812500 0.843750 0.814453 0.843750 0.818359 0.841797 0.820312 0.843750 0.822266 0.843750 0.826172 0.845703 0.828125 0.851562 0.828125 0.853516 0.826172 0.853516 0.824219 0.855469 0.822266 0.855469 0.818359 0.853516 0.816406 0.853516 0.814453 0.851562 0.812500
0 0.857422 0.765625 0.855469 0.767578 0.853516 0.767578 0.847656 0.773438 0.847656 0.777344 0.845703 0.779297 0.847656 0.781250 0.847656 0.785156 0.853516 0.791016 0.855469 0.791016 0.857422 0.792969 0.863281 0.792969 0.865234 0.791016 0.867188 0.791016 0.873047 0.785156 0.873047 0.783203 0.875000 0.781250 0.875000 0.777344 0.873047 0.775391 0.873047 0.773438 0.867188 0.767578 0.865234 0.767578 0.863281 0.765625
0 0.978516 0.714844 0.976562 0.716797 0.974609 0.716797 0.968750 0.722656 0.968750 0.728516 0.966797 0.730469 0.966797 0.734375 0.968750 0.736328 0.968750 0.742188 0.974609 0.748047 0.976562 0.748047 0.978516 0.750000 0.986328 0.750000 0.988281 0.748047 0.990234 0.748047 0.996094 0.742188 0.996094 0.738281 0.998047 0.736328 0.998047 0.728516 0.996094 0.726562 0.996094 0.722656 0.992188 0.718750 0.992188 0.716797 0.988281 0.716797 0.986328 0.714844
0 0.960938 0.634766 0.958984 0.636719 0.957031 0.636719 0.955078 0.638672 0.955078 0.640625 0.953125 0.642578 0.953125 0.646484 0.955078 0.648438 0.955078 0.650391 0.957031 0.652344 0.968750 0.652344 0.970703 0.650391 0.972656 0.650391 0.972656 0.646484 0.974609 0.644531 0.972656 0.642578 0.972656 0.638672 0.970703 0.636719 0.966797 0.636719 0.964844 0.634766
0 0.839844 0.466797 0.839844 0.468750 0.837891 0.470703 0.837891 0.472656 0.835938 0.474609 0.835938 0.486328 0.837891 0.488281 0.837891 0.490234 0.841797 0.494141 0.845703 0.494141 0.847656 0.492188 0.847656 0.490234 0.849609 0.488281 0.849609 0.472656 0.847656 0.470703 0.847656 0.468750 0.845703 0.466797
0 0.835938 0.431641 0.833984 0.433594 0.832031 0.433594 0.832031 0.443359 0.833984 0.445312 0.843750 0.445312 0.847656 0.441406 0.847656 0.435547 0.843750 0.431641
0 0.871094 0.416016 0.867188 0.419922 0.867188 0.427734 0.869141 0.429688 0.875000 0.429688 0.876953 0.427734 0.876953 0.419922 0.873047 0.416016
0 0.847656 0.392578 0.847656 0.394531 0.845703 0.396484 0.845703 0.402344 0.849609 0.406250 0.855469 0.406250 0.857422 0.404297 0.857422 0.402344 0.859375 0.400391 0.859375 0.398438 0.857422 0.396484 0.857422 0.394531 0.855469 0.392578
0 0.740234 0.210938 0.738281 0.212891 0.736328 0.212891 0.736328 0.220703 0.738281 0.222656 0.744141 0.222656 0.748047 0.218750 0.748047 0.214844 0.744141 0.210938
0 0.250000 0.115234 0.248047 0.117188 0.248047 0.123047 0.250000 0.123047 0.251953 0.125000 0.255859 0.125000 0.257812 0.123047 0.257812 0.115234
0 0.394531 0.050781 0.392578 0.052734 0.392578 0.058594 0.394531 0.060547 0.398438 0.060547 0.402344 0.056641 0.402344 0.054688 0.398438 0.050781
0 0.240234 0.035156 0.240234 0.037109 0.238281 0.039062 0.238281 0.046875 0.242188 0.050781 0.244141 0.050781 0.248047 0.046875 0.248047 0.039062 0.246094 0.037109 0.246094 0.035156
0 0.056641 0.035156 0.054688 0.037109 0.054688 0.042969 0.056641 0.044922 0.058594 0.044922 0.060547 0.046875 0.062500 0.044922 0.064453 0.044922 0.066406 0.042969 0.066406 0.037109 0.064453 0.035156