0 0.308594 0.779297 0.306641 0.781250 0.306641 0.783203 0.304688 0.785156 0.306641 0.787109 0.306641 0.791016 0.308594 0.792969 0.314453 0.792969 0.316406 0.791016 0.316406 0.781250 0.314453 0.779297
0 0.179688 0.767578 0.175781 0.771484 0.175781 0.773438 0.177734 0.775391 0.177734 0.777344 0.187500 0.777344 0.191406 0.773438 0.189453 0.771484 0.189453 0.769531 0.187500 0.767578
0 0.203125 0.763672 0.201172 0.765625 0.201172 0.771484 0.203125 0.771484 0.205078 0.773438 0.212891 0.773438 0.216797 0.769531 0.216797 0.767578 0.212891 0.763672
0 0.308594 0.730469 0.306641 0.732422 0.306641 0.734375 0.304688 0.736328 0.304688 0.738281 0.306641 0.740234 0.306641 0.742188 0.308594 0.744141 0.312500 0.744141 0.314453 0.742188 0.314453 0.734375 0.310547 0.730469
0 0.210938 0.714844 0.207031 0.718750 0.207031 0.724609 0.208984 0.726562 0.214844 0.726562 0.216797 0.724609 0.216797 0.716797 0.214844 0.714844
0 0.347656 0.673828 0.345703 0.675781 0.345703 0.681641 0.347656 0.683594 0.351562 0.683594 0.353516 0.681641 0.355469 0.681641 0.355469 0.675781 0.353516 0.673828
0 0.207031 0.666016 0.203125 0.669922 0.203125 0.671875 0.205078 0.673828 0.205078 0.675781 0.212891 0.675781 0.212891 0.673828 0.214844 0.671875 0.214844 0.669922 0.210938 0.666016
0 0.548828 0.646484 0.546875 0.648438 0.546875 0.654297 0.548828 0.654297 0.550781 0.656250 0.552734 0.656250 0.556641 0.652344 0.556641 0.648438 0.554688 0.646484
0 0.466797 0.625000 0.464844 0.626953 0.464844 0.632812 0.466797 0.632812 0.468750 0.634766 0.474609 0.634766 0.478516 0.630859 0.478516 0.626953 0.476562 0.625000
0 0.675781 0.533203 0.673828 0.535156 0.671875 0.535156 0.671875 0.542969 0.673828 0.544922 0.677734 0.544922 0.679688 0.542969 0.679688 0.535156 0.677734 0.533203
0 0.306641 0.523438 0.306641 0.527344 0.304688 0.529297 0.306641 0.531250 0.306641 0.533203 0.308594 0.535156 0.314453 0.535156 0.316406 0.533203 0.316406 0.525391 0.314453 0.523438
0 0.093750 0.523438 0.093750 0.525391 0.091797 0.527344 0.091797 0.529297 0.093750 0.531250 0.093750 0.533203 0.095703 0.535156 0.097656 0.535156 0.101562 0.531250 0.101562 0.525391 0.099609 0.523438
0 0.617188 0.423828 0.615234 0.425781 0.615234 0.437500 0.617188 0.439453 0.619141 0.439453 0.619141 0.437500 0.621094 0.435547 0.621094 0.427734 0.619141 0.425781 0.619141 0.423828