0 0.378906 0.601562 0.376953 0.603516 0.375000 0.603516 0.373047 0.605469 0.373047 0.611328 0.376953 0.615234 0.388672 0.615234 0.390625 0.613281 0.392578 0.613281 0.392578 0.611328 0.394531 0.609375 0.394531 0.607422 0.390625 0.603516 0.388672 0.603516 0.386719 0.601562
0 0.728516 0.527344 0.726562 0.529297 0.726562 0.531250 0.724609 0.533203 0.724609 0.539062 0.726562 0.541016 0.726562 0.542969 0.728516 0.542969 0.730469 0.544922 0.740234 0.544922 0.742188 0.542969 0.742188 0.541016 0.744141 0.539062 0.744141 0.531250 0.740234 0.527344
0 0.394531 0.496094 0.390625 0.500000 0.390625 0.507812 0.394531 0.511719 0.398438 0.511719 0.400391 0.513672 0.402344 0.513672 0.404297 0.511719 0.408203 0.511719 0.412109 0.507812 0.412109 0.500000 0.408203 0.496094
0 0.724609 0.451172 0.722656 0.453125 0.722656 0.455078 0.720703 0.457031 0.720703 0.466797 0.726562 0.472656 0.730469 0.472656 0.732422 0.470703 0.734375 0.470703 0.736328 0.468750 0.736328 0.466797 0.738281 0.464844 0.738281 0.458984 0.736328 0.457031 0.736328 0.455078 0.732422 0.451172
0 0.697266 0.406250 0.691406 0.412109 0.691406 0.419922 0.697266 0.425781 0.703125 0.425781 0.705078 0.423828 0.707031 0.423828 0.710938 0.419922 0.710938 0.412109 0.707031 0.408203 0.705078 0.408203 0.703125 0.406250
0 0.740234 0.402344 0.738281 0.404297 0.736328 0.404297 0.736328 0.406250 0.734375 0.408203 0.734375 0.414062 0.738281 0.417969 0.744141 0.417969 0.746094 0.416016 0.746094 0.414062 0.748047 0.412109 0.748047 0.408203 0.746094 0.406250 0.746094 0.404297 0.744141 0.404297 0.742188 0.402344
0 0.683594 0.357422 0.679688 0.361328 0.679688 0.367188 0.681641 0.369141 0.683594 0.369141 0.685547 0.371094 0.695312 0.371094 0.697266 0.369141 0.699219 0.369141 0.701172 0.367188 0.701172 0.361328 0.697266 0.357422
0 0.605469 0.230469 0.603516 0.232422 0.603516 0.234375 0.601562 0.236328 0.603516 0.238281 0.603516 0.242188 0.605469 0.244141 0.611328 0.244141 0.615234 0.240234 0.615234 0.232422 0.613281 0.230469
0 0.474609 0.199219 0.472656 0.201172 0.470703 0.201172 0.470703 0.207031 0.474609 0.207031 0.476562 0.208984 0.478516 0.208984 0.480469 0.207031 0.482422 0.207031 0.484375 0.205078 0.484375 0.203125 0.482422 0.201172 0.480469 0.201172 0.478516 0.199219
0 0.617188 0.142578 0.615234 0.144531 0.613281 0.144531 0.611328 0.146484 0.611328 0.154297 0.609375 0.156250 0.611328 0.158203 0.611328 0.164062 0.615234 0.167969 0.619141 0.167969 0.623047 0.164062 0.623047 0.160156 0.625000 0.158203 0.625000 0.152344 0.623047 0.150391 0.623047 0.146484 0.621094 0.144531 0.619141 0.144531
0 0.492188 0.130859 0.490234 0.132812 0.490234 0.134766 0.488281 0.136719 0.488281 0.144531 0.494141 0.150391 0.501953 0.150391 0.503906 0.148438 0.503906 0.146484 0.505859 0.144531 0.505859 0.134766 0.501953 0.130859
0 0.517578 0.121094 0.515625 0.123047 0.511719 0.123047 0.509766 0.125000 0.509766 0.128906 0.511719 0.128906 0.513672 0.130859 0.533203 0.130859 0.535156 0.128906 0.537109 0.128906 0.537109 0.125000 0.535156 0.123047 0.531250 0.123047 0.529297 0.121094
0 0.689453 0.109375 0.685547 0.113281 0.685547 0.125000 0.689453 0.128906 0.695312 0.128906 0.699219 0.125000 0.699219 0.113281 0.695312 0.109375
0 0.453125 0.095703 0.449219 0.099609 0.449219 0.115234 0.453125 0.119141 0.458984 0.119141 0.460938 0.117188 0.460938 0.113281 0.462891 0.111328 0.462891 0.103516 0.460938 0.101562 0.460938 0.097656 0.458984 0.095703
0 0.486328 0.068359 0.480469 0.074219 0.480469 0.076172 0.482422 0.078125 0.482422 0.080078 0.484375 0.082031 0.496094 0.082031 0.498047 0.080078 0.498047 0.078125 0.500000 0.076172 0.500000 0.074219 0.494141 0.068359
0 0.712891 0.037109 0.708984 0.041016 0.708984 0.052734 0.710938 0.054688 0.710938 0.056641 0.712891 0.056641 0.714844 0.058594 0.716797 0.056641 0.718750 0.056641 0.720703 0.054688 0.720703 0.052734 0.722656 0.050781 0.722656 0.042969 0.720703 0.041016 0.720703 0.039062 0.718750 0.037109
0 0.451172 0.000000 0.451172 0.009766 0.455078 0.013672 0.457031 0.013672 0.458984 0.015625 0.466797 0.015625 0.468750 0.013672 0.470703 0.013672 0.472656 0.011719 0.472656 0.009766 0.474609 0.007812 0.474609 0.001953 0.472656 0.000000