0 0.792969 0.972656 0.789062 0.976562 0.789062 0.978516 0.792969 0.982422 0.798828 0.982422 0.800781 0.980469 0.802734 0.980469 0.802734 0.976562 0.798828 0.972656
0 0.992188 0.890625 0.988281 0.894531 0.988281 0.896484 0.986328 0.898438 0.986328 0.906250 0.988281 0.908203 0.988281 0.910156 0.990234 0.912109 0.996094 0.912109 0.998047 0.910156 0.998047 0.894531 0.994141 0.890625
0 0.974609 0.869141 0.970703 0.873047 0.970703 0.875000 0.974609 0.878906 0.982422 0.878906 0.986328 0.875000 0.986328 0.873047 0.982422 0.869141
0 0.980469 0.812500 0.978516 0.814453 0.978516 0.820312 0.980469 0.822266 0.988281 0.822266 0.990234 0.820312 0.990234 0.814453 0.988281 0.812500
0 0.570312 0.687500 0.568359 0.689453 0.562500 0.689453 0.560547 0.691406 0.560547 0.695312 0.562500 0.695312 0.564453 0.697266 0.580078 0.697266 0.582031 0.695312 0.583984 0.695312 0.585938 0.693359 0.585938 0.691406 0.583984 0.691406 0.582031 0.689453 0.576172 0.689453 0.574219 0.687500
0 0.537109 0.681641 0.537109 0.687500 0.539062 0.689453 0.546875 0.689453 0.548828 0.687500 0.548828 0.683594 0.546875 0.681641
0 0.738281 0.611328 0.736328 0.613281 0.732422 0.613281 0.732422 0.615234 0.728516 0.619141 0.728516 0.634766 0.732422 0.638672 0.732422 0.640625 0.734375 0.640625 0.736328 0.642578 0.740234 0.642578 0.742188 0.640625 0.744141 0.640625 0.746094 0.638672 0.746094 0.636719 0.748047 0.634766 0.748047 0.619141 0.746094 0.617188 0.746094 0.615234 0.744141 0.613281 0.740234 0.613281
0 0.755859 0.607422 0.753906 0.609375 0.753906 0.619141 0.755859 0.621094 0.761719 0.621094 0.761719 0.609375 0.759766 0.607422
0 0.734375 0.529297 0.732422 0.531250 0.732422 0.537109 0.734375 0.539062 0.740234 0.539062 0.744141 0.535156 0.744141 0.533203 0.740234 0.529297
0 0.792969 0.527344 0.791016 0.529297 0.791016 0.531250 0.789062 0.533203 0.789062 0.544922 0.794922 0.550781 0.800781 0.550781 0.802734 0.548828 0.802734 0.546875 0.804688 0.544922 0.804688 0.531250 0.800781 0.527344
0 0.693359 0.511719 0.691406 0.513672 0.691406 0.521484 0.695312 0.525391 0.697266 0.525391 0.699219 0.523438 0.701172 0.523438 0.701172 0.521484 0.703125 0.519531 0.703125 0.515625 0.699219 0.511719
0 0.839844 0.464844 0.837891 0.466797 0.837891 0.478516 0.839844 0.480469 0.839844 0.482422 0.845703 0.482422 0.849609 0.478516 0.849609 0.468750 0.845703 0.464844
0 0.794922 0.451172 0.792969 0.453125 0.792969 0.464844 0.794922 0.466797 0.802734 0.466797 0.804688 0.464844 0.804688 0.462891 0.806641 0.460938 0.806641 0.457031 0.804688 0.455078 0.804688 0.453125 0.802734 0.451172