0 0.371094 0.986328 0.367188 0.990234 0.367188 0.992188 0.365234 0.994141 0.365234 0.998047 0.384766 0.998047 0.384766 0.996094 0.382812 0.994141 0.382812 0.990234 0.378906 0.986328
0 0.537109 0.982422 0.535156 0.984375 0.533203 0.984375 0.529297 0.988281 0.529297 0.992188 0.527344 0.994141 0.527344 0.996094 0.529297 0.998047 0.556641 0.998047 0.556641 0.992188 0.554688 0.990234 0.554688 0.988281 0.550781 0.984375 0.548828 0.984375 0.546875 0.982422
0 0.033203 0.957031 0.031250 0.958984 0.027344 0.958984 0.025391 0.960938 0.023438 0.960938 0.021484 0.962891 0.021484 0.966797 0.019531 0.968750 0.019531 0.970703 0.021484 0.972656 0.021484 0.976562 0.025391 0.980469 0.029297 0.980469 0.031250 0.982422 0.037109 0.982422 0.039062 0.980469 0.042969 0.980469 0.046875 0.976562 0.046875 0.974609 0.048828 0.972656 0.048828 0.966797 0.046875 0.964844 0.046875 0.962891 0.044922 0.960938 0.042969 0.960938 0.041016 0.958984 0.037109 0.958984 0.035156 0.957031
0 0.158203 0.949219 0.154297 0.953125 0.154297 0.955078 0.152344 0.957031 0.152344 0.968750 0.154297 0.970703 0.154297 0.972656 0.158203 0.976562 0.160156 0.976562 0.164062 0.972656 0.164062 0.970703 0.166016 0.968750 0.166016 0.957031 0.164062 0.955078 0.164062 0.953125 0.160156 0.949219
0 0.341797 0.898438 0.337891 0.902344 0.337891 0.910156 0.339844 0.912109 0.341797 0.912109 0.343750 0.914062 0.351562 0.914062 0.353516 0.912109 0.355469 0.912109 0.359375 0.908203 0.359375 0.902344 0.355469 0.898438
0 0.085938 0.841797 0.083984 0.843750 0.083984 0.849609 0.082031 0.851562 0.082031 0.863281 0.083984 0.865234 0.083984 0.869141 0.085938 0.871094 0.089844 0.871094 0.089844 0.869141 0.091797 0.867188 0.091797 0.847656 0.089844 0.845703 0.089844 0.841797
0 0.183594 0.826172 0.177734 0.832031 0.177734 0.841797 0.181641 0.845703 0.191406 0.845703 0.193359 0.843750 0.193359 0.841797 0.195312 0.839844 0.195312 0.833984 0.193359 0.832031 0.193359 0.830078 0.189453 0.826172
0 0.785156 0.576172 0.781250 0.580078 0.781250 0.587891 0.783203 0.589844 0.785156 0.589844 0.787109 0.591797 0.794922 0.591797 0.796875 0.589844 0.798828 0.589844 0.800781 0.587891 0.800781 0.580078 0.796875 0.576172
0 0.869141 0.519531 0.863281 0.525391 0.863281 0.535156 0.869141 0.541016 0.873047 0.541016 0.875000 0.539062 0.876953 0.539062 0.876953 0.537109 0.878906 0.535156 0.878906 0.525391 0.876953 0.523438 0.876953 0.521484 0.875000 0.521484 0.873047 0.519531
0 0.322266 0.445312 0.320312 0.447266 0.314453 0.447266 0.306641 0.455078 0.306641 0.457031 0.304688 0.458984 0.304688 0.470703 0.306641 0.472656 0.306641 0.474609 0.314453 0.482422 0.318359 0.482422 0.320312 0.484375 0.324219 0.484375 0.326172 0.482422 0.330078 0.482422 0.337891 0.474609 0.337891 0.470703 0.339844 0.468750 0.339844 0.460938 0.337891 0.458984 0.337891 0.455078 0.330078 0.447266 0.324219 0.447266
0 0.166016 0.419922 0.164062 0.421875 0.158203 0.421875 0.156250 0.423828 0.154297 0.423828 0.148438 0.429688 0.148438 0.435547 0.154297 0.441406 0.156250 0.441406 0.158203 0.443359 0.167969 0.443359 0.169922 0.445312 0.179688 0.445312 0.181641 0.443359 0.189453 0.443359 0.191406 0.441406 0.193359 0.441406 0.195312 0.439453 0.197266 0.439453 0.199219 0.437500 0.199219 0.435547 0.201172 0.433594 0.201172 0.431641 0.199219 0.429688 0.199219 0.427734 0.197266 0.425781 0.195312 0.425781 0.193359 0.423828 0.191406 0.423828 0.189453 0.421875 0.185547 0.421875 0.183594 0.419922