0 0.148438 0.994141 0.146484 0.996094 0.142578 0.996094 0.140625 0.998047 0.177734 0.998047 0.175781 0.998047 0.173828 0.996094 0.171875 0.996094 0.169922 0.994141
0 0.716797 0.955078 0.714844 0.957031 0.710938 0.957031 0.707031 0.960938 0.707031 0.966797 0.708984 0.968750 0.710938 0.968750 0.712891 0.970703 0.728516 0.970703 0.730469 0.968750 0.732422 0.968750 0.734375 0.966797 0.734375 0.960938 0.730469 0.957031 0.724609 0.957031 0.722656 0.955078
0 0.324219 0.951172 0.322266 0.953125 0.320312 0.953125 0.316406 0.957031 0.314453 0.957031 0.310547 0.960938 0.310547 0.962891 0.308594 0.964844 0.308594 0.978516 0.310547 0.980469 0.310547 0.982422 0.312500 0.982422 0.318359 0.988281 0.320312 0.988281 0.322266 0.990234 0.324219 0.990234 0.326172 0.992188 0.335938 0.992188 0.337891 0.990234 0.341797 0.990234 0.343750 0.988281 0.345703 0.988281 0.353516 0.980469 0.353516 0.974609 0.355469 0.972656 0.355469 0.968750 0.353516 0.966797 0.353516 0.962891 0.349609 0.958984 0.349609 0.957031 0.347656 0.957031 0.343750 0.953125 0.341797 0.953125 0.339844 0.951172
0 0.509766 0.898438 0.505859 0.902344 0.505859 0.904297 0.503906 0.906250 0.503906 0.912109 0.501953 0.914062 0.501953 0.937500 0.503906 0.939453 0.503906 0.945312 0.505859 0.947266 0.505859 0.949219 0.511719 0.955078 0.513672 0.953125 0.515625 0.953125 0.519531 0.949219 0.519531 0.947266 0.521484 0.945312 0.521484 0.939453 0.523438 0.937500 0.523438 0.914062 0.521484 0.912109 0.521484 0.906250 0.519531 0.904297 0.519531 0.902344 0.515625 0.898438
0 0.525391 0.699219 0.523438 0.701172 0.521484 0.701172 0.519531 0.703125 0.517578 0.703125 0.513672 0.707031 0.511719 0.707031 0.511719 0.708984 0.509766 0.710938 0.509766 0.712891 0.507812 0.714844 0.507812 0.724609 0.509766 0.726562 0.509766 0.728516 0.511719 0.730469 0.511719 0.732422 0.513672 0.732422 0.519531 0.738281 0.525391 0.738281 0.527344 0.740234 0.537109 0.740234 0.539062 0.738281 0.542969 0.738281 0.548828 0.732422 0.550781 0.732422 0.550781 0.730469 0.552734 0.728516 0.552734 0.726562 0.554688 0.724609 0.554688 0.714844 0.552734 0.712891 0.552734 0.710938 0.550781 0.708984 0.550781 0.707031 0.548828 0.707031 0.544922 0.703125 0.542969 0.703125 0.541016 0.701172 0.539062 0.701172 0.537109 0.699219
0 0.900391 0.654297 0.898438 0.656250 0.896484 0.656250 0.894531 0.658203 0.892578 0.658203 0.892578 0.660156 0.890625 0.662109 0.890625 0.664062 0.888672 0.666016 0.888672 0.667969 0.890625 0.669922 0.890625 0.671875 0.892578 0.673828 0.892578 0.675781 0.894531 0.675781 0.896484 0.677734 0.898438 0.677734 0.900391 0.679688 0.906250 0.679688 0.908203 0.681641 0.912109 0.681641 0.914062 0.679688 0.919922 0.679688 0.923828 0.675781 0.925781 0.675781 0.925781 0.673828 0.929688 0.669922 0.929688 0.664062 0.925781 0.660156 0.925781 0.658203 0.923828 0.658203 0.919922 0.654297
0 0.244141 0.640625 0.242188 0.642578 0.238281 0.642578 0.224609 0.656250 0.224609 0.662109 0.222656 0.664062 0.222656 0.666016 0.224609 0.667969 0.224609 0.673828 0.226562 0.675781 0.226562 0.679688 0.236328 0.689453 0.240234 0.689453 0.242188 0.691406 0.246094 0.691406 0.248047 0.693359 0.259766 0.693359 0.261719 0.691406 0.265625 0.691406 0.267578 0.689453 0.269531 0.689453 0.281250 0.677734 0.281250 0.673828 0.283203 0.671875 0.283203 0.660156 0.281250 0.658203 0.281250 0.656250 0.279297 0.654297 0.279297 0.652344 0.271484 0.644531 0.267578 0.644531 0.263672 0.640625
0 0.011719 0.640625 0.009766 0.642578 0.005859 0.642578 0.001953 0.646484 0.000000 0.646484 0.000000 0.693359 0.001953 0.693359 0.003906 0.695312 0.005859 0.695312 0.007812 0.697266 0.013672 0.697266 0.015625 0.699219 0.033203 0.699219 0.035156 0.697266 0.039062 0.697266 0.041016 0.695312 0.042969 0.695312 0.044922 0.693359 0.046875 0.693359 0.050781 0.689453 0.052734 0.689453 0.052734 0.687500 0.058594 0.681641 0.058594 0.679688 0.060547 0.677734 0.060547 0.662109 0.058594 0.660156 0.058594 0.658203 0.044922 0.644531 0.041016 0.644531 0.039062 0.642578 0.037109 0.642578 0.035156 0.640625
0 0.628906 0.632812 0.626953 0.634766 0.625000 0.634766 0.623047 0.636719 0.619141 0.636719 0.617188 0.638672 0.615234 0.638672 0.613281 0.640625 0.611328 0.640625 0.611328 0.642578 0.607422 0.646484 0.607422 0.650391 0.609375 0.652344 0.609375 0.656250 0.611328 0.656250 0.615234 0.660156 0.617188 0.660156 0.619141 0.662109 0.621094 0.662109 0.623047 0.664062 0.628906 0.664062 0.630859 0.666016 0.658203 0.666016 0.660156 0.664062 0.664062 0.664062 0.666016 0.662109 0.667969 0.662109 0.669922 0.660156 0.671875 0.660156 0.673828 0.658203 0.675781 0.658203 0.677734 0.656250 0.677734 0.654297 0.679688 0.652344 0.679688 0.646484 0.675781 0.642578 0.675781 0.640625 0.673828 0.640625 0.669922 0.636719 0.667969 0.636719 0.666016 0.634766 0.660156 0.634766 0.658203 0.632812
0 0.005859 0.548828 0.001953 0.552734 0.001953 0.554688 0.000000 0.556641 0.000000 0.599609 0.007812 0.607422 0.013672 0.607422 0.017578 0.603516 0.019531 0.603516 0.021484 0.601562 0.021484 0.599609 0.023438 0.597656 0.023438 0.593750 0.025391 0.591797 0.025391 0.585938 0.027344 0.583984 0.027344 0.570312 0.025391 0.568359 0.025391 0.562500 0.023438 0.560547 0.023438 0.558594 0.019531 0.554688 0.019531 0.552734 0.015625 0.548828
0 0.591797 0.541016 0.589844 0.542969 0.585938 0.542969 0.583984 0.544922 0.582031 0.544922 0.580078 0.546875 0.578125 0.546875 0.576172 0.548828 0.574219 0.548828 0.572266 0.550781 0.572266 0.552734 0.568359 0.556641 0.568359 0.562500 0.566406 0.564453 0.566406 0.566406 0.568359 0.568359 0.568359 0.572266 0.570312 0.574219 0.570312 0.576172 0.576172 0.582031 0.578125 0.582031 0.582031 0.585938 0.585938 0.585938 0.587891 0.587891 0.591797 0.587891 0.593750 0.589844 0.611328 0.589844 0.613281 0.587891 0.621094 0.587891 0.625000 0.583984 0.626953 0.583984 0.628906 0.582031 0.630859 0.582031 0.632812 0.580078 0.632812 0.578125 0.636719 0.574219 0.636719 0.572266 0.638672 0.570312 0.638672 0.558594 0.636719 0.556641 0.636719 0.554688 0.628906 0.546875 0.626953 0.546875 0.623047 0.542969 0.619141 0.542969 0.617188 0.541016
0 0.880859 0.531250 0.878906 0.533203 0.876953 0.533203 0.873047 0.537109 0.873047 0.539062 0.871094 0.541016 0.871094 0.542969 0.873047 0.544922 0.873047 0.546875 0.878906 0.552734 0.892578 0.552734 0.898438 0.546875 0.898438 0.544922 0.900391 0.542969 0.898438 0.541016 0.898438 0.537109 0.894531 0.533203 0.892578 0.533203 0.890625 0.531250
0 0.429688 0.531250 0.427734 0.533203 0.425781 0.533203 0.421875 0.537109 0.419922 0.537109 0.417969 0.539062 0.417969 0.542969 0.414062 0.546875 0.414062 0.548828 0.412109 0.550781 0.412109 0.560547 0.410156 0.562500 0.410156 0.566406 0.412109 0.568359 0.412109 0.578125 0.414062 0.580078 0.414062 0.582031 0.416016 0.583984 0.416016 0.587891 0.425781 0.597656 0.429688 0.597656 0.431641 0.599609 0.439453 0.599609 0.441406 0.597656 0.443359 0.597656 0.449219 0.591797 0.449219 0.589844 0.455078 0.583984 0.455078 0.580078 0.457031 0.578125 0.457031 0.552734 0.455078 0.550781 0.455078 0.546875 0.453125 0.544922 0.453125 0.542969 0.443359 0.533203 0.441406 0.533203 0.439453 0.531250
0 0.220703 0.517578 0.218750 0.519531 0.212891 0.519531 0.208984 0.523438 0.207031 0.523438 0.199219 0.531250 0.199219 0.535156 0.197266 0.537109 0.197266 0.541016 0.195312 0.542969 0.195312 0.554688 0.197266 0.556641 0.197266 0.558594 0.199219 0.560547 0.199219 0.562500 0.201172 0.564453 0.201172 0.566406 0.203125 0.566406 0.210938 0.574219 0.212891 0.574219 0.214844 0.576172 0.218750 0.576172 0.220703 0.578125 0.228516 0.578125 0.230469 0.576172 0.236328 0.576172 0.240234 0.572266 0.244141 0.572266 0.246094 0.570312 0.246094 0.568359 0.251953 0.562500 0.251953 0.558594 0.253906 0.556641 0.253906 0.537109 0.250000 0.533203 0.250000 0.529297 0.244141 0.523438 0.242188 0.523438 0.240234 0.521484 0.238281 0.521484 0.236328 0.519531 0.232422 0.519531 0.230469 0.517578
0 0.660156 0.476562 0.658203 0.478516 0.654297 0.478516 0.652344 0.480469 0.650391 0.480469 0.644531 0.486328 0.644531 0.500000 0.650391 0.505859 0.652344 0.505859 0.654297 0.507812 0.658203 0.507812 0.660156 0.509766 0.669922 0.509766 0.671875 0.507812 0.675781 0.507812 0.677734 0.505859 0.679688 0.505859 0.683594 0.501953 0.683594 0.500000 0.685547 0.498047 0.685547 0.488281 0.683594 0.486328 0.683594 0.484375 0.679688 0.480469 0.677734 0.480469 0.675781 0.478516 0.671875 0.478516 0.669922 0.476562
0 0.494141 0.464844 0.492188 0.466797 0.488281 0.466797 0.486328 0.468750 0.484375 0.468750 0.478516 0.474609 0.478516 0.478516 0.476562 0.480469 0.476562 0.484375 0.478516 0.486328 0.478516 0.488281 0.480469 0.490234 0.480469 0.492188 0.482422 0.492188 0.486328 0.496094 0.488281 0.496094 0.490234 0.498047 0.501953 0.498047 0.503906 0.496094 0.505859 0.496094 0.509766 0.492188 0.511719 0.492188 0.511719 0.490234 0.513672 0.488281 0.513672 0.486328 0.515625 0.484375 0.515625 0.480469 0.513672 0.478516 0.513672 0.474609 0.507812 0.468750 0.505859 0.468750 0.503906 0.466797 0.500000 0.466797 0.498047 0.464844
0 0.103516 0.462891 0.099609 0.466797 0.099609 0.468750 0.101562 0.470703 0.101562 0.472656 0.103516 0.472656 0.105469 0.474609 0.113281 0.474609 0.115234 0.472656 0.117188 0.472656 0.119141 0.470703 0.119141 0.466797 0.115234 0.462891
0 0.189453 0.458984 0.187500 0.460938 0.187500 0.462891 0.185547 0.464844 0.189453 0.468750 0.205078 0.468750 0.207031 0.466797 0.207031 0.460938 0.205078 0.460938 0.203125 0.458984
0 0.281250 0.453125 0.279297 0.455078 0.277344 0.455078 0.273438 0.458984 0.273438 0.468750 0.279297 0.474609 0.285156 0.474609 0.291016 0.468750 0.291016 0.458984 0.287109 0.455078 0.285156 0.455078 0.283203 0.453125
0 0.970703 0.449219 0.968750 0.451172 0.968750 0.453125 0.966797 0.455078 0.966797 0.460938 0.964844 0.462891 0.964844 0.466797 0.966797 0.468750 0.966797 0.474609 0.968750 0.476562 0.968750 0.478516 0.970703 0.478516 0.972656 0.480469 0.976562 0.480469 0.978516 0.478516 0.980469 0.478516 0.980469 0.476562 0.982422 0.474609 0.982422 0.455078 0.980469 0.453125 0.980469 0.451172 0.978516 0.449219
0 0.314453 0.427734 0.312500 0.429688 0.312500 0.431641 0.310547 0.433594 0.310547 0.441406 0.312500 0.443359 0.312500 0.445312 0.318359 0.445312 0.320312 0.443359 0.320312 0.429688 0.318359 0.427734
0 0.951172 0.355469 0.949219 0.357422 0.949219 0.365234 0.951172 0.367188 0.960938 0.367188 0.962891 0.365234 0.962891 0.357422 0.960938 0.355469
0 0.064453 0.308594 0.062500 0.310547 0.060547 0.310547 0.058594 0.312500 0.058594 0.318359 0.060547 0.320312 0.062500 0.320312 0.064453 0.322266 0.068359 0.322266 0.070312 0.320312 0.072266 0.320312 0.074219 0.318359 0.074219 0.312500 0.072266 0.310547 0.070312 0.310547 0.068359 0.308594
0 0.884766 0.300781 0.882812 0.302734 0.882812 0.308594 0.896484 0.308594 0.896484 0.302734 0.894531 0.300781
0 0.158203 0.281250 0.156250 0.283203 0.152344 0.283203 0.150391 0.285156 0.150391 0.287109 0.148438 0.289062 0.148438 0.292969 0.150391 0.294922 0.150391 0.296875 0.152344 0.296875 0.154297 0.298828 0.156250 0.298828 0.158203 0.300781 0.164062 0.300781 0.166016 0.298828 0.167969 0.298828 0.169922 0.296875 0.171875 0.296875 0.173828 0.294922 0.173828 0.287109 0.169922 0.283203 0.167969 0.283203 0.166016 0.281250
0 0.275391 0.273438 0.275391 0.279297 0.277344 0.279297 0.279297 0.281250 0.285156 0.281250 0.289062 0.277344 0.289062 0.275391 0.287109 0.273438
0 0.246094 0.265625 0.244141 0.267578 0.242188 0.267578 0.238281 0.271484 0.238281 0.275391 0.240234 0.277344 0.240234 0.279297 0.244141 0.279297 0.246094 0.281250 0.257812 0.281250 0.259766 0.279297 0.261719 0.279297 0.263672 0.277344 0.263672 0.269531 0.261719 0.267578 0.259766 0.267578 0.257812 0.265625
0 0.957031 0.255859 0.953125 0.259766 0.953125 0.263672 0.957031 0.267578 0.970703 0.267578 0.974609 0.263672 0.974609 0.259766 0.970703 0.255859
0 0.871094 0.212891 0.869141 0.214844 0.867188 0.214844 0.865234 0.216797 0.865234 0.222656 0.867188 0.224609 0.869141 0.224609 0.871094 0.226562 0.876953 0.226562 0.878906 0.224609 0.880859 0.224609 0.882812 0.222656 0.882812 0.216797 0.880859 0.214844 0.878906 0.214844 0.876953 0.212891
0 0.937500 0.208984 0.935547 0.210938 0.933594 0.210938 0.933594 0.214844 0.935547 0.214844 0.937500 0.216797 0.949219 0.216797 0.951172 0.214844 0.953125 0.214844 0.953125 0.210938 0.951172 0.210938 0.949219 0.208984
0 0.869141 0.138672 0.867188 0.140625 0.865234 0.140625 0.865234 0.144531 0.869141 0.148438 0.878906 0.148438 0.880859 0.146484 0.882812 0.146484 0.884766 0.144531 0.884766 0.140625 0.882812 0.140625 0.880859 0.138672
0 0.902344 0.093750 0.900391 0.095703 0.898438 0.095703 0.898438 0.097656 0.900391 0.099609 0.902344 0.099609 0.904297 0.101562 0.917969 0.101562 0.919922 0.099609 0.921875 0.099609 0.921875 0.095703 0.919922 0.093750
0 0.818359 0.056641 0.816406 0.058594 0.814453 0.058594 0.808594 0.064453 0.808594 0.080078 0.816406 0.087891 0.822266 0.087891 0.824219 0.085938 0.826172 0.085938 0.830078 0.082031 0.830078 0.078125 0.832031 0.076172 0.832031 0.068359 0.830078 0.066406 0.830078 0.064453 0.828125 0.062500 0.828125 0.060547 0.826172 0.058594 0.822266 0.058594 0.820312 0.056641
0 0.996094 0.052734 0.994141 0.054688 0.994141 0.056641 0.992188 0.058594 0.992188 0.066406 0.994141 0.068359 0.994141 0.070312 0.996094 0.072266 0.998047 0.072266 0.998047 0.052734