0 0.408203 0.988281 0.406250 0.990234 0.404297 0.990234 0.404297 0.992188 0.402344 0.994141 0.402344 0.998047 0.423828 0.998047 0.423828 0.992188 0.419922 0.988281
0 0.373047 0.873047 0.369141 0.876953 0.369141 0.878906 0.367188 0.880859 0.367188 0.884766 0.369141 0.886719 0.369141 0.888672 0.371094 0.890625 0.382812 0.890625 0.382812 0.888672 0.384766 0.886719 0.384766 0.884766 0.386719 0.882812 0.384766 0.880859 0.384766 0.876953 0.382812 0.875000 0.380859 0.875000 0.378906 0.873047
0 0.238281 0.845703 0.234375 0.849609 0.234375 0.867188 0.238281 0.871094 0.242188 0.871094 0.244141 0.869141 0.244141 0.865234 0.246094 0.863281 0.246094 0.853516 0.244141 0.851562 0.244141 0.847656 0.242188 0.845703
0 0.027344 0.785156 0.023438 0.789062 0.023438 0.791016 0.021484 0.792969 0.021484 0.800781 0.029297 0.808594 0.037109 0.808594 0.039062 0.806641 0.041016 0.806641 0.044922 0.802734 0.044922 0.791016 0.039062 0.785156
0 0.267578 0.722656 0.261719 0.728516 0.261719 0.738281 0.267578 0.744141 0.277344 0.744141 0.279297 0.742188 0.281250 0.742188 0.283203 0.740234 0.283203 0.738281 0.285156 0.736328 0.285156 0.730469 0.283203 0.728516 0.283203 0.726562 0.281250 0.724609 0.279297 0.724609 0.277344 0.722656
0 0.205078 0.609375 0.201172 0.613281 0.201172 0.615234 0.205078 0.619141 0.214844 0.619141 0.216797 0.617188 0.216797 0.611328 0.214844 0.609375
0 0.503906 0.466797 0.501953 0.468750 0.498047 0.468750 0.496094 0.470703 0.496094 0.472656 0.494141 0.474609 0.494141 0.482422 0.496094 0.484375 0.496094 0.486328 0.498047 0.486328 0.500000 0.488281 0.501953 0.488281 0.503906 0.490234 0.507812 0.490234 0.509766 0.488281 0.511719 0.488281 0.513672 0.486328 0.515625 0.486328 0.515625 0.484375 0.517578 0.482422 0.517578 0.474609 0.515625 0.472656 0.515625 0.470703 0.513672 0.468750 0.509766 0.468750 0.507812 0.466797
0 0.158203 0.433594 0.156250 0.435547 0.154297 0.435547 0.154297 0.437500 0.152344 0.439453 0.152344 0.445312 0.154297 0.447266 0.154297 0.449219 0.156250 0.449219 0.158203 0.451172 0.160156 0.451172 0.164062 0.447266 0.164062 0.437500 0.160156 0.433594
0 0.302734 0.421875 0.298828 0.425781 0.298828 0.427734 0.296875 0.429688 0.296875 0.431641 0.298828 0.433594 0.298828 0.437500 0.300781 0.439453 0.308594 0.439453 0.310547 0.437500 0.310547 0.435547 0.312500 0.433594 0.312500 0.429688 0.310547 0.427734 0.310547 0.425781 0.306641 0.421875
0 0.400391 0.408203 0.398438 0.410156 0.398438 0.414062 0.400391 0.416016 0.410156 0.416016 0.412109 0.414062 0.412109 0.410156 0.410156 0.410156 0.408203 0.408203
0 0.189453 0.357422 0.187500 0.359375 0.187500 0.369141 0.189453 0.371094 0.193359 0.371094 0.193359 0.369141 0.195312 0.367188 0.195312 0.361328 0.193359 0.359375 0.193359 0.357422
0 0.359375 0.271484 0.357422 0.273438 0.351562 0.273438 0.349609 0.275391 0.349609 0.283203 0.351562 0.285156 0.355469 0.285156 0.357422 0.287109 0.361328 0.287109 0.363281 0.285156 0.367188 0.285156 0.371094 0.281250 0.371094 0.277344 0.367188 0.273438 0.363281 0.273438 0.361328 0.271484
0 0.097656 0.263672 0.095703 0.265625 0.093750 0.265625 0.089844 0.269531 0.089844 0.271484 0.087891 0.273438 0.087891 0.275391 0.089844 0.277344 0.089844 0.279297 0.093750 0.283203 0.095703 0.283203 0.097656 0.285156 0.109375 0.285156 0.117188 0.277344 0.117188 0.271484 0.109375 0.263672
0 0.437500 0.257812 0.435547 0.259766 0.433594 0.259766 0.431641 0.261719 0.431641 0.271484 0.433594 0.271484 0.437500 0.275391 0.447266 0.275391 0.449219 0.273438 0.451172 0.273438 0.455078 0.269531 0.455078 0.263672 0.449219 0.257812
0 0.195312 0.251953 0.193359 0.253906 0.191406 0.253906 0.189453 0.255859 0.187500 0.255859 0.185547 0.257812 0.185547 0.263672 0.187500 0.263672 0.191406 0.267578 0.208984 0.267578 0.210938 0.265625 0.212891 0.265625 0.214844 0.263672 0.214844 0.257812 0.210938 0.253906 0.207031 0.253906 0.205078 0.251953
0 0.046875 0.185547 0.044922 0.187500 0.042969 0.187500 0.041016 0.189453 0.041016 0.195312 0.042969 0.197266 0.046875 0.197266 0.048828 0.199219 0.050781 0.197266 0.054688 0.197266 0.056641 0.195312 0.056641 0.189453 0.054688 0.187500 0.052734 0.187500 0.050781 0.185547
0 0.314453 0.166016 0.312500 0.167969 0.308594 0.167969 0.302734 0.173828 0.302734 0.183594 0.306641 0.187500 0.308594 0.187500 0.310547 0.189453 0.328125 0.189453 0.335938 0.181641 0.335938 0.175781 0.333984 0.173828 0.333984 0.171875 0.332031 0.169922 0.330078 0.169922 0.328125 0.167969 0.326172 0.167969 0.324219 0.166016
0 0.158203 0.117188 0.156250 0.119141 0.156250 0.121094 0.158203 0.123047 0.160156 0.123047 0.162109 0.125000 0.169922 0.125000 0.171875 0.123047 0.175781 0.123047 0.177734 0.121094 0.175781 0.119141 0.175781 0.117188
0 0.054688 0.054688 0.052734 0.056641 0.048828 0.056641 0.042969 0.062500 0.042969 0.070312 0.048828 0.076172 0.052734 0.076172 0.054688 0.078125 0.058594 0.078125 0.060547 0.076172 0.064453 0.076172 0.070312 0.070312 0.070312 0.062500 0.064453 0.056641 0.062500 0.056641 0.060547 0.054688
0 0.335938 0.046875 0.332031 0.050781 0.332031 0.054688 0.330078 0.056641 0.330078 0.060547 0.332031 0.062500 0.332031 0.064453 0.333984 0.066406 0.333984 0.068359 0.335938 0.068359 0.337891 0.070312 0.341797 0.070312 0.343750 0.068359 0.345703 0.068359 0.345703 0.066406 0.347656 0.064453 0.347656 0.062500 0.349609 0.060547 0.349609 0.056641 0.347656 0.054688 0.347656 0.050781 0.343750 0.046875
0 0.156250 0.005859 0.154297 0.007812 0.152344 0.007812 0.150391 0.009766 0.148438 0.009766 0.146484 0.011719 0.146484 0.013672 0.144531 0.015625 0.144531 0.017578 0.142578 0.019531 0.142578 0.027344 0.144531 0.029297 0.144531 0.031250 0.146484 0.033203 0.146484 0.035156 0.148438 0.035156 0.152344 0.039062 0.156250 0.039062 0.158203 0.041016 0.162109 0.041016 0.164062 0.039062 0.169922 0.039062 0.177734 0.031250 0.177734 0.025391 0.179688 0.023438 0.177734 0.021484 0.177734 0.015625 0.169922 0.007812 0.166016 0.007812 0.164062 0.005859