0 0.681641 0.845703 0.677734 0.849609 0.677734 0.851562 0.681641 0.855469 0.689453 0.855469 0.693359 0.851562 0.693359 0.847656 0.691406 0.847656 0.689453 0.845703
0 0.900391 0.820312 0.896484 0.824219 0.896484 0.828125 0.894531 0.830078 0.894531 0.841797 0.896484 0.843750 0.896484 0.845703 0.900391 0.849609 0.908203 0.849609 0.912109 0.845703 0.912109 0.841797 0.914062 0.839844 0.914062 0.830078 0.912109 0.828125 0.912109 0.824219 0.910156 0.822266 0.908203 0.822266 0.906250 0.820312
0 0.707031 0.789062 0.707031 0.792969 0.705078 0.794922 0.705078 0.802734 0.707031 0.804688 0.707031 0.810547 0.708984 0.810547 0.708984 0.808594 0.710938 0.806641 0.710938 0.792969 0.708984 0.791016 0.708984 0.789062
0 0.541016 0.773438 0.539062 0.775391 0.539062 0.777344 0.537109 0.779297 0.537109 0.781250 0.539062 0.783203 0.539062 0.785156 0.541016 0.787109 0.550781 0.787109 0.552734 0.785156 0.552734 0.783203 0.554688 0.781250 0.554688 0.779297 0.552734 0.777344 0.552734 0.775391 0.550781 0.773438
0 0.914062 0.710938 0.910156 0.714844 0.910156 0.716797 0.908203 0.718750 0.908203 0.724609 0.906250 0.726562 0.906250 0.740234 0.908203 0.742188 0.908203 0.748047 0.910156 0.750000 0.910156 0.751953 0.912109 0.753906 0.917969 0.753906 0.919922 0.751953 0.919922 0.750000 0.921875 0.748047 0.921875 0.746094 0.923828 0.744141 0.923828 0.722656 0.921875 0.720703 0.921875 0.716797 0.919922 0.714844 0.919922 0.712891 0.917969 0.710938
0 0.548828 0.677734 0.546875 0.679688 0.546875 0.681641 0.544922 0.683594 0.544922 0.687500 0.542969 0.689453 0.542969 0.701172 0.544922 0.703125 0.544922 0.708984 0.546875 0.710938 0.546875 0.712891 0.548828 0.714844 0.552734 0.714844 0.556641 0.710938 0.556641 0.708984 0.558594 0.707031 0.558594 0.685547 0.556641 0.683594 0.556641 0.681641 0.554688 0.679688 0.554688 0.677734
0 0.925781 0.621094 0.923828 0.623047 0.923828 0.626953 0.921875 0.628906 0.921875 0.632812 0.923828 0.634766 0.923828 0.636719 0.927734 0.640625 0.929688 0.640625 0.931641 0.638672 0.933594 0.638672 0.933594 0.636719 0.935547 0.634766 0.935547 0.625000 0.931641 0.621094
0 0.580078 0.593750 0.580078 0.595703 0.578125 0.597656 0.578125 0.605469 0.582031 0.609375 0.587891 0.609375 0.591797 0.605469 0.591797 0.595703 0.589844 0.593750
0 0.654297 0.580078 0.652344 0.582031 0.650391 0.582031 0.648438 0.583984 0.648438 0.585938 0.646484 0.587891 0.646484 0.595703 0.648438 0.597656 0.648438 0.599609 0.650391 0.601562 0.652344 0.601562 0.654297 0.603516 0.656250 0.603516 0.658203 0.605469 0.662109 0.605469 0.664062 0.603516 0.667969 0.603516 0.671875 0.599609 0.671875 0.597656 0.673828 0.595703 0.673828 0.587891 0.671875 0.585938 0.671875 0.583984 0.667969 0.580078
0 0.787109 0.576172 0.785156 0.578125 0.783203 0.578125 0.781250 0.580078 0.779297 0.580078 0.779297 0.582031 0.777344 0.583984 0.777344 0.593750 0.779297 0.595703 0.779297 0.597656 0.781250 0.597656 0.785156 0.601562 0.789062 0.601562 0.791016 0.599609 0.792969 0.599609 0.796875 0.595703 0.796875 0.582031 0.792969 0.578125 0.791016 0.578125 0.789062 0.576172
0 0.000000 0.001953 0.000000 0.017578 0.001953 0.015625 0.005859 0.015625 0.005859 0.013672 0.007812 0.011719 0.007812 0.005859 0.005859 0.003906 0.003906 0.003906 0.001953 0.001953