0 0.273438 0.976562 0.271484 0.978516 0.267578 0.978516 0.263672 0.982422 0.263672 0.992188 0.267578 0.996094 0.269531 0.996094 0.271484 0.998047 0.275391 0.998047 0.277344 0.996094 0.279297 0.996094 0.281250 0.994141 0.283203 0.994141 0.283203 0.992188 0.285156 0.990234 0.285156 0.984375 0.279297 0.978516 0.277344 0.978516 0.275391 0.976562
0 0.433594 0.949219 0.431641 0.951172 0.429688 0.951172 0.429688 0.958984 0.431641 0.960938 0.441406 0.960938 0.445312 0.957031 0.445312 0.953125 0.441406 0.949219
0 0.281250 0.882812 0.279297 0.884766 0.275391 0.884766 0.273438 0.886719 0.273438 0.892578 0.275391 0.892578 0.277344 0.894531 0.291016 0.894531 0.294922 0.890625 0.294922 0.886719 0.292969 0.886719 0.291016 0.884766 0.289062 0.884766 0.287109 0.882812
0 0.318359 0.839844 0.316406 0.841797 0.316406 0.845703 0.318359 0.845703 0.320312 0.847656 0.328125 0.847656 0.330078 0.845703 0.332031 0.845703 0.332031 0.841797 0.330078 0.839844
0 0.173828 0.830078 0.169922 0.833984 0.169922 0.837891 0.171875 0.839844 0.185547 0.839844 0.187500 0.837891 0.187500 0.832031 0.185547 0.832031 0.183594 0.830078
0 0.060547 0.816406 0.058594 0.818359 0.056641 0.818359 0.054688 0.820312 0.054688 0.826172 0.056641 0.828125 0.058594 0.828125 0.060547 0.830078 0.070312 0.830078 0.074219 0.826172 0.074219 0.820312 0.070312 0.816406
0 0.476562 0.808594 0.474609 0.810547 0.470703 0.810547 0.468750 0.812500 0.468750 0.818359 0.470703 0.820312 0.476562 0.820312 0.478516 0.822266 0.480469 0.822266 0.482422 0.820312 0.486328 0.820312 0.488281 0.818359 0.488281 0.812500 0.486328 0.810547 0.482422 0.810547 0.480469 0.808594
0 0.021484 0.779297 0.019531 0.781250 0.017578 0.781250 0.015625 0.783203 0.015625 0.789062 0.017578 0.789062 0.019531 0.791016 0.035156 0.791016 0.037109 0.789062 0.039062 0.789062 0.041016 0.787109 0.041016 0.783203 0.039062 0.781250 0.037109 0.781250 0.035156 0.779297
0 0.246094 0.757812 0.244141 0.759766 0.242188 0.759766 0.240234 0.761719 0.240234 0.763672 0.242188 0.765625 0.259766 0.765625 0.259766 0.763672 0.261719 0.761719 0.259766 0.759766 0.255859 0.759766 0.253906 0.757812
0 0.156250 0.707031 0.154297 0.708984 0.154297 0.712891 0.158203 0.716797 0.164062 0.716797 0.166016 0.714844 0.167969 0.714844 0.167969 0.708984 0.166016 0.707031
0 0.445312 0.683594 0.439453 0.689453 0.439453 0.693359 0.443359 0.697266 0.445312 0.697266 0.447266 0.699219 0.449219 0.699219 0.451172 0.697266 0.453125 0.697266 0.455078 0.695312 0.455078 0.687500 0.453125 0.685547 0.451172 0.685547 0.449219 0.683594
0 0.367188 0.679688 0.361328 0.685547 0.361328 0.689453 0.365234 0.693359 0.367188 0.693359 0.369141 0.695312 0.371094 0.693359 0.375000 0.693359 0.376953 0.691406 0.376953 0.683594 0.375000 0.681641 0.373047 0.681641 0.371094 0.679688
0 0.472656 0.658203 0.466797 0.664062 0.466797 0.671875 0.470703 0.675781 0.480469 0.675781 0.484375 0.671875 0.484375 0.662109 0.482422 0.660156 0.480469 0.660156 0.478516 0.658203
0 0.015625 0.628906 0.013672 0.630859 0.013672 0.632812 0.015625 0.632812 0.017578 0.634766 0.029297 0.634766 0.031250 0.632812 0.033203 0.632812 0.033203 0.628906
0 0.414062 0.607422 0.410156 0.611328 0.410156 0.619141 0.414062 0.623047 0.421875 0.623047 0.425781 0.619141 0.425781 0.611328 0.421875 0.607422
0 0.343750 0.574219 0.339844 0.578125 0.339844 0.582031 0.343750 0.585938 0.351562 0.585938 0.353516 0.583984 0.355469 0.583984 0.355469 0.578125 0.351562 0.574219
0 0.423828 0.533203 0.419922 0.537109 0.419922 0.544922 0.421875 0.546875 0.421875 0.548828 0.423828 0.548828 0.425781 0.550781 0.429688 0.550781 0.431641 0.548828 0.433594 0.548828 0.433594 0.546875 0.435547 0.544922 0.435547 0.537109 0.431641 0.533203
0 0.246094 0.531250 0.244141 0.533203 0.242188 0.533203 0.240234 0.535156 0.240234 0.537109 0.238281 0.539062 0.238281 0.541016 0.240234 0.542969 0.240234 0.544922 0.242188 0.546875 0.246094 0.546875 0.248047 0.548828 0.253906 0.548828 0.255859 0.546875 0.259766 0.546875 0.261719 0.544922 0.261719 0.542969 0.263672 0.541016 0.263672 0.537109 0.257812 0.531250
0 0.404297 0.462891 0.400391 0.466797 0.400391 0.468750 0.402344 0.470703 0.402344 0.472656 0.404297 0.472656 0.406250 0.474609 0.419922 0.474609 0.421875 0.472656 0.423828 0.472656 0.425781 0.470703 0.425781 0.464844 0.423828 0.464844 0.421875 0.462891
0 0.021484 0.458984 0.019531 0.460938 0.015625 0.460938 0.011719 0.464844 0.009766 0.464844 0.007812 0.466797 0.007812 0.478516 0.013672 0.484375 0.015625 0.484375 0.017578 0.486328 0.031250 0.486328 0.033203 0.484375 0.035156 0.484375 0.041016 0.478516 0.041016 0.476562 0.042969 0.474609 0.042969 0.472656 0.041016 0.470703 0.041016 0.466797 0.037109 0.462891 0.035156 0.462891 0.033203 0.460938 0.031250 0.460938 0.029297 0.458984
0 0.324219 0.429688 0.320312 0.433594 0.320312 0.439453 0.322266 0.441406 0.324219 0.441406 0.326172 0.443359 0.335938 0.443359 0.339844 0.439453 0.339844 0.433594 0.335938 0.429688
0 0.130859 0.423828 0.128906 0.425781 0.126953 0.425781 0.126953 0.429688 0.128906 0.429688 0.130859 0.431641 0.140625 0.431641 0.142578 0.429688 0.144531 0.429688 0.144531 0.425781 0.142578 0.423828
0 0.000000 0.400391 0.000000 0.412109 0.001953 0.412109 0.003906 0.410156 0.005859 0.410156 0.007812 0.408203 0.009766 0.408203 0.009766 0.404297 0.007812 0.402344 0.005859 0.402344 0.003906 0.400391
0 0.046875 0.378906 0.044922 0.380859 0.042969 0.380859 0.041016 0.382812 0.039062 0.382812 0.035156 0.386719 0.035156 0.396484 0.039062 0.400391 0.041016 0.400391 0.042969 0.402344 0.046875 0.402344 0.048828 0.404297 0.052734 0.404297 0.054688 0.402344 0.058594 0.402344 0.060547 0.400391 0.062500 0.400391 0.064453 0.398438 0.064453 0.396484 0.066406 0.394531 0.066406 0.388672 0.064453 0.386719 0.064453 0.384766 0.062500 0.382812 0.060547 0.382812 0.058594 0.380859 0.054688 0.380859 0.052734 0.378906
0 0.220703 0.369141 0.218750 0.371094 0.214844 0.371094 0.210938 0.375000 0.208984 0.375000 0.208984 0.376953 0.207031 0.378906 0.207031 0.380859 0.205078 0.382812 0.205078 0.388672 0.207031 0.390625 0.207031 0.394531 0.212891 0.400391 0.216797 0.400391 0.218750 0.402344 0.224609 0.402344 0.226562 0.400391 0.230469 0.400391 0.236328 0.394531 0.236328 0.388672 0.238281 0.386719 0.238281 0.384766 0.236328 0.382812 0.236328 0.378906 0.234375 0.376953 0.234375 0.375000 0.232422 0.375000 0.228516 0.371094 0.224609 0.371094 0.222656 0.369141
0 0.392578 0.367188 0.390625 0.369141 0.390625 0.371094 0.388672 0.373047 0.388672 0.375000 0.390625 0.376953 0.390625 0.380859 0.392578 0.380859 0.394531 0.382812 0.400391 0.382812 0.404297 0.378906 0.404297 0.371094 0.400391 0.367188