0 0.855469 0.714844 0.853516 0.716797 0.853516 0.718750 0.851562 0.720703 0.851562 0.722656 0.853516 0.724609 0.853516 0.726562 0.855469 0.728516 0.861328 0.728516 0.865234 0.724609 0.865234 0.716797 0.863281 0.714844
0 0.875000 0.699219 0.871094 0.703125 0.871094 0.710938 0.875000 0.714844 0.884766 0.714844 0.888672 0.710938 0.888672 0.703125 0.884766 0.699219
0 0.755859 0.685547 0.753906 0.687500 0.753906 0.693359 0.755859 0.693359 0.757812 0.695312 0.763672 0.695312 0.767578 0.691406 0.767578 0.687500 0.765625 0.685547
0 0.826172 0.662109 0.824219 0.664062 0.822266 0.664062 0.820312 0.666016 0.820312 0.671875 0.824219 0.675781 0.826172 0.675781 0.828125 0.677734 0.832031 0.677734 0.833984 0.675781 0.837891 0.675781 0.841797 0.671875 0.841797 0.667969 0.839844 0.666016 0.839844 0.664062 0.837891 0.664062 0.835938 0.662109
0 0.755859 0.652344 0.751953 0.656250 0.751953 0.664062 0.753906 0.666016 0.753906 0.667969 0.755859 0.669922 0.763672 0.669922 0.765625 0.667969 0.765625 0.666016 0.767578 0.664062 0.767578 0.656250 0.763672 0.652344
0 0.691406 0.650391 0.691406 0.652344 0.689453 0.654297 0.689453 0.658203 0.691406 0.660156 0.691406 0.662109 0.693359 0.664062 0.697266 0.664062 0.701172 0.660156 0.701172 0.652344 0.699219 0.650391
0 0.464844 0.615234 0.460938 0.619141 0.460938 0.621094 0.462891 0.623047 0.478516 0.623047 0.480469 0.621094 0.480469 0.617188 0.478516 0.617188 0.476562 0.615234
0 0.513672 0.601562 0.511719 0.603516 0.511719 0.609375 0.515625 0.613281 0.517578 0.613281 0.521484 0.609375 0.521484 0.603516 0.519531 0.601562
0 0.257812 0.587891 0.253906 0.591797 0.253906 0.597656 0.255859 0.599609 0.257812 0.599609 0.259766 0.601562 0.267578 0.601562 0.269531 0.599609 0.271484 0.599609 0.273438 0.597656 0.273438 0.591797 0.269531 0.587891
0 0.408203 0.580078 0.404297 0.583984 0.404297 0.587891 0.408203 0.591797 0.412109 0.591797 0.414062 0.593750 0.421875 0.593750 0.423828 0.591797 0.427734 0.591797 0.431641 0.587891 0.431641 0.583984 0.427734 0.580078
0 0.351562 0.552734 0.349609 0.554688 0.347656 0.554688 0.347656 0.556641 0.345703 0.558594 0.345703 0.562500 0.343750 0.564453 0.343750 0.568359 0.345703 0.570312 0.345703 0.574219 0.347656 0.576172 0.347656 0.578125 0.349609 0.578125 0.351562 0.580078 0.353516 0.580078 0.355469 0.578125 0.357422 0.578125 0.357422 0.576172 0.359375 0.574219 0.359375 0.572266 0.361328 0.570312 0.361328 0.562500 0.359375 0.560547 0.359375 0.558594 0.357422 0.556641 0.357422 0.554688 0.355469 0.554688 0.353516 0.552734
0 0.296875 0.552734 0.294922 0.554688 0.291016 0.554688 0.291016 0.558594 0.292969 0.560547 0.304688 0.560547 0.306641 0.558594 0.306641 0.556641 0.304688 0.554688 0.302734 0.554688 0.300781 0.552734
0 0.433594 0.539062 0.429688 0.542969 0.429688 0.546875 0.427734 0.548828 0.427734 0.552734 0.429688 0.554688 0.429688 0.558594 0.433594 0.562500 0.435547 0.562500 0.437500 0.564453 0.443359 0.564453 0.445312 0.562500 0.447266 0.562500 0.449219 0.560547 0.449219 0.558594 0.451172 0.556641 0.451172 0.554688 0.453125 0.552734 0.453125 0.548828 0.451172 0.546875 0.451172 0.544922 0.449219 0.542969 0.449219 0.541016 0.447266 0.539062
0 0.390625 0.523438 0.388672 0.525391 0.386719 0.525391 0.384766 0.527344 0.384766 0.529297 0.382812 0.531250 0.382812 0.541016 0.388672 0.546875 0.396484 0.546875 0.398438 0.544922 0.400391 0.544922 0.400391 0.542969 0.402344 0.541016 0.402344 0.529297 0.398438 0.525391 0.396484 0.525391 0.394531 0.523438
0 0.390625 0.494141 0.388672 0.496094 0.386719 0.496094 0.384766 0.498047 0.384766 0.500000 0.386719 0.501953 0.388672 0.501953 0.390625 0.503906 0.398438 0.503906 0.400391 0.501953 0.402344 0.501953 0.402344 0.496094 0.400391 0.496094 0.398438 0.494141
0 0.419922 0.476562 0.416016 0.480469 0.416016 0.494141 0.417969 0.496094 0.417969 0.498047 0.425781 0.498047 0.425781 0.496094 0.427734 0.494141 0.427734 0.480469 0.423828 0.476562
0 0.578125 0.441406 0.576172 0.443359 0.576172 0.447266 0.580078 0.451172 0.582031 0.451172 0.583984 0.449219 0.585938 0.449219 0.585938 0.443359 0.583984 0.441406
0 0.675781 0.392578 0.673828 0.394531 0.673828 0.400391 0.675781 0.400391 0.677734 0.402344 0.679688 0.402344 0.683594 0.398438 0.683594 0.394531 0.681641 0.392578
0 0.576172 0.386719 0.576172 0.394531 0.578125 0.396484 0.582031 0.396484 0.585938 0.392578 0.585938 0.390625 0.583984 0.388672 0.583984 0.386719
0 0.654297 0.234375 0.652344 0.236328 0.650391 0.236328 0.650391 0.238281 0.648438 0.240234 0.648438 0.242188 0.650391 0.244141 0.650391 0.246094 0.652344 0.246094 0.654297 0.248047 0.658203 0.248047 0.662109 0.244141 0.662109 0.240234 0.660156 0.238281 0.660156 0.236328 0.658203 0.236328 0.656250 0.234375
0 0.548828 0.189453 0.546875 0.191406 0.544922 0.191406 0.542969 0.193359 0.542969 0.197266 0.544922 0.199219 0.546875 0.199219 0.548828 0.201172 0.552734 0.201172 0.554688 0.199219 0.556641 0.199219 0.558594 0.197266 0.558594 0.193359 0.556641 0.191406 0.554688 0.191406 0.552734 0.189453
0 0.685547 0.181641 0.681641 0.185547 0.681641 0.187500 0.683594 0.189453 0.685547 0.189453 0.687500 0.191406 0.695312 0.191406 0.697266 0.189453 0.699219 0.189453 0.699219 0.183594 0.697266 0.181641
0 0.714844 0.179688 0.712891 0.181641 0.712891 0.187500 0.714844 0.187500 0.716797 0.189453 0.718750 0.189453 0.720703 0.187500 0.722656 0.187500 0.722656 0.181641 0.720703 0.179688
0 0.632812 0.138672 0.630859 0.140625 0.630859 0.142578 0.628906 0.144531 0.628906 0.146484 0.630859 0.148438 0.630859 0.152344 0.636719 0.152344 0.638672 0.150391 0.638672 0.142578 0.634766 0.138672