0 0.587891 0.683594 0.585938 0.685547 0.583984 0.685547 0.580078 0.689453 0.580078 0.695312 0.583984 0.699219 0.595703 0.699219 0.599609 0.695312 0.599609 0.689453 0.593750 0.683594
0 0.623047 0.675781 0.619141 0.679688 0.619141 0.687500 0.621094 0.689453 0.623047 0.689453 0.625000 0.691406 0.626953 0.689453 0.628906 0.689453 0.630859 0.687500 0.630859 0.677734 0.628906 0.677734 0.626953 0.675781
0 0.181641 0.642578 0.179688 0.644531 0.179688 0.654297 0.181641 0.656250 0.185547 0.656250 0.187500 0.654297 0.187500 0.644531 0.185547 0.642578
0 0.539062 0.638672 0.539062 0.642578 0.537109 0.644531 0.537109 0.646484 0.539062 0.648438 0.539062 0.652344 0.542969 0.652344 0.542969 0.650391 0.544922 0.648438 0.544922 0.642578 0.542969 0.640625 0.542969 0.638672
0 0.492188 0.615234 0.490234 0.617188 0.490234 0.626953 0.494141 0.630859 0.498047 0.630859 0.500000 0.628906 0.500000 0.626953 0.501953 0.625000 0.501953 0.621094 0.500000 0.619141 0.500000 0.617188 0.498047 0.615234
0 0.306641 0.613281 0.304688 0.615234 0.304688 0.625000 0.306641 0.626953 0.312500 0.626953 0.314453 0.625000 0.314453 0.623047 0.316406 0.621094 0.316406 0.619141 0.314453 0.617188 0.314453 0.615234 0.312500 0.613281
0 0.445312 0.603516 0.441406 0.607422 0.441406 0.609375 0.443359 0.611328 0.443359 0.613281 0.449219 0.613281 0.451172 0.611328 0.451172 0.605469 0.449219 0.603516
0 0.361328 0.595703 0.357422 0.599609 0.357422 0.615234 0.361328 0.619141 0.365234 0.619141 0.365234 0.617188 0.367188 0.615234 0.367188 0.611328 0.369141 0.609375 0.369141 0.605469 0.367188 0.603516 0.367188 0.597656 0.365234 0.595703
0 0.648438 0.416016 0.644531 0.419922 0.644531 0.421875 0.642578 0.423828 0.642578 0.427734 0.640625 0.429688 0.640625 0.433594 0.642578 0.435547 0.642578 0.441406 0.644531 0.443359 0.644531 0.445312 0.646484 0.447266 0.648438 0.447266 0.650391 0.449219 0.656250 0.443359 0.656250 0.437500 0.658203 0.435547 0.658203 0.429688 0.656250 0.427734 0.656250 0.421875 0.654297 0.419922 0.654297 0.417969 0.652344 0.417969 0.650391 0.416016
0 0.380859 0.406250 0.378906 0.408203 0.378906 0.410156 0.376953 0.412109 0.376953 0.425781 0.378906 0.427734 0.378906 0.429688 0.380859 0.431641 0.384766 0.431641 0.384766 0.429688 0.386719 0.427734 0.386719 0.423828 0.388672 0.421875 0.388672 0.416016 0.386719 0.414062 0.386719 0.410156 0.384766 0.408203 0.384766 0.406250
0 0.367188 0.373047 0.365234 0.375000 0.361328 0.375000 0.357422 0.378906 0.357422 0.380859 0.355469 0.382812 0.355469 0.388672 0.357422 0.390625 0.357422 0.392578 0.361328 0.396484 0.365234 0.396484 0.367188 0.398438 0.376953 0.398438 0.378906 0.396484 0.382812 0.396484 0.388672 0.390625 0.388672 0.380859 0.382812 0.375000 0.378906 0.375000 0.376953 0.373047
0 0.638672 0.314453 0.632812 0.320312 0.632812 0.328125 0.638672 0.333984 0.650391 0.333984 0.652344 0.332031 0.654297 0.332031 0.654297 0.330078 0.656250 0.328125 0.656250 0.320312 0.654297 0.318359 0.654297 0.316406 0.652344 0.316406 0.650391 0.314453
0 0.570312 0.310547 0.568359 0.312500 0.566406 0.312500 0.566406 0.328125 0.570312 0.332031 0.572266 0.332031 0.576172 0.328125 0.576172 0.314453 0.572266 0.310547
0 0.611328 0.246094 0.607422 0.250000 0.607422 0.253906 0.605469 0.255859 0.605469 0.257812 0.607422 0.259766 0.607422 0.263672 0.609375 0.265625 0.609375 0.267578 0.611328 0.267578 0.613281 0.269531 0.617188 0.269531 0.619141 0.267578 0.621094 0.267578 0.625000 0.263672 0.625000 0.251953 0.623047 0.250000 0.623047 0.248047 0.621094 0.246094
0 0.417969 0.216797 0.416016 0.218750 0.416016 0.220703 0.414062 0.222656 0.414062 0.228516 0.416016 0.230469 0.416016 0.232422 0.423828 0.232422 0.423828 0.230469 0.425781 0.228516 0.425781 0.222656 0.423828 0.220703 0.423828 0.218750 0.421875 0.216797
0 0.580078 0.212891 0.576172 0.216797 0.576172 0.222656 0.574219 0.224609 0.574219 0.226562 0.576172 0.228516 0.576172 0.232422 0.578125 0.234375 0.578125 0.236328 0.580078 0.236328 0.582031 0.238281 0.583984 0.238281 0.585938 0.236328 0.587891 0.236328 0.589844 0.234375 0.589844 0.230469 0.591797 0.228516 0.591797 0.222656 0.589844 0.220703 0.589844 0.216797 0.585938 0.212891
0 0.347656 0.210938 0.341797 0.216797 0.341797 0.236328 0.347656 0.242188 0.353516 0.242188 0.357422 0.238281 0.357422 0.234375 0.359375 0.232422 0.359375 0.220703 0.357422 0.218750 0.357422 0.214844 0.353516 0.210938