0 0.234375 0.775391 0.234375 0.777344 0.232422 0.779297 0.232422 0.781250 0.236328 0.785156 0.240234 0.785156 0.242188 0.783203 0.242188 0.777344 0.240234 0.775391
0 0.218750 0.736328 0.216797 0.738281 0.216797 0.746094 0.218750 0.748047 0.222656 0.748047 0.226562 0.744141 0.226562 0.738281 0.224609 0.736328
0 0.173828 0.705078 0.171875 0.707031 0.171875 0.712891 0.173828 0.714844 0.179688 0.714844 0.181641 0.712891 0.181641 0.707031 0.179688 0.705078
0 0.529297 0.693359 0.527344 0.695312 0.527344 0.701172 0.529297 0.703125 0.529297 0.705078 0.533203 0.705078 0.535156 0.703125 0.535156 0.695312 0.533203 0.693359
0 0.181641 0.630859 0.179688 0.632812 0.179688 0.636719 0.177734 0.638672 0.177734 0.640625 0.179688 0.642578 0.179688 0.646484 0.181641 0.648438 0.185547 0.648438 0.187500 0.646484 0.187500 0.634766 0.185547 0.632812 0.185547 0.630859
0 0.425781 0.615234 0.421875 0.619141 0.421875 0.626953 0.423828 0.628906 0.429688 0.628906 0.431641 0.626953 0.431641 0.617188 0.429688 0.617188 0.427734 0.615234
0 0.482422 0.265625 0.480469 0.267578 0.480469 0.271484 0.484375 0.275391 0.486328 0.275391 0.490234 0.271484 0.490234 0.267578 0.488281 0.265625
0 0.427734 0.238281 0.425781 0.240234 0.423828 0.240234 0.421875 0.242188 0.421875 0.250000 0.423828 0.251953 0.431641 0.251953 0.433594 0.250000 0.433594 0.242188 0.431641 0.240234 0.429688 0.240234
0 0.513672 0.218750 0.509766 0.222656 0.509766 0.230469 0.513672 0.234375 0.515625 0.234375 0.519531 0.230469 0.519531 0.222656 0.515625 0.218750
0 0.146484 0.208984 0.144531 0.210938 0.144531 0.216797 0.154297 0.216797 0.156250 0.214844 0.156250 0.210938 0.154297 0.208984
0 0.234375 0.197266 0.230469 0.201172 0.230469 0.210938 0.234375 0.214844 0.238281 0.214844 0.242188 0.210938 0.242188 0.199219 0.240234 0.199219 0.238281 0.197266
0 0.175781 0.181641 0.171875 0.185547 0.171875 0.197266 0.173828 0.199219 0.173828 0.201172 0.175781 0.201172 0.177734 0.203125 0.179688 0.203125 0.183594 0.199219 0.183594 0.197266 0.185547 0.195312 0.185547 0.187500 0.183594 0.185547 0.183594 0.183594 0.181641 0.181641
0 0.013672 0.169922 0.013672 0.171875 0.011719 0.173828 0.011719 0.181641 0.015625 0.185547 0.017578 0.185547 0.017578 0.183594 0.019531 0.181641 0.019531 0.173828 0.017578 0.171875 0.017578 0.169922
0 0.515625 0.160156 0.513672 0.162109 0.513672 0.169922 0.517578 0.173828 0.521484 0.169922 0.521484 0.162109 0.519531 0.160156
0 0.125000 0.152344 0.123047 0.154297 0.123047 0.156250 0.121094 0.158203 0.121094 0.167969 0.123047 0.169922 0.123047 0.171875 0.125000 0.173828 0.128906 0.173828 0.132812 0.169922 0.132812 0.156250 0.130859 0.154297 0.130859 0.152344
0 0.191406 0.138672 0.189453 0.140625 0.187500 0.140625 0.185547 0.142578 0.185547 0.144531 0.183594 0.146484 0.183594 0.152344 0.187500 0.156250 0.189453 0.156250 0.191406 0.158203 0.197266 0.158203 0.203125 0.152344 0.203125 0.146484 0.201172 0.144531 0.201172 0.142578 0.197266 0.138672
0 0.250000 0.130859 0.246094 0.134766 0.246094 0.138672 0.244141 0.140625 0.244141 0.142578 0.246094 0.144531 0.246094 0.148438 0.250000 0.152344 0.255859 0.152344 0.257812 0.150391 0.257812 0.148438 0.259766 0.146484 0.259766 0.136719 0.257812 0.134766 0.257812 0.132812 0.255859 0.130859
0 0.001953 0.123047 0.000000 0.125000 0.000000 0.138672 0.003906 0.142578 0.007812 0.142578 0.009766 0.140625 0.011719 0.140625 0.013672 0.138672 0.013672 0.136719 0.015625 0.134766 0.015625 0.128906 0.009766 0.123047