0 0.658203 0.886719 0.656250 0.888672 0.656250 0.894531 0.658203 0.894531 0.660156 0.896484 0.666016 0.896484 0.667969 0.894531 0.667969 0.888672 0.666016 0.886719
0 0.607422 0.839844 0.603516 0.843750 0.603516 0.853516 0.607422 0.857422 0.609375 0.857422 0.611328 0.859375 0.615234 0.859375 0.617188 0.857422 0.619141 0.857422 0.621094 0.855469 0.621094 0.851562 0.623047 0.849609 0.623047 0.847656 0.621094 0.845703 0.621094 0.843750 0.617188 0.839844
0 0.646484 0.833984 0.644531 0.835938 0.642578 0.835938 0.642578 0.837891 0.640625 0.839844 0.640625 0.843750 0.642578 0.845703 0.642578 0.847656 0.644531 0.847656 0.646484 0.849609 0.650391 0.849609 0.652344 0.847656 0.654297 0.847656 0.656250 0.845703 0.656250 0.837891 0.652344 0.833984
0 0.574219 0.828125 0.572266 0.830078 0.570312 0.830078 0.570312 0.837891 0.574219 0.841797 0.580078 0.841797 0.582031 0.839844 0.583984 0.839844 0.583984 0.837891 0.585938 0.835938 0.585938 0.833984 0.583984 0.832031 0.583984 0.830078 0.582031 0.828125
0 0.509766 0.818359 0.507812 0.820312 0.507812 0.826172 0.511719 0.830078 0.513672 0.830078 0.517578 0.826172 0.517578 0.820312 0.515625 0.818359
0 0.833984 0.812500 0.830078 0.816406 0.830078 0.820312 0.833984 0.824219 0.837891 0.824219 0.841797 0.820312 0.841797 0.816406 0.837891 0.812500
0 0.988281 0.802734 0.986328 0.804688 0.986328 0.812500 0.988281 0.814453 0.992188 0.814453 0.994141 0.812500 0.994141 0.804688 0.992188 0.802734
0 0.662109 0.794922 0.660156 0.796875 0.660156 0.804688 0.662109 0.806641 0.669922 0.806641 0.671875 0.804688 0.671875 0.796875 0.669922 0.794922
0 0.980469 0.781250 0.978516 0.783203 0.976562 0.783203 0.976562 0.789062 0.978516 0.791016 0.986328 0.791016 0.988281 0.789062 0.988281 0.785156 0.986328 0.783203 0.984375 0.783203 0.982422 0.781250
0 0.470703 0.767578 0.468750 0.769531 0.466797 0.769531 0.466797 0.775391 0.468750 0.775391 0.470703 0.777344 0.474609 0.777344 0.476562 0.775391 0.476562 0.769531 0.474609 0.767578
0 0.539062 0.736328 0.537109 0.738281 0.537109 0.740234 0.535156 0.742188 0.535156 0.744141 0.537109 0.746094 0.537109 0.748047 0.539062 0.750000 0.544922 0.750000 0.546875 0.748047 0.546875 0.738281 0.544922 0.736328
0 0.632812 0.720703 0.630859 0.722656 0.630859 0.724609 0.628906 0.726562 0.628906 0.728516 0.632812 0.732422 0.640625 0.732422 0.642578 0.730469 0.642578 0.722656 0.640625 0.722656 0.638672 0.720703