0 0.757812 0.599609 0.755859 0.601562 0.755859 0.603516 0.759766 0.607422 0.765625 0.607422 0.767578 0.605469 0.767578 0.601562 0.765625 0.599609
0 0.712891 0.591797 0.710938 0.593750 0.708984 0.593750 0.708984 0.603516 0.710938 0.603516 0.712891 0.605469 0.716797 0.605469 0.718750 0.603516 0.718750 0.593750 0.716797 0.591797
0 0.746094 0.572266 0.744141 0.574219 0.742188 0.574219 0.742188 0.576172 0.740234 0.578125 0.738281 0.578125 0.736328 0.576172 0.730469 0.576172 0.728516 0.578125 0.730469 0.580078 0.730469 0.582031 0.736328 0.582031 0.738281 0.580078 0.740234 0.582031 0.740234 0.583984 0.744141 0.587891 0.751953 0.587891 0.753906 0.585938 0.753906 0.583984 0.755859 0.582031 0.755859 0.580078 0.753906 0.578125 0.753906 0.576172 0.750000 0.572266
0 0.689453 0.376953 0.685547 0.380859 0.685547 0.384766 0.687500 0.386719 0.695312 0.386719 0.697266 0.384766 0.697266 0.378906 0.695312 0.378906 0.693359 0.376953
0 0.431641 0.339844 0.429688 0.341797 0.427734 0.341797 0.427734 0.349609 0.429688 0.349609 0.431641 0.351562 0.443359 0.351562 0.445312 0.349609 0.447266 0.349609 0.447266 0.341797 0.445312 0.341797 0.443359 0.339844
0 0.390625 0.333984 0.388672 0.335938 0.386719 0.335938 0.386719 0.339844 0.390625 0.339844 0.392578 0.341797 0.394531 0.341797 0.396484 0.339844 0.400391 0.339844 0.400391 0.335938 0.398438 0.335938 0.396484 0.333984
0 0.458984 0.296875 0.457031 0.298828 0.457031 0.304688 0.458984 0.306641 0.458984 0.308594 0.462891 0.308594 0.464844 0.306641 0.464844 0.298828 0.462891 0.296875
0 0.972656 0.207031 0.968750 0.210938 0.968750 0.214844 0.970703 0.216797 0.976562 0.216797 0.978516 0.214844 0.978516 0.208984 0.976562 0.208984 0.974609 0.207031
0 0.906250 0.197266 0.904297 0.199219 0.904297 0.207031 0.914062 0.207031 0.914062 0.205078 0.916016 0.203125 0.916016 0.201172 0.912109 0.197266
0 0.869141 0.179688 0.867188 0.181641 0.865234 0.181641 0.865234 0.187500 0.867188 0.189453 0.875000 0.189453 0.876953 0.187500 0.878906 0.187500 0.878906 0.183594 0.876953 0.181641 0.875000 0.181641 0.873047 0.179688
0 0.236328 0.099609 0.234375 0.101562 0.232422 0.101562 0.230469 0.103516 0.228516 0.103516 0.228516 0.105469 0.226562 0.107422 0.226562 0.117188 0.228516 0.119141 0.228516 0.121094 0.230469 0.121094 0.232422 0.123047 0.236328 0.123047 0.238281 0.125000 0.240234 0.125000 0.242188 0.123047 0.246094 0.123047 0.250000 0.119141 0.250000 0.117188 0.251953 0.115234 0.251953 0.109375 0.250000 0.107422 0.250000 0.105469 0.246094 0.101562 0.244141 0.101562 0.242188 0.099609
0 0.179688 0.080078 0.175781 0.083984 0.175781 0.085938 0.177734 0.085938 0.179688 0.087891 0.189453 0.087891 0.191406 0.085938 0.191406 0.082031 0.189453 0.082031 0.187500 0.080078
0 0.257812 0.048828 0.255859 0.050781 0.255859 0.054688 0.257812 0.056641 0.265625 0.056641 0.267578 0.054688 0.267578 0.050781 0.265625 0.048828
0 0.216797 0.039062 0.212891 0.042969 0.212891 0.046875 0.210938 0.048828 0.210938 0.050781 0.212891 0.052734 0.212891 0.054688 0.216797 0.058594 0.226562 0.058594 0.230469 0.054688 0.230469 0.042969 0.226562 0.039062