0 0.781250 0.818359 0.779297 0.820312 0.777344 0.820312 0.777344 0.822266 0.775391 0.824219 0.775391 0.828125 0.777344 0.830078 0.777344 0.832031 0.779297 0.832031 0.781250 0.833984 0.785156 0.833984 0.789062 0.830078 0.789062 0.822266 0.787109 0.820312 0.785156 0.820312 0.783203 0.818359
0 0.427734 0.814453 0.425781 0.816406 0.423828 0.816406 0.421875 0.818359 0.421875 0.828125 0.423828 0.828125 0.425781 0.830078 0.427734 0.830078 0.429688 0.832031 0.431641 0.832031 0.433594 0.830078 0.435547 0.830078 0.439453 0.826172 0.439453 0.818359 0.437500 0.816406 0.433594 0.816406 0.431641 0.814453
0 0.542969 0.806641 0.541016 0.808594 0.539062 0.808594 0.533203 0.814453 0.533203 0.818359 0.535156 0.820312 0.535156 0.822266 0.537109 0.822266 0.541016 0.826172 0.552734 0.826172 0.554688 0.824219 0.556641 0.824219 0.560547 0.820312 0.560547 0.812500 0.558594 0.810547 0.556641 0.810547 0.554688 0.808594 0.552734 0.808594 0.550781 0.806641
0 0.833984 0.804688 0.832031 0.806641 0.832031 0.812500 0.833984 0.812500 0.835938 0.814453 0.841797 0.814453 0.843750 0.812500 0.845703 0.812500 0.845703 0.806641 0.843750 0.804688
0 0.724609 0.804688 0.722656 0.806641 0.720703 0.806641 0.718750 0.808594 0.718750 0.812500 0.716797 0.814453 0.718750 0.816406 0.718750 0.818359 0.720703 0.820312 0.722656 0.820312 0.724609 0.822266 0.740234 0.822266 0.744141 0.818359 0.746094 0.818359 0.746094 0.810547 0.740234 0.804688
0 0.369141 0.804688 0.367188 0.806641 0.367188 0.816406 0.369141 0.818359 0.376953 0.818359 0.378906 0.816406 0.378906 0.806641 0.376953 0.804688
0 0.017578 0.804688 0.015625 0.806641 0.013672 0.806641 0.013672 0.808594 0.011719 0.810547 0.011719 0.820312 0.015625 0.824219 0.017578 0.824219 0.019531 0.826172 0.021484 0.826172 0.023438 0.824219 0.027344 0.824219 0.027344 0.822266 0.029297 0.820312 0.029297 0.818359 0.031250 0.816406 0.031250 0.814453 0.029297 0.812500 0.029297 0.808594 0.025391 0.804688
0 0.880859 0.802734 0.876953 0.806641 0.876953 0.810547 0.878906 0.812500 0.878906 0.814453 0.882812 0.814453 0.884766 0.812500 0.884766 0.810547 0.886719 0.808594 0.884766 0.806641 0.884766 0.804688 0.882812 0.802734
0 0.789062 0.796875 0.787109 0.798828 0.785156 0.798828 0.783203 0.800781 0.783203 0.808594 0.785156 0.810547 0.787109 0.810547 0.789062 0.812500 0.792969 0.812500 0.794922 0.810547 0.796875 0.810547 0.798828 0.808594 0.798828 0.802734 0.796875 0.800781 0.796875 0.798828 0.794922 0.798828 0.792969 0.796875
0 0.099609 0.796875 0.091797 0.804688 0.091797 0.810547 0.099609 0.818359 0.111328 0.818359 0.113281 0.816406 0.115234 0.816406 0.121094 0.810547 0.121094 0.804688 0.115234 0.798828 0.113281 0.798828 0.111328 0.796875
0 0.947266 0.791016 0.943359 0.794922 0.943359 0.798828 0.945312 0.800781 0.943359 0.802734 0.937500 0.802734 0.937500 0.804688 0.935547 0.806641 0.935547 0.810547 0.937500 0.812500 0.937500 0.814453 0.943359 0.814453 0.945312 0.812500 0.945312 0.804688 0.943359 0.802734 0.945312 0.800781 0.947266 0.800781 0.949219 0.802734 0.955078 0.802734 0.957031 0.800781 0.958984 0.800781 0.960938 0.798828 0.960938 0.794922 0.957031 0.791016
0 0.843750 0.777344 0.839844 0.781250 0.839844 0.787109 0.841797 0.789062 0.843750 0.789062 0.845703 0.791016 0.847656 0.791016 0.849609 0.789062 0.851562 0.789062 0.851562 0.787109 0.853516 0.785156 0.853516 0.781250 0.849609 0.777344
0 0.095703 0.759766 0.093750 0.761719 0.093750 0.773438 0.095703 0.775391 0.097656 0.775391 0.097656 0.773438 0.099609 0.771484 0.099609 0.763672 0.097656 0.761719 0.097656 0.759766
0 0.023438 0.759766 0.023438 0.761719 0.021484 0.763672 0.021484 0.775391 0.025391 0.779297 0.029297 0.779297 0.033203 0.775391 0.033203 0.763672 0.031250 0.761719 0.031250 0.759766
0 0.083984 0.683594 0.080078 0.687500 0.080078 0.689453 0.078125 0.691406 0.078125 0.703125 0.080078 0.705078 0.080078 0.707031 0.083984 0.710938 0.085938 0.710938 0.087891 0.708984 0.089844 0.708984 0.091797 0.707031 0.091797 0.705078 0.093750 0.703125 0.093750 0.691406 0.091797 0.689453 0.091797 0.687500 0.089844 0.685547 0.087891 0.685547 0.085938 0.683594
0 0.083984 0.644531 0.082031 0.646484 0.082031 0.650391 0.080078 0.652344 0.080078 0.658203 0.082031 0.660156 0.082031 0.666016 0.085938 0.666016 0.087891 0.664062 0.087891 0.646484 0.085938 0.644531
0 0.804688 0.583984 0.798828 0.589844 0.798828 0.595703 0.800781 0.597656 0.800781 0.599609 0.802734 0.601562 0.810547 0.601562 0.812500 0.599609 0.812500 0.597656 0.814453 0.595703 0.814453 0.591797 0.812500 0.589844 0.812500 0.587891 0.808594 0.583984
0 0.761719 0.529297 0.761719 0.533203 0.759766 0.535156 0.759766 0.542969 0.761719 0.544922 0.761719 0.546875 0.763672 0.548828 0.765625 0.548828 0.769531 0.544922 0.769531 0.533203 0.767578 0.531250 0.767578 0.529297
0 0.658203 0.529297 0.658203 0.531250 0.656250 0.533203 0.656250 0.535156 0.658203 0.537109 0.656250 0.539062 0.654297 0.539062 0.652344 0.537109 0.648438 0.537109 0.644531 0.541016 0.644531 0.548828 0.646484 0.550781 0.648438 0.550781 0.650391 0.552734 0.652344 0.550781 0.654297 0.550781 0.656250 0.548828 0.656250 0.539062 0.658203 0.537109 0.660156 0.537109 0.662109 0.539062 0.664062 0.539062 0.666016 0.537109 0.667969 0.537109 0.667969 0.531250 0.666016 0.529297
0 0.005859 0.527344 0.000000 0.533203 0.000000 0.542969 0.005859 0.548828 0.015625 0.548828 0.021484 0.542969 0.021484 0.533203 0.015625 0.527344
0 0.011719 0.490234 0.007812 0.494141 0.007812 0.498047 0.005859 0.500000 0.005859 0.511719 0.007812 0.513672 0.007812 0.515625 0.011719 0.519531 0.015625 0.519531 0.017578 0.517578 0.019531 0.517578 0.019531 0.513672 0.021484 0.511719 0.021484 0.498047 0.019531 0.496094 0.019531 0.494141 0.015625 0.490234
0 0.000000 0.460938 0.000000 0.476562 0.003906 0.476562 0.009766 0.470703 0.009766 0.464844 0.005859 0.460938
0 0.496094 0.441406 0.494141 0.443359 0.492188 0.443359 0.492188 0.453125 0.494141 0.455078 0.503906 0.455078 0.503906 0.453125 0.505859 0.451172 0.505859 0.445312 0.501953 0.441406