0 0.847656 0.974609 0.845703 0.976562 0.843750 0.976562 0.837891 0.982422 0.837891 0.984375 0.835938 0.986328 0.835938 0.996094 0.837891 0.998047 0.873047 0.998047 0.875000 0.996094 0.875000 0.986328 0.873047 0.984375 0.873047 0.982422 0.867188 0.976562 0.865234 0.976562 0.863281 0.974609
0 0.484375 0.931641 0.482422 0.933594 0.480469 0.933594 0.474609 0.939453 0.474609 0.943359 0.472656 0.945312 0.472656 0.953125 0.474609 0.955078 0.474609 0.957031 0.476562 0.958984 0.476562 0.960938 0.480469 0.964844 0.484375 0.964844 0.486328 0.966797 0.492188 0.966797 0.494141 0.964844 0.498047 0.964844 0.501953 0.960938 0.501953 0.958984 0.503906 0.957031 0.503906 0.955078 0.505859 0.953125 0.505859 0.945312 0.503906 0.943359 0.503906 0.939453 0.498047 0.933594 0.496094 0.933594 0.494141 0.931641
0 0.748047 0.880859 0.746094 0.882812 0.742188 0.882812 0.734375 0.890625 0.734375 0.898438 0.740234 0.904297 0.742188 0.904297 0.744141 0.906250 0.757812 0.906250 0.759766 0.904297 0.761719 0.904297 0.765625 0.900391 0.765625 0.896484 0.767578 0.894531 0.767578 0.892578 0.765625 0.890625 0.765625 0.888672 0.761719 0.884766 0.759766 0.884766 0.757812 0.882812 0.753906 0.882812 0.751953 0.880859
0 0.908203 0.857422 0.902344 0.863281 0.900391 0.863281 0.900391 0.865234 0.898438 0.867188 0.898438 0.873047 0.896484 0.875000 0.896484 0.884766 0.898438 0.886719 0.898438 0.890625 0.900391 0.892578 0.900391 0.894531 0.902344 0.896484 0.904297 0.896484 0.906250 0.898438 0.906250 0.900391 0.910156 0.900391 0.912109 0.902344 0.916016 0.902344 0.917969 0.900391 0.921875 0.900391 0.927734 0.894531 0.927734 0.892578 0.929688 0.890625 0.929688 0.888672 0.931641 0.886719 0.931641 0.871094 0.929688 0.869141 0.929688 0.867188 0.927734 0.865234 0.927734 0.863281 0.925781 0.863281 0.923828 0.861328 0.923828 0.859375 0.921875 0.859375 0.919922 0.857422
0 0.820312 0.857422 0.818359 0.859375 0.816406 0.859375 0.810547 0.865234 0.810547 0.869141 0.808594 0.871094 0.808594 0.875000 0.810547 0.876953 0.810547 0.880859 0.816406 0.886719 0.820312 0.886719 0.822266 0.888672 0.826172 0.888672 0.828125 0.886719 0.832031 0.886719 0.837891 0.880859 0.837891 0.878906 0.839844 0.876953 0.839844 0.869141 0.837891 0.867188 0.837891 0.865234 0.832031 0.859375 0.830078 0.859375 0.828125 0.857422
0 0.732422 0.648438 0.730469 0.650391 0.728516 0.650391 0.728516 0.652344 0.730469 0.654297 0.740234 0.654297 0.742188 0.656250 0.750000 0.656250 0.751953 0.654297 0.761719 0.654297 0.763672 0.652344 0.763672 0.650391 0.759766 0.650391 0.757812 0.648438
0 0.896484 0.601562 0.890625 0.607422 0.890625 0.613281 0.888672 0.615234 0.888672 0.621094 0.890625 0.623047 0.890625 0.626953 0.892578 0.628906 0.892578 0.630859 0.896484 0.634766 0.902344 0.634766 0.906250 0.630859 0.906250 0.628906 0.908203 0.626953 0.908203 0.621094 0.910156 0.619141 0.910156 0.617188 0.908203 0.615234 0.908203 0.607422 0.902344 0.601562
0 0.671875 0.562500 0.669922 0.564453 0.667969 0.564453 0.666016 0.566406 0.664062 0.566406 0.662109 0.568359 0.662109 0.570312 0.660156 0.572266 0.660156 0.583984 0.664062 0.587891 0.664062 0.589844 0.666016 0.589844 0.667969 0.591797 0.671875 0.591797 0.673828 0.593750 0.677734 0.593750 0.679688 0.591797 0.683594 0.591797 0.691406 0.583984 0.691406 0.572266 0.689453 0.570312 0.689453 0.568359 0.687500 0.568359 0.683594 0.564453 0.681641 0.564453 0.679688 0.562500
0 0.839844 0.517578 0.833984 0.523438 0.833984 0.535156 0.839844 0.541016 0.851562 0.541016 0.857422 0.535156 0.857422 0.523438 0.851562 0.517578
0 0.830078 0.402344 0.826172 0.406250 0.824219 0.406250 0.824219 0.408203 0.822266 0.410156 0.822266 0.412109 0.820312 0.414062 0.820312 0.421875 0.822266 0.423828 0.822266 0.425781 0.824219 0.427734 0.824219 0.429688 0.826172 0.429688 0.830078 0.433594 0.843750 0.433594 0.847656 0.429688 0.849609 0.429688 0.849609 0.427734 0.851562 0.425781 0.851562 0.423828 0.853516 0.421875 0.853516 0.414062 0.851562 0.412109 0.851562 0.410156 0.849609 0.408203 0.849609 0.406250 0.847656 0.406250 0.843750 0.402344
0 0.609375 0.394531 0.607422 0.396484 0.603516 0.396484 0.601562 0.398438 0.597656 0.398438 0.595703 0.400391 0.595703 0.404297 0.599609 0.408203 0.603516 0.408203 0.605469 0.410156 0.613281 0.410156 0.615234 0.412109 0.630859 0.412109 0.632812 0.410156 0.640625 0.410156 0.642578 0.408203 0.646484 0.408203 0.650391 0.404297 0.650391 0.400391 0.648438 0.398438 0.644531 0.398438 0.642578 0.396484 0.638672 0.396484 0.636719 0.394531
0 0.929688 0.392578 0.925781 0.396484 0.923828 0.396484 0.923828 0.398438 0.921875 0.400391 0.921875 0.402344 0.919922 0.404297 0.919922 0.406250 0.917969 0.408203 0.917969 0.419922 0.919922 0.421875 0.919922 0.423828 0.921875 0.425781 0.921875 0.427734 0.923828 0.429688 0.923828 0.431641 0.925781 0.431641 0.929688 0.435547 0.935547 0.435547 0.937500 0.433594 0.939453 0.433594 0.943359 0.429688 0.943359 0.427734 0.945312 0.425781 0.945312 0.423828 0.947266 0.421875 0.947266 0.406250 0.945312 0.404297 0.945312 0.402344 0.943359 0.400391 0.943359 0.398438 0.939453 0.394531 0.937500 0.394531 0.935547 0.392578
0 0.787109 0.281250 0.785156 0.283203 0.783203 0.283203 0.779297 0.287109 0.779297 0.289062 0.777344 0.291016 0.777344 0.294922 0.779297 0.296875 0.779297 0.298828 0.783203 0.302734 0.785156 0.302734 0.787109 0.304688 0.792969 0.304688 0.794922 0.302734 0.798828 0.302734 0.800781 0.300781 0.800781 0.298828 0.802734 0.296875 0.802734 0.289062 0.800781 0.287109 0.800781 0.285156 0.798828 0.283203 0.796875 0.283203 0.794922 0.281250
0 0.898438 0.275391 0.896484 0.277344 0.892578 0.277344 0.886719 0.283203 0.886719 0.285156 0.884766 0.287109 0.884766 0.289062 0.886719 0.291016 0.886719 0.292969 0.892578 0.298828 0.896484 0.298828 0.898438 0.300781 0.908203 0.300781 0.910156 0.298828 0.914062 0.298828 0.919922 0.292969 0.919922 0.283203 0.914062 0.277344 0.910156 0.277344 0.908203 0.275391
0 0.804688 0.158203 0.802734 0.160156 0.796875 0.160156 0.791016 0.166016 0.791016 0.175781 0.794922 0.179688 0.796875 0.179688 0.798828 0.181641 0.810547 0.181641 0.812500 0.179688 0.814453 0.179688 0.816406 0.177734 0.816406 0.175781 0.818359 0.173828 0.818359 0.166016 0.814453 0.162109 0.812500 0.162109 0.810547 0.160156 0.806641 0.160156