0 0.652344 0.738281 0.650391 0.740234 0.650391 0.744141 0.654297 0.748047 0.658203 0.748047 0.660156 0.746094 0.662109 0.746094 0.664062 0.744141 0.664062 0.742188 0.662109 0.740234 0.662109 0.738281
0 0.744141 0.710938 0.742188 0.712891 0.742188 0.714844 0.740234 0.716797 0.740234 0.718750 0.742188 0.720703 0.742188 0.722656 0.744141 0.724609 0.750000 0.724609 0.753906 0.720703 0.753906 0.714844 0.751953 0.712891 0.751953 0.710938
0 0.617188 0.634766 0.615234 0.636719 0.609375 0.636719 0.605469 0.640625 0.603516 0.640625 0.597656 0.646484 0.597656 0.648438 0.595703 0.650391 0.595703 0.658203 0.597656 0.660156 0.597656 0.662109 0.603516 0.667969 0.605469 0.667969 0.607422 0.669922 0.611328 0.669922 0.613281 0.671875 0.617188 0.671875 0.619141 0.673828 0.632812 0.673828 0.634766 0.671875 0.642578 0.671875 0.644531 0.669922 0.646484 0.669922 0.648438 0.667969 0.650391 0.667969 0.658203 0.660156 0.658203 0.648438 0.654297 0.644531 0.654297 0.642578 0.652344 0.642578 0.648438 0.638672 0.644531 0.638672 0.642578 0.636719 0.638672 0.636719 0.636719 0.634766
0 0.738281 0.625000 0.736328 0.626953 0.732422 0.626953 0.728516 0.630859 0.728516 0.632812 0.726562 0.634766 0.726562 0.638672 0.728516 0.640625 0.728516 0.642578 0.732422 0.646484 0.734375 0.646484 0.736328 0.648438 0.746094 0.648438 0.750000 0.644531 0.751953 0.644531 0.751953 0.642578 0.753906 0.640625 0.753906 0.632812 0.751953 0.630859 0.751953 0.628906 0.750000 0.628906 0.748047 0.626953 0.746094 0.626953 0.744141 0.625000
0 0.695312 0.589844 0.693359 0.591797 0.689453 0.591797 0.687500 0.593750 0.685547 0.593750 0.681641 0.597656 0.681641 0.601562 0.679688 0.603516 0.681641 0.605469 0.681641 0.607422 0.687500 0.613281 0.691406 0.613281 0.693359 0.615234 0.703125 0.615234 0.705078 0.613281 0.707031 0.613281 0.708984 0.611328 0.710938 0.611328 0.714844 0.607422 0.714844 0.599609 0.710938 0.595703 0.710938 0.593750 0.708984 0.593750 0.707031 0.591797 0.701172 0.591797 0.699219 0.589844
0 0.734375 0.527344 0.732422 0.529297 0.732422 0.531250 0.730469 0.533203 0.730469 0.535156 0.732422 0.537109 0.732422 0.539062 0.734375 0.541016 0.742188 0.541016 0.744141 0.539062 0.744141 0.531250 0.740234 0.527344
0 0.548828 0.482422 0.546875 0.484375 0.542969 0.484375 0.539062 0.488281 0.539062 0.498047 0.541016 0.498047 0.544922 0.501953 0.546875 0.501953 0.548828 0.503906 0.554688 0.503906 0.556641 0.501953 0.560547 0.501953 0.564453 0.498047 0.564453 0.496094 0.566406 0.494141 0.566406 0.490234 0.560547 0.484375 0.558594 0.484375 0.556641 0.482422
0 0.492188 0.433594 0.490234 0.435547 0.488281 0.435547 0.482422 0.441406 0.482422 0.451172 0.486328 0.455078 0.488281 0.455078 0.490234 0.457031 0.505859 0.457031 0.513672 0.449219 0.513672 0.441406 0.507812 0.435547 0.503906 0.435547 0.501953 0.433594
0 0.537109 0.419922 0.533203 0.423828 0.535156 0.425781 0.535156 0.427734 0.537109 0.429688 0.544922 0.429688 0.548828 0.425781 0.548828 0.421875 0.546875 0.421875 0.544922 0.419922
0 0.720703 0.416016 0.716797 0.419922 0.716797 0.421875 0.714844 0.423828 0.714844 0.427734 0.716797 0.429688 0.716797 0.431641 0.718750 0.433594 0.720703 0.433594 0.722656 0.435547 0.728516 0.435547 0.730469 0.433594 0.732422 0.433594 0.734375 0.431641 0.734375 0.429688 0.736328 0.427734 0.736328 0.421875 0.730469 0.416016
0 0.710938 0.310547 0.708984 0.312500 0.707031 0.312500 0.701172 0.318359 0.701172 0.320312 0.699219 0.322266 0.699219 0.324219 0.697266 0.326172 0.697266 0.335938 0.699219 0.337891 0.699219 0.341797 0.701172 0.343750 0.701172 0.345703 0.703125 0.345703 0.705078 0.347656 0.705078 0.349609 0.707031 0.351562 0.708984 0.351562 0.710938 0.353516 0.722656 0.353516 0.724609 0.351562 0.726562 0.351562 0.734375 0.343750 0.734375 0.339844 0.736328 0.337891 0.736328 0.324219 0.734375 0.322266 0.734375 0.320312 0.732422 0.318359 0.732422 0.316406 0.730469 0.316406 0.726562 0.312500 0.724609 0.312500 0.722656 0.310547
0 0.515625 0.263672 0.513672 0.265625 0.511719 0.265625 0.509766 0.267578 0.507812 0.267578 0.505859 0.269531 0.505859 0.271484 0.503906 0.273438 0.505859 0.275391 0.505859 0.277344 0.507812 0.279297 0.509766 0.279297 0.511719 0.281250 0.515625 0.281250 0.517578 0.283203 0.531250 0.283203 0.533203 0.281250 0.537109 0.281250 0.539062 0.279297 0.541016 0.279297 0.542969 0.277344 0.542969 0.269531 0.541016 0.267578 0.539062 0.267578 0.537109 0.265625 0.535156 0.265625 0.533203 0.263672
0 0.705078 0.166016 0.703125 0.167969 0.699219 0.167969 0.693359 0.173828 0.693359 0.185547 0.695312 0.187500 0.695312 0.189453 0.697266 0.189453 0.701172 0.193359 0.703125 0.193359 0.705078 0.195312 0.714844 0.195312 0.716797 0.193359 0.718750 0.193359 0.722656 0.189453 0.724609 0.189453 0.724609 0.187500 0.726562 0.185547 0.726562 0.175781 0.724609 0.173828 0.724609 0.171875 0.720703 0.167969 0.716797 0.167969 0.714844 0.166016
0 0.501953 0.158203 0.500000 0.160156 0.496094 0.160156 0.492188 0.164062 0.492188 0.167969 0.494141 0.169922 0.496094 0.169922 0.498047 0.171875 0.501953 0.171875 0.503906 0.173828 0.509766 0.173828 0.511719 0.171875 0.517578 0.171875 0.521484 0.167969 0.521484 0.162109 0.519531 0.162109 0.517578 0.160156 0.515625 0.160156 0.513672 0.158203
0 0.683594 0.000000 0.683594 0.001953 0.685547 0.001953 0.687500 0.003906 0.687500 0.005859 0.693359 0.011719 0.697266 0.011719 0.699219 0.013672 0.720703 0.013672 0.722656 0.011719 0.726562 0.011719 0.732422 0.005859 0.732422 0.003906 0.734375 0.001953 0.736328 0.001953 0.736328 0.000000