0 0.046875 0.751953 0.044922 0.753906 0.039062 0.753906 0.037109 0.755859 0.033203 0.755859 0.031250 0.757812 0.029297 0.757812 0.027344 0.759766 0.027344 0.765625 0.031250 0.769531 0.033203 0.769531 0.035156 0.771484 0.041016 0.771484 0.042969 0.773438 0.072266 0.773438 0.074219 0.771484 0.076172 0.771484 0.078125 0.769531 0.080078 0.769531 0.082031 0.767578 0.083984 0.767578 0.085938 0.765625 0.085938 0.761719 0.082031 0.757812 0.080078 0.757812 0.078125 0.755859 0.076172 0.755859 0.074219 0.753906 0.068359 0.753906 0.066406 0.751953
0 0.289062 0.707031 0.287109 0.708984 0.281250 0.708984 0.279297 0.710938 0.275391 0.710938 0.271484 0.714844 0.269531 0.714844 0.265625 0.718750 0.265625 0.720703 0.263672 0.722656 0.263672 0.734375 0.265625 0.736328 0.265625 0.738281 0.269531 0.742188 0.271484 0.742188 0.275391 0.746094 0.277344 0.746094 0.279297 0.748047 0.283203 0.748047 0.285156 0.750000 0.310547 0.750000 0.312500 0.748047 0.314453 0.748047 0.316406 0.746094 0.320312 0.746094 0.330078 0.736328 0.330078 0.734375 0.332031 0.732422 0.332031 0.726562 0.330078 0.724609 0.330078 0.720703 0.326172 0.716797 0.324219 0.716797 0.318359 0.710938 0.316406 0.710938 0.314453 0.708984 0.308594 0.708984 0.306641 0.707031
0 0.623047 0.703125 0.621094 0.705078 0.617188 0.705078 0.615234 0.707031 0.613281 0.707031 0.611328 0.708984 0.609375 0.708984 0.607422 0.710938 0.607422 0.712891 0.603516 0.716797 0.603516 0.718750 0.601562 0.720703 0.601562 0.730469 0.603516 0.732422 0.603516 0.734375 0.607422 0.738281 0.607422 0.740234 0.611328 0.744141 0.615234 0.744141 0.617188 0.746094 0.619141 0.746094 0.621094 0.748047 0.632812 0.748047 0.634766 0.746094 0.636719 0.746094 0.638672 0.744141 0.640625 0.744141 0.650391 0.734375 0.650391 0.730469 0.652344 0.728516 0.652344 0.722656 0.650391 0.720703 0.650391 0.716797 0.642578 0.708984 0.640625 0.708984 0.636719 0.705078 0.632812 0.705078 0.630859 0.703125
0 0.435547 0.703125 0.433594 0.705078 0.427734 0.705078 0.425781 0.707031 0.423828 0.707031 0.416016 0.714844 0.416016 0.724609 0.421875 0.730469 0.423828 0.730469 0.425781 0.732422 0.427734 0.732422 0.429688 0.734375 0.449219 0.734375 0.451172 0.732422 0.453125 0.732422 0.455078 0.730469 0.457031 0.730469 0.460938 0.726562 0.460938 0.724609 0.462891 0.722656 0.462891 0.716797 0.460938 0.714844 0.460938 0.712891 0.455078 0.707031 0.453125 0.707031 0.451172 0.705078 0.443359 0.705078 0.441406 0.703125
0 0.767578 0.619141 0.765625 0.621094 0.759766 0.621094 0.755859 0.625000 0.753906 0.625000 0.750000 0.628906 0.750000 0.630859 0.748047 0.632812 0.748047 0.644531 0.750000 0.646484 0.750000 0.648438 0.751953 0.648438 0.757812 0.654297 0.761719 0.654297 0.763672 0.656250 0.787109 0.656250 0.789062 0.654297 0.791016 0.654297 0.792969 0.652344 0.794922 0.652344 0.802734 0.644531 0.802734 0.632812 0.798828 0.628906 0.798828 0.626953 0.796875 0.625000 0.794922 0.625000 0.792969 0.623047 0.791016 0.623047 0.789062 0.621094 0.783203 0.621094 0.781250 0.619141
0 0.125000 0.531250 0.121094 0.535156 0.119141 0.535156 0.111328 0.542969 0.111328 0.544922 0.109375 0.546875 0.109375 0.548828 0.107422 0.550781 0.107422 0.552734 0.105469 0.554688 0.105469 0.576172 0.107422 0.578125 0.107422 0.582031 0.109375 0.583984 0.109375 0.587891 0.121094 0.599609 0.125000 0.599609 0.126953 0.601562 0.142578 0.601562 0.144531 0.599609 0.146484 0.599609 0.160156 0.585938 0.160156 0.582031 0.162109 0.580078 0.162109 0.578125 0.164062 0.576172 0.164062 0.556641 0.162109 0.554688 0.162109 0.550781 0.158203 0.546875 0.158203 0.542969 0.150391 0.535156 0.148438 0.535156 0.146484 0.533203 0.144531 0.533203 0.142578 0.531250
0 0.646484 0.529297 0.644531 0.531250 0.642578 0.531250 0.636719 0.537109 0.634766 0.537109 0.634766 0.539062 0.632812 0.541016 0.632812 0.546875 0.630859 0.548828 0.630859 0.552734 0.632812 0.554688 0.632812 0.560547 0.634766 0.562500 0.634766 0.564453 0.636719 0.564453 0.642578 0.570312 0.644531 0.570312 0.646484 0.572266 0.660156 0.572266 0.662109 0.570312 0.664062 0.570312 0.669922 0.564453 0.671875 0.564453 0.671875 0.562500 0.673828 0.560547 0.673828 0.554688 0.675781 0.552734 0.675781 0.548828 0.673828 0.546875 0.673828 0.541016 0.671875 0.539062 0.671875 0.537109 0.669922 0.537109 0.664062 0.531250 0.662109 0.531250 0.660156 0.529297
0 0.425781 0.527344 0.423828 0.529297 0.419922 0.529297 0.416016 0.533203 0.414062 0.533203 0.410156 0.537109 0.410156 0.539062 0.408203 0.541016 0.408203 0.554688 0.410156 0.556641 0.410156 0.558594 0.412109 0.560547 0.414062 0.560547 0.417969 0.564453 0.419922 0.564453 0.421875 0.566406 0.423828 0.566406 0.425781 0.568359 0.433594 0.568359 0.435547 0.566406 0.439453 0.566406 0.441406 0.564453 0.443359 0.564453 0.449219 0.558594 0.449219 0.556641 0.451172 0.554688 0.451172 0.541016 0.449219 0.539062 0.449219 0.537109 0.441406 0.529297 0.437500 0.529297 0.435547 0.527344
0 0.251953 0.515625 0.250000 0.517578 0.248047 0.517578 0.242188 0.523438 0.242188 0.525391 0.240234 0.527344 0.240234 0.531250 0.242188 0.533203 0.242188 0.535156 0.246094 0.539062 0.248047 0.539062 0.250000 0.541016 0.251953 0.541016 0.253906 0.542969 0.267578 0.542969 0.269531 0.541016 0.273438 0.541016 0.281250 0.533203 0.281250 0.525391 0.279297 0.523438 0.279297 0.521484 0.277344 0.521484 0.275391 0.519531 0.275391 0.517578 0.271484 0.517578 0.269531 0.515625
0 0.443359 0.410156 0.441406 0.412109 0.439453 0.412109 0.437500 0.414062 0.435547 0.414062 0.431641 0.417969 0.431641 0.419922 0.429688 0.421875 0.429688 0.429688 0.431641 0.431641 0.431641 0.433594 0.435547 0.437500 0.437500 0.437500 0.439453 0.439453 0.441406 0.439453 0.443359 0.441406 0.455078 0.441406 0.457031 0.439453 0.458984 0.439453 0.464844 0.433594 0.464844 0.431641 0.466797 0.429688 0.466797 0.421875 0.464844 0.419922 0.464844 0.417969 0.458984 0.412109 0.457031 0.412109 0.455078 0.410156
0 0.195312 0.386719 0.193359 0.388672 0.191406 0.388672 0.189453 0.390625 0.187500 0.390625 0.183594 0.394531 0.183594 0.396484 0.181641 0.398438 0.181641 0.400391 0.179688 0.402344 0.179688 0.410156 0.183594 0.414062 0.183594 0.416016 0.187500 0.419922 0.189453 0.419922 0.191406 0.421875 0.193359 0.421875 0.195312 0.423828 0.210938 0.423828 0.212891 0.421875 0.214844 0.421875 0.216797 0.419922 0.218750 0.419922 0.222656 0.416016 0.222656 0.414062 0.224609 0.412109 0.226562 0.412109 0.226562 0.400391 0.222656 0.396484 0.222656 0.394531 0.218750 0.390625 0.216797 0.390625 0.214844 0.388672 0.212891 0.388672 0.210938 0.386719
0 0.751953 0.357422 0.750000 0.359375 0.748047 0.359375 0.742188 0.365234 0.742188 0.367188 0.736328 0.373047 0.736328 0.375000 0.734375 0.376953 0.734375 0.380859 0.732422 0.382812 0.732422 0.408203 0.734375 0.410156 0.734375 0.414062 0.736328 0.416016 0.736328 0.419922 0.742188 0.425781 0.742188 0.427734 0.746094 0.431641 0.748047 0.431641 0.750000 0.433594 0.753906 0.433594 0.755859 0.435547 0.763672 0.435547 0.765625 0.433594 0.767578 0.433594 0.769531 0.431641 0.771484 0.431641 0.783203 0.419922 0.783203 0.416016 0.785156 0.414062 0.785156 0.410156 0.787109 0.408203 0.787109 0.382812 0.785156 0.380859 0.785156 0.376953 0.783203 0.375000 0.783203 0.373047 0.769531 0.359375 0.767578 0.359375 0.765625 0.357422
0 0.007812 0.302734 0.005859 0.304688 0.001953 0.304688 0.000000 0.306641 0.000000 0.388672 0.001953 0.390625 0.005859 0.390625 0.007812 0.392578 0.027344 0.392578 0.029297 0.390625 0.033203 0.390625 0.035156 0.388672 0.039062 0.388672 0.044922 0.382812 0.046875 0.382812 0.058594 0.371094 0.058594 0.367188 0.062500 0.363281 0.062500 0.357422 0.064453 0.355469 0.064453 0.339844 0.062500 0.337891 0.062500 0.332031 0.058594 0.328125 0.058594 0.324219 0.044922 0.310547 0.042969 0.310547 0.039062 0.306641 0.035156 0.306641 0.033203 0.304688 0.029297 0.304688 0.027344 0.302734
0 0.437500 0.265625 0.435547 0.267578 0.431641 0.267578 0.429688 0.269531 0.425781 0.269531 0.421875 0.273438 0.419922 0.273438 0.414062 0.279297 0.414062 0.281250 0.412109 0.283203 0.412109 0.285156 0.410156 0.287109 0.410156 0.304688 0.412109 0.306641 0.412109 0.308594 0.414062 0.310547 0.414062 0.312500 0.417969 0.316406 0.419922 0.316406 0.425781 0.322266 0.427734 0.322266 0.429688 0.324219 0.433594 0.324219 0.435547 0.326172 0.447266 0.326172 0.449219 0.324219 0.453125 0.324219 0.457031 0.320312 0.458984 0.320312 0.468750 0.310547 0.468750 0.306641 0.470703 0.304688 0.470703 0.300781 0.472656 0.298828 0.472656 0.292969 0.470703 0.291016 0.470703 0.287109 0.468750 0.285156 0.468750 0.281250 0.457031 0.269531 0.453125 0.269531 0.451172 0.267578 0.447266 0.267578 0.445312 0.265625
0 0.630859 0.234375 0.628906 0.236328 0.625000 0.236328 0.621094 0.240234 0.619141 0.240234 0.617188 0.242188 0.617188 0.244141 0.613281 0.248047 0.613281 0.251953 0.611328 0.253906 0.611328 0.255859 0.609375 0.257812 0.609375 0.265625 0.607422 0.267578 0.607422 0.279297 0.609375 0.281250 0.609375 0.287109 0.611328 0.289062 0.611328 0.292969 0.613281 0.294922 0.613281 0.296875 0.621094 0.304688 0.621094 0.306641 0.623047 0.306641 0.625000 0.308594 0.626953 0.308594 0.628906 0.310547 0.636719 0.310547 0.638672 0.308594 0.642578 0.308594 0.646484 0.304688 0.646484 0.302734 0.652344 0.296875 0.652344 0.294922 0.654297 0.292969 0.654297 0.289062 0.656250 0.287109 0.656250 0.283203 0.658203 0.281250 0.658203 0.261719 0.656250 0.259766 0.656250 0.257812 0.654297 0.255859 0.654297 0.251953 0.652344 0.250000 0.652344 0.248047 0.642578 0.238281 0.640625 0.238281 0.638672 0.236328 0.636719 0.236328 0.634766 0.234375
0 0.250000 0.203125 0.248047 0.205078 0.242188 0.205078 0.240234 0.207031 0.236328 0.207031 0.234375 0.208984 0.232422 0.208984 0.228516 0.212891 0.226562 0.212891 0.226562 0.214844 0.224609 0.216797 0.224609 0.228516 0.226562 0.230469 0.226562 0.232422 0.228516 0.232422 0.232422 0.236328 0.236328 0.236328 0.238281 0.238281 0.240234 0.238281 0.242188 0.240234 0.250000 0.240234 0.251953 0.242188 0.257812 0.242188 0.259766 0.240234 0.267578 0.240234 0.269531 0.238281 0.271484 0.238281 0.273438 0.236328 0.277344 0.236328 0.281250 0.232422 0.283203 0.232422 0.283203 0.230469 0.285156 0.228516 0.285156 0.224609 0.287109 0.222656 0.285156 0.220703 0.285156 0.216797 0.283203 0.214844 0.283203 0.212891 0.281250 0.212891 0.277344 0.208984 0.275391 0.208984 0.273438 0.207031 0.269531 0.207031 0.267578 0.205078 0.261719 0.205078 0.259766 0.203125
0 0.751953 0.189453 0.750000 0.191406 0.746094 0.191406 0.744141 0.193359 0.742188 0.193359 0.738281 0.197266 0.738281 0.199219 0.734375 0.203125 0.734375 0.207031 0.732422 0.208984 0.732422 0.226562 0.734375 0.228516 0.734375 0.232422 0.738281 0.236328 0.738281 0.238281 0.740234 0.240234 0.742188 0.240234 0.746094 0.244141 0.748047 0.244141 0.750000 0.246094 0.759766 0.246094 0.761719 0.244141 0.763672 0.244141 0.765625 0.242188 0.767578 0.242188 0.771484 0.238281 0.771484 0.236328 0.775391 0.232422 0.775391 0.228516 0.777344 0.226562 0.777344 0.220703 0.779297 0.218750 0.779297 0.216797 0.777344 0.214844 0.777344 0.208984 0.775391 0.207031 0.775391 0.203125 0.771484 0.199219 0.771484 0.197266 0.765625 0.191406 0.759766 0.191406 0.757812 0.189453
0 0.455078 0.156250 0.453125 0.158203 0.451172 0.158203 0.449219 0.160156 0.447266 0.160156 0.445312 0.162109 0.445312 0.164062 0.443359 0.166016 0.443359 0.169922 0.445312 0.171875 0.445312 0.173828 0.447266 0.175781 0.449219 0.175781 0.451172 0.177734 0.453125 0.177734 0.455078 0.179688 0.474609 0.179688 0.476562 0.177734 0.478516 0.177734 0.484375 0.171875 0.484375 0.164062 0.478516 0.158203 0.476562 0.158203 0.474609 0.156250