0 0.138672 0.826172 0.136719 0.828125 0.132812 0.828125 0.130859 0.830078 0.130859 0.841797 0.132812 0.843750 0.134766 0.843750 0.136719 0.845703 0.140625 0.845703 0.142578 0.843750 0.144531 0.843750 0.148438 0.839844 0.148438 0.833984 0.146484 0.832031 0.146484 0.830078 0.144531 0.828125 0.140625 0.828125
0 0.488281 0.695312 0.484375 0.699219 0.484375 0.701172 0.482422 0.703125 0.482422 0.707031 0.484375 0.708984 0.484375 0.710938 0.488281 0.714844 0.490234 0.714844 0.494141 0.710938 0.494141 0.699219 0.490234 0.695312
0 0.464844 0.677734 0.462891 0.679688 0.462891 0.681641 0.460938 0.683594 0.460938 0.703125 0.462891 0.705078 0.462891 0.707031 0.464844 0.708984 0.466797 0.708984 0.470703 0.705078 0.470703 0.697266 0.472656 0.695312 0.472656 0.689453 0.470703 0.687500 0.470703 0.681641 0.466797 0.677734
0 0.238281 0.673828 0.238281 0.675781 0.236328 0.677734 0.236328 0.681641 0.234375 0.683594 0.234375 0.693359 0.236328 0.695312 0.236328 0.701172 0.238281 0.703125 0.238281 0.705078 0.242188 0.705078 0.244141 0.703125 0.244141 0.701172 0.246094 0.699219 0.246094 0.677734 0.244141 0.675781 0.244141 0.673828
0 0.246094 0.619141 0.244141 0.621094 0.244141 0.630859 0.246094 0.632812 0.246094 0.634766 0.253906 0.634766 0.257812 0.630859 0.257812 0.623047 0.253906 0.619141
0 0.349609 0.597656 0.347656 0.599609 0.347656 0.601562 0.345703 0.603516 0.345703 0.613281 0.347656 0.615234 0.347656 0.617188 0.349609 0.619141 0.351562 0.619141 0.353516 0.617188 0.353516 0.613281 0.355469 0.611328 0.355469 0.605469 0.353516 0.603516 0.353516 0.599609 0.351562 0.597656
0 0.046875 0.576172 0.044922 0.578125 0.042969 0.578125 0.039062 0.582031 0.039062 0.589844 0.042969 0.593750 0.046875 0.593750 0.048828 0.595703 0.050781 0.595703 0.052734 0.593750 0.054688 0.593750 0.056641 0.591797 0.058594 0.591797 0.058594 0.589844 0.060547 0.587891 0.060547 0.583984 0.058594 0.582031 0.058594 0.580078 0.056641 0.580078 0.054688 0.578125 0.052734 0.578125 0.050781 0.576172
0 0.226562 0.525391 0.224609 0.527344 0.224609 0.544922 0.226562 0.546875 0.226562 0.548828 0.230469 0.548828 0.230469 0.544922 0.232422 0.542969 0.232422 0.531250 0.230469 0.529297 0.230469 0.525391
0 0.464844 0.484375 0.460938 0.488281 0.460938 0.490234 0.458984 0.492188 0.458984 0.498047 0.457031 0.500000 0.458984 0.501953 0.458984 0.507812 0.460938 0.509766 0.460938 0.511719 0.464844 0.515625 0.472656 0.515625 0.478516 0.509766 0.478516 0.505859 0.480469 0.503906 0.480469 0.496094 0.478516 0.494141 0.478516 0.490234 0.472656 0.484375
0 0.246094 0.439453 0.244141 0.441406 0.244141 0.443359 0.242188 0.445312 0.242188 0.455078 0.244141 0.457031 0.244141 0.458984 0.246094 0.460938 0.250000 0.460938 0.251953 0.458984 0.251953 0.457031 0.253906 0.455078 0.253906 0.445312 0.251953 0.443359 0.251953 0.441406 0.250000 0.439453
0 0.509766 0.423828 0.507812 0.425781 0.507812 0.445312 0.511719 0.445312 0.511719 0.441406 0.513672 0.439453 0.513672 0.431641 0.511719 0.429688 0.511719 0.423828
0 0.240234 0.388672 0.238281 0.390625 0.238281 0.394531 0.236328 0.396484 0.236328 0.398438 0.238281 0.400391 0.238281 0.404297 0.240234 0.406250 0.244141 0.406250 0.246094 0.404297 0.246094 0.400391 0.248047 0.398438 0.248047 0.396484 0.246094 0.394531 0.246094 0.390625 0.244141 0.388672
0 0.492188 0.353516 0.488281 0.357422 0.488281 0.363281 0.490234 0.365234 0.498047 0.365234 0.500000 0.363281 0.500000 0.357422 0.496094 0.353516
0 0.357422 0.257812 0.355469 0.259766 0.355469 0.273438 0.357422 0.275391 0.359375 0.275391 0.363281 0.271484 0.363281 0.261719 0.361328 0.259766 0.361328 0.257812
0 0.248047 0.253906 0.244141 0.257812 0.244141 0.267578 0.246094 0.269531 0.246094 0.271484 0.248047 0.273438 0.253906 0.273438 0.255859 0.271484 0.255859 0.269531 0.257812 0.267578 0.257812 0.257812 0.253906 0.253906
0 0.501953 0.248047 0.500000 0.250000 0.500000 0.255859 0.498047 0.257812 0.500000 0.259766 0.500000 0.263672 0.503906 0.267578 0.507812 0.267578 0.507812 0.265625 0.509766 0.263672 0.509766 0.261719 0.511719 0.259766 0.511719 0.255859 0.509766 0.253906 0.509766 0.250000 0.507812 0.248047
0 0.365234 0.203125 0.361328 0.207031 0.361328 0.208984 0.359375 0.210938 0.359375 0.214844 0.365234 0.220703 0.373047 0.220703 0.376953 0.216797 0.376953 0.214844 0.378906 0.212891 0.378906 0.210938 0.376953 0.208984 0.376953 0.207031 0.373047 0.203125
0 0.248047 0.193359 0.246094 0.195312 0.246094 0.197266 0.244141 0.199219 0.244141 0.210938 0.246094 0.212891 0.246094 0.214844 0.248047 0.216797 0.253906 0.216797 0.255859 0.214844 0.255859 0.212891 0.257812 0.210938 0.257812 0.199219 0.255859 0.197266 0.255859 0.195312 0.253906 0.193359