0 0.246094 0.966797 0.244141 0.968750 0.242188 0.968750 0.238281 0.972656 0.238281 0.978516 0.242188 0.982422 0.255859 0.982422 0.259766 0.978516 0.259766 0.970703 0.257812 0.970703 0.255859 0.968750 0.253906 0.968750 0.251953 0.966797
0 0.279297 0.921875 0.277344 0.923828 0.275391 0.923828 0.275391 0.925781 0.273438 0.927734 0.273438 0.929688 0.279297 0.935547 0.289062 0.935547 0.294922 0.929688 0.294922 0.927734 0.292969 0.925781 0.292969 0.923828 0.291016 0.921875
0 0.402344 0.796875 0.396484 0.802734 0.396484 0.810547 0.400391 0.814453 0.408203 0.814453 0.410156 0.812500 0.410156 0.800781 0.408203 0.798828 0.406250 0.798828 0.404297 0.796875
0 0.957031 0.750000 0.955078 0.751953 0.955078 0.765625 0.957031 0.767578 0.962891 0.767578 0.964844 0.765625 0.964844 0.751953 0.962891 0.750000
0 0.398438 0.740234 0.394531 0.744141 0.394531 0.757812 0.398438 0.761719 0.402344 0.761719 0.404297 0.759766 0.404297 0.753906 0.406250 0.751953 0.406250 0.750000 0.404297 0.748047 0.404297 0.744141 0.400391 0.740234
0 0.927734 0.679688 0.925781 0.681641 0.923828 0.681641 0.923828 0.683594 0.921875 0.685547 0.921875 0.687500 0.919922 0.689453 0.921875 0.691406 0.921875 0.695312 0.923828 0.697266 0.923828 0.699219 0.925781 0.699219 0.927734 0.701172 0.935547 0.701172 0.937500 0.699219 0.939453 0.699219 0.941406 0.697266 0.941406 0.695312 0.943359 0.693359 0.943359 0.687500 0.941406 0.685547 0.941406 0.683594 0.939453 0.681641 0.937500 0.681641 0.935547 0.679688
0 0.988281 0.642578 0.986328 0.644531 0.980469 0.644531 0.974609 0.650391 0.974609 0.656250 0.978516 0.660156 0.980469 0.660156 0.982422 0.662109 0.996094 0.662109 0.998047 0.660156 0.998047 0.646484 0.996094 0.644531 0.990234 0.644531
0 0.378906 0.640625 0.376953 0.642578 0.375000 0.642578 0.371094 0.646484 0.371094 0.658203 0.373047 0.660156 0.375000 0.660156 0.376953 0.662109 0.378906 0.662109 0.380859 0.664062 0.384766 0.664062 0.386719 0.662109 0.388672 0.662109 0.390625 0.660156 0.392578 0.660156 0.394531 0.658203 0.394531 0.654297 0.396484 0.652344 0.396484 0.650391 0.394531 0.648438 0.394531 0.646484 0.390625 0.642578 0.388672 0.642578 0.386719 0.640625
0 0.367188 0.535156 0.365234 0.537109 0.365234 0.539062 0.363281 0.541016 0.363281 0.556641 0.365234 0.558594 0.365234 0.560547 0.367188 0.562500 0.373047 0.562500 0.375000 0.560547 0.375000 0.558594 0.376953 0.556641 0.376953 0.541016 0.375000 0.539062 0.375000 0.537109 0.373047 0.535156
0 0.181641 0.525391 0.179688 0.527344 0.175781 0.527344 0.167969 0.535156 0.167969 0.541016 0.169922 0.542969 0.169922 0.544922 0.173828 0.548828 0.177734 0.548828 0.179688 0.550781 0.185547 0.550781 0.187500 0.548828 0.189453 0.548828 0.195312 0.542969 0.195312 0.533203 0.189453 0.527344 0.183594 0.527344
0 0.437500 0.521484 0.433594 0.525391 0.431641 0.525391 0.431641 0.527344 0.427734 0.531250 0.427734 0.544922 0.429688 0.546875 0.429688 0.548828 0.433594 0.552734 0.435547 0.552734 0.437500 0.554688 0.447266 0.554688 0.449219 0.552734 0.453125 0.552734 0.453125 0.550781 0.457031 0.546875 0.457031 0.544922 0.458984 0.542969 0.458984 0.533203 0.457031 0.531250 0.457031 0.529297 0.451172 0.523438 0.449219 0.523438 0.447266 0.521484
0 0.011719 0.521484 0.009766 0.523438 0.007812 0.523438 0.003906 0.527344 0.003906 0.533203 0.005859 0.535156 0.007812 0.535156 0.009766 0.537109 0.017578 0.537109 0.023438 0.531250 0.023438 0.527344 0.019531 0.523438 0.015625 0.523438 0.013672 0.521484
0 0.052734 0.517578 0.050781 0.519531 0.044922 0.519531 0.041016 0.523438 0.041016 0.531250 0.042969 0.533203 0.042969 0.535156 0.044922 0.535156 0.046875 0.537109 0.060547 0.537109 0.066406 0.531250 0.066406 0.525391 0.064453 0.523438 0.064453 0.521484 0.062500 0.521484 0.060547 0.519531 0.056641 0.519531 0.054688 0.517578
0 0.277344 0.312500 0.275391 0.314453 0.273438 0.314453 0.273438 0.318359 0.275391 0.320312 0.285156 0.320312 0.287109 0.318359 0.287109 0.314453 0.285156 0.312500
0 0.197266 0.302734 0.197266 0.304688 0.195312 0.306641 0.195312 0.310547 0.197266 0.312500 0.197266 0.314453 0.207031 0.314453 0.208984 0.312500 0.208984 0.304688 0.207031 0.302734
0 0.068359 0.019531 0.062500 0.025391 0.062500 0.037109 0.068359 0.042969 0.072266 0.042969 0.074219 0.041016 0.076172 0.041016 0.078125 0.039062 0.078125 0.037109 0.080078 0.035156 0.080078 0.027344 0.078125 0.025391 0.078125 0.023438 0.076172 0.021484 0.074219 0.021484 0.072266 0.019531