0 0.900391 0.849609 0.900391 0.851562 0.898438 0.853516 0.898438 0.867188 0.900391 0.869141 0.906250 0.869141 0.906250 0.865234 0.908203 0.863281 0.908203 0.855469 0.906250 0.853516 0.906250 0.851562 0.904297 0.849609
0 0.728516 0.845703 0.726562 0.847656 0.724609 0.847656 0.724609 0.853516 0.726562 0.855469 0.734375 0.855469 0.738281 0.851562 0.738281 0.849609 0.734375 0.845703
0 0.972656 0.818359 0.970703 0.820312 0.970703 0.824219 0.972656 0.826172 0.982422 0.826172 0.984375 0.824219 0.986328 0.824219 0.986328 0.820312 0.984375 0.820312 0.982422 0.818359
0 0.925781 0.808594 0.923828 0.810547 0.919922 0.810547 0.919922 0.812500 0.917969 0.814453 0.917969 0.816406 0.921875 0.820312 0.931641 0.820312 0.933594 0.818359 0.935547 0.818359 0.935547 0.812500 0.933594 0.810547 0.931641 0.810547 0.929688 0.808594
0 0.802734 0.804688 0.800781 0.806641 0.798828 0.806641 0.798828 0.808594 0.796875 0.810547 0.796875 0.816406 0.800781 0.820312 0.808594 0.820312 0.810547 0.818359 0.810547 0.816406 0.812500 0.814453 0.812500 0.812500 0.810547 0.810547 0.810547 0.808594 0.806641 0.804688
0 0.867188 0.802734 0.865234 0.804688 0.863281 0.804688 0.863281 0.812500 0.865234 0.814453 0.871094 0.814453 0.871094 0.804688 0.869141 0.802734
0 0.904297 0.794922 0.904297 0.802734 0.906250 0.804688 0.912109 0.804688 0.914062 0.802734 0.914062 0.796875 0.912109 0.794922
0 0.828125 0.794922 0.826172 0.796875 0.824219 0.796875 0.824219 0.798828 0.822266 0.800781 0.822266 0.802734 0.826172 0.806641 0.832031 0.806641 0.833984 0.804688 0.833984 0.798828 0.830078 0.794922
0 0.609375 0.787109 0.607422 0.789062 0.607422 0.792969 0.609375 0.794922 0.617188 0.794922 0.619141 0.792969 0.619141 0.787109
0 0.732422 0.781250 0.730469 0.783203 0.730469 0.785156 0.728516 0.787109 0.728516 0.789062 0.734375 0.794922 0.742188 0.794922 0.744141 0.792969 0.746094 0.792969 0.748047 0.791016 0.748047 0.783203 0.746094 0.783203 0.744141 0.781250
0 0.667969 0.773438 0.666016 0.775391 0.666016 0.783203 0.667969 0.785156 0.669922 0.785156 0.671875 0.783203 0.673828 0.783203 0.673828 0.775391 0.671875 0.773438
0 0.642578 0.773438 0.640625 0.775391 0.640625 0.781250 0.642578 0.781250 0.644531 0.783203 0.646484 0.783203 0.648438 0.781250 0.650391 0.781250 0.652344 0.779297 0.652344 0.777344 0.650391 0.775391 0.650391 0.773438