0 0.000000 0.783203 0.000000 0.818359 0.001953 0.816406 0.003906 0.818359 0.005859 0.818359 0.007812 0.820312 0.009766 0.820312 0.011719 0.822266 0.015625 0.822266 0.017578 0.824219 0.023438 0.824219 0.025391 0.822266 0.029297 0.822266 0.031250 0.820312 0.031250 0.818359 0.033203 0.816406 0.033203 0.808594 0.035156 0.806641 0.035156 0.804688 0.033203 0.802734 0.029297 0.802734 0.027344 0.800781 0.025391 0.800781 0.023438 0.798828 0.019531 0.798828 0.017578 0.796875 0.013672 0.796875 0.007812 0.791016 0.007812 0.783203
0 0.429688 0.681641 0.437500 0.687500 0.464844 0.685547 0.464844 0.681641 0.458984 0.669922 0.460938 0.667969 0.460938 0.664062 0.462891 0.662109 0.462891 0.658203 0.464844 0.656250 0.464844 0.652344 0.468750 0.644531 0.470703 0.644531 0.474609 0.648438 0.482422 0.662109 0.511719 0.662109 0.513672 0.660156 0.521484 0.660156 0.523438 0.662109 0.525391 0.673828 0.529297 0.681641 0.531250 0.681641 0.535156 0.677734 0.535156 0.675781 0.550781 0.660156 0.552734 0.662109 0.552734 0.669922 0.554688 0.669922 0.562500 0.675781 0.568359 0.675781 0.570312 0.677734 0.570312 0.673828 0.554688 0.646484 0.548828 0.646484 0.546875 0.648438 0.541016 0.648438 0.539062 0.650391 0.533203 0.650391 0.531250 0.652344 0.525391 0.652344 0.523438 0.654297 0.517578 0.654297 0.515625 0.656250 0.509766 0.656250 0.507812 0.658203 0.490234 0.656250 0.482422 0.648438 0.482422 0.646484 0.474609 0.638672 0.474609 0.636719 0.453125 0.611328 0.453125 0.615234 0.457031 0.619141 0.460938 0.626953 0.460938 0.640625 0.458984 0.642578 0.458984 0.648438 0.457031 0.652344 0.447266 0.662109 0.441406 0.664062 0.431641 0.671875
0 0.169922 0.542969 0.160156 0.554688 0.160156 0.556641 0.166016 0.560547 0.162109 0.566406 0.154297 0.560547 0.152344 0.562500 0.152344 0.572266 0.162109 0.572266 0.164062 0.576172 0.162109 0.578125 0.142578 0.578125 0.132812 0.583984 0.126953 0.599609 0.117188 0.605469 0.121094 0.615234 0.121094 0.623047 0.123047 0.625000 0.123047 0.632812 0.125000 0.636719 0.117188 0.654297 0.105469 0.662109 0.105469 0.666016 0.101562 0.673828 0.099609 0.703125 0.105469 0.707031 0.107422 0.697266 0.109375 0.695312 0.109375 0.691406 0.107422 0.689453 0.107422 0.673828 0.121094 0.660156 0.132812 0.638672 0.130859 0.625000 0.126953 0.621094 0.128906 0.619141 0.126953 0.607422 0.134766 0.593750 0.146484 0.583984 0.154297 0.587891 0.173828 0.585938 0.177734 0.589844 0.169922 0.597656 0.169922 0.607422 0.171875 0.609375 0.171875 0.613281 0.171875 0.607422 0.173828 0.605469 0.175781 0.595703 0.179688 0.591797 0.185547 0.589844 0.185547 0.587891 0.179688 0.585938 0.173828 0.580078 0.177734 0.576172 0.177734 0.572266 0.175781 0.570312 0.179688 0.568359 0.185547 0.572266 0.197266 0.574219 0.199219 0.564453 0.181641 0.554688
0 0.121094 0.447266 0.121094 0.451172 0.119141 0.453125 0.119141 0.457031 0.117188 0.458984 0.117188 0.460938 0.115234 0.462891 0.115234 0.466797 0.113281 0.468750 0.113281 0.478516 0.107422 0.484375 0.107422 0.488281 0.103516 0.492188 0.101562 0.492188 0.101562 0.494141 0.095703 0.500000 0.095703 0.503906 0.093750 0.505859 0.093750 0.513672 0.095703 0.513672 0.097656 0.511719 0.099609 0.511719 0.101562 0.509766 0.117188 0.509766 0.119141 0.507812 0.128906 0.507812 0.130859 0.505859 0.134766 0.505859 0.134766 0.503906 0.132812 0.501953 0.130859 0.501953 0.126953 0.498047 0.125000 0.498047 0.123047 0.496094 0.121094 0.496094 0.117188 0.492188 0.117188 0.480469 0.119141 0.478516 0.119141 0.460938 0.121094 0.458984
0 0.470703 0.382812 0.468750 0.384766 0.468750 0.386719 0.466797 0.388672 0.466797 0.390625 0.464844 0.392578 0.464844 0.394531 0.466797 0.396484 0.468750 0.396484 0.470703 0.398438 0.472656 0.398438 0.474609 0.400391 0.476562 0.400391 0.482422 0.406250 0.484375 0.406250 0.488281 0.410156 0.490234 0.410156 0.492188 0.408203 0.492188 0.406250 0.496094 0.402344 0.496094 0.400391 0.498047 0.398438 0.500000 0.398438 0.501953 0.400391 0.503906 0.400391 0.503906 0.396484 0.501953 0.394531 0.501953 0.392578 0.500000 0.390625 0.498047 0.390625 0.496094 0.388672 0.488281 0.388672 0.486328 0.390625 0.482422 0.386719 0.482422 0.384766 0.484375 0.382812 0.480469 0.378906 0.478516 0.380859 0.478516 0.382812 0.476562 0.384766 0.474609 0.384766 0.472656 0.382812
0 0.179688 0.378906 0.169922 0.378906 0.166016 0.384766 0.166016 0.386719 0.169922 0.390625 0.169922 0.392578 0.179688 0.402344 0.179688 0.404297 0.177734 0.406250 0.171875 0.406250 0.171875 0.416016 0.169922 0.417969 0.166016 0.417969 0.160156 0.423828 0.160156 0.425781 0.156250 0.429688 0.156250 0.433594 0.160156 0.437500 0.158203 0.439453 0.156250 0.439453 0.154297 0.441406 0.152344 0.441406 0.150391 0.443359 0.144531 0.445312 0.144531 0.447266 0.140625 0.453125 0.140625 0.457031 0.142578 0.458984 0.144531 0.458984 0.150391 0.462891 0.150391 0.468750 0.148438 0.470703 0.148438 0.482422 0.150391 0.484375 0.150391 0.474609 0.154297 0.468750 0.154297 0.462891 0.152344 0.460938 0.152344 0.457031 0.146484 0.453125 0.148438 0.451172 0.150391 0.451172 0.152344 0.449219 0.156250 0.449219 0.162109 0.445312 0.171875 0.445312 0.171875 0.443359 0.162109 0.435547 0.162109 0.433594 0.166016 0.427734 0.171875 0.429688 0.175781 0.433594 0.177734 0.433594 0.179688 0.435547 0.179688 0.431641 0.177734 0.429688 0.177734 0.414062 0.181641 0.410156 0.183594 0.410156 0.185547 0.408203 0.185547 0.402344 0.183594 0.400391 0.183594 0.398438 0.175781 0.390625 0.175781 0.384766 0.179688 0.380859
0 0.111328 0.261719 0.109375 0.259766 0.107422 0.259766 0.103516 0.255859 0.103516 0.253906 0.101562 0.253906 0.097656 0.250000 0.095703 0.251953 0.093750 0.251953 0.091797 0.253906 0.087891 0.250000 0.085938 0.251953 0.083984 0.251953 0.078125 0.257812 0.076172 0.257812 0.078125 0.259766 0.078125 0.263672 0.076172 0.265625 0.076172 0.273438 0.078125 0.275391 0.078125 0.279297 0.080078 0.279297 0.082031 0.277344 0.085938 0.277344 0.087891 0.275391 0.091797 0.275391 0.093750 0.273438 0.095703 0.273438 0.101562 0.267578 0.107422 0.267578 0.111328 0.263672
0 0.035156 0.214844 0.023438 0.220703 0.019531 0.220703 0.013672 0.224609 0.009766 0.224609 0.003906 0.228516 0.000000 0.228516 0.000000 0.322266 0.000000 0.316406 0.001953 0.314453 0.023438 0.314453 0.027344 0.318359 0.035156 0.320312 0.044922 0.330078 0.046875 0.337891 0.052734 0.345703 0.052734 0.351562 0.058594 0.357422 0.060547 0.369141 0.064453 0.371094 0.064453 0.384766 0.066406 0.384766 0.068359 0.376953 0.062500 0.369141 0.062500 0.365234 0.060547 0.363281 0.060547 0.318359 0.052734 0.300781 0.046875 0.296875 0.041016 0.296875 0.035156 0.300781 0.031250 0.300781 0.023438 0.304688 0.017578 0.292969 0.037109 0.277344 0.039062 0.277344 0.046875 0.267578 0.046875 0.263672 0.044922 0.263672 0.041016 0.257812 0.041016 0.251953 0.044922 0.248047 0.050781 0.248047 0.054688 0.253906 0.058594 0.253906 0.070312 0.234375 0.046875 0.218750 0.039062 0.214844
0 0.148438 0.125000 0.136719 0.121094 0.132812 0.117188 0.134766 0.115234 0.125000 0.111328 0.125000 0.105469 0.117188 0.103516 0.115234 0.097656 0.117188 0.095703 0.123047 0.099609 0.126953 0.097656 0.121094 0.093750 0.111328 0.093750 0.109375 0.091797 0.105469 0.093750 0.103516 0.091797 0.101562 0.093750 0.099609 0.091797 0.091797 0.091797 0.089844 0.093750 0.076172 0.087891 0.068359 0.078125 0.062500 0.076172 0.076172 0.089844 0.064453 0.093750 0.062500 0.097656 0.046875 0.099609 0.046875 0.111328 0.025391 0.132812 0.023438 0.138672 0.009766 0.150391 0.009766 0.154297 0.000000 0.162109 0.000000 0.183594 0.001953 0.185547 0.011719 0.175781 0.017578 0.179688 0.013672 0.185547 0.011719 0.181641 0.007812 0.185547 0.007812 0.193359 0.003906 0.195312 0.000000 0.205078 0.000000 0.212891 0.001953 0.205078 0.005859 0.208984 0.003906 0.212891 0.013672 0.205078 0.009766 0.201172 0.017578 0.197266 0.019531 0.193359 0.017578 0.187500 0.021484 0.185547 0.021484 0.177734 0.031250 0.166016 0.039062 0.164062 0.033203 0.160156 0.041016 0.152344 0.050781 0.156250 0.066406 0.140625 0.074219 0.138672 0.076172 0.140625 0.080078 0.138672 0.085938 0.142578 0.083984 0.144531 0.087891 0.142578 0.111328 0.156250 0.138672 0.154297 0.152344 0.142578 0.148438 0.136719 0.134766 0.128906 0.121094 0.117188 0.115234 0.115234 0.111328 0.111328 0.113281 0.109375 0.121094 0.111328 0.138672 0.125000
0 0.857422 0.050781 0.855469 0.050781 0.847656 0.058594 0.845703 0.058594 0.843750 0.060547 0.841797 0.060547 0.839844 0.058594 0.835938 0.058594 0.833984 0.060547 0.833984 0.068359 0.839844 0.074219 0.839844 0.078125 0.841797 0.076172 0.843750 0.078125 0.845703 0.078125 0.845703 0.072266 0.847656 0.070312 0.851562 0.070312 0.855469 0.066406 0.859375 0.070312 0.859375 0.072266 0.857422 0.074219 0.857422 0.076172 0.859375 0.078125 0.859375 0.068359 0.861328 0.066406 0.857422 0.062500 0.857422 0.060547 0.859375 0.058594 0.859375 0.054688 0.857422 0.052734
0 0.392578 0.046875 0.388672 0.056641 0.382812 0.062500 0.376953 0.064453 0.373047 0.068359 0.371094 0.068359 0.369141 0.070312 0.365234 0.070312 0.355469 0.080078 0.353516 0.080078 0.349609 0.083984 0.347656 0.083984 0.343750 0.087891 0.341797 0.087891 0.337891 0.091797 0.335938 0.097656 0.324219 0.109375 0.324219 0.113281 0.320312 0.117188 0.318359 0.117188 0.314453 0.121094 0.312500 0.121094 0.308594 0.125000 0.306641 0.125000 0.306641 0.126953 0.304688 0.128906 0.304688 0.130859 0.300781 0.134766 0.300781 0.136719 0.291016 0.146484 0.291016 0.148438 0.289062 0.150391 0.287109 0.150391 0.283203 0.154297 0.283203 0.156250 0.279297 0.160156 0.279297 0.162109 0.275391 0.167969 0.275391 0.173828 0.281250 0.175781 0.285156 0.179688 0.287109 0.179688 0.289062 0.181641 0.292969 0.181641 0.292969 0.179688 0.298828 0.173828 0.298828 0.171875 0.304688 0.166016 0.304688 0.164062 0.312500 0.156250 0.312500 0.154297 0.318359 0.148438 0.318359 0.146484 0.324219 0.140625 0.324219 0.138672 0.330078 0.132812 0.330078 0.130859 0.335938 0.125000 0.335938 0.123047 0.357422 0.101562 0.357422 0.099609 0.378906 0.078125 0.378906 0.076172 0.388672 0.066406 0.388672 0.062500 0.390625 0.060547 0.390625 0.054688 0.392578 0.052734
0 0.287109 0.003906 0.287109 0.007812 0.285156 0.009766 0.283203 0.007812 0.281250 0.007812 0.283203 0.009766 0.281250 0.011719 0.281250 0.013672 0.283203 0.015625 0.283203 0.017578 0.281250 0.019531 0.279297 0.019531 0.277344 0.017578 0.275391 0.017578 0.279297 0.023438 0.279297 0.025391 0.277344 0.027344 0.277344 0.029297 0.281250 0.033203 0.281250 0.037109 0.279297 0.039062 0.281250 0.039062 0.285156 0.042969 0.283203 0.044922 0.287109 0.048828 0.285156 0.050781 0.281250 0.050781 0.275391 0.044922 0.273438 0.044922 0.275391 0.046875 0.275391 0.050781 0.273438 0.052734 0.273438 0.058594 0.271484 0.060547 0.273438 0.062500 0.277344 0.062500 0.279297 0.064453 0.279297 0.066406 0.281250 0.066406 0.283203 0.068359 0.285156 0.066406 0.287109 0.068359 0.287109 0.070312 0.289062 0.070312 0.292969 0.074219 0.292969 0.076172 0.296875 0.076172 0.298828 0.078125 0.292969 0.082031 0.294922 0.083984 0.292969 0.085938 0.294922 0.087891 0.300781 0.087891 0.302734 0.089844 0.304688 0.089844 0.306641 0.091797 0.304688 0.093750 0.306641 0.093750 0.306641 0.091797 0.308594 0.089844 0.310547 0.089844 0.310547 0.087891 0.312500 0.085938 0.316406 0.085938 0.314453 0.083984 0.314453 0.082031 0.310547 0.078125 0.310547 0.076172 0.302734 0.068359 0.302734 0.066406 0.300781 0.064453 0.300781 0.060547 0.298828 0.058594 0.298828 0.044922 0.296875 0.042969 0.296875 0.025391 0.294922 0.023438 0.294922 0.017578 0.291016 0.011719 0.291016 0.005859 0.289062 0.003906
0 0.904297 0.007812 0.904297 0.017578 0.898438 0.021484 0.902344 0.035156 0.900391 0.037109 0.894531 0.033203 0.896484 0.029297 0.886719 0.031250 0.888672 0.035156 0.884766 0.037109 0.892578 0.039062 0.892578 0.042969 0.896484 0.044922 0.894531 0.050781 0.888672 0.052734 0.886719 0.050781 0.890625 0.046875 0.886719 0.042969 0.871094 0.056641 0.873047 0.060547 0.869141 0.062500 0.869141 0.068359 0.865234 0.072266 0.865234 0.082031 0.867188 0.083984 0.861328 0.087891 0.869141 0.095703 0.869141 0.099609 0.863281 0.105469 0.867188 0.101562 0.875000 0.101562 0.878906 0.105469 0.894531 0.103516 0.904297 0.109375 0.906250 0.115234 0.912109 0.119141 0.916016 0.111328 0.921875 0.111328 0.927734 0.117188 0.937500 0.111328 0.939453 0.115234 0.937500 0.111328 0.941406 0.107422 0.945312 0.107422 0.949219 0.111328 0.949219 0.119141 0.953125 0.123047 0.962891 0.119141 0.964844 0.123047 0.968750 0.123047 0.972656 0.126953 0.978516 0.125000 0.976562 0.119141 0.974609 0.123047 0.968750 0.123047 0.966797 0.117188 0.960938 0.115234 0.958984 0.111328 0.933594 0.101562 0.941406 0.091797 0.937500 0.093750 0.935547 0.087891 0.925781 0.085938 0.923828 0.078125 0.927734 0.062500 0.923828 0.064453 0.921875 0.058594 0.925781 0.046875 0.941406 0.039062 0.941406 0.031250 0.945312 0.027344 0.949219 0.027344 0.943359 0.025391 0.949219 0.021484 0.955078 0.021484 0.960938 0.011719 0.966797 0.011719 0.968750 0.003906 0.972656 0.005859 0.972656 0.009766 0.976562 0.013672 0.978516 0.009766 0.992188 0.007812 0.998047 0.011719 0.998047 0.000000 0.937500 0.000000 0.929688 0.007812 0.927734 0.001953 0.933594 0.000000 0.927734 0.000000 0.925781 0.001953 0.927734 0.007812 0.921875 0.011719 0.916016 0.005859 0.914062 0.007812 0.912109 0.005859
0 0.449219 0.003906 0.449219 0.009766 0.453125 0.009766 0.458984 0.015625 0.470703 0.017578 0.474609 0.021484 0.494141 0.029297 0.503906 0.042969 0.519531 0.050781 0.554688 0.054688 0.562500 0.060547 0.568359 0.076172 0.568359 0.085938 0.562500 0.099609 0.560547 0.115234 0.556641 0.117188 0.558594 0.119141 0.556641 0.121094 0.556641 0.150391 0.554688 0.152344 0.558594 0.166016 0.580078 0.171875 0.576172 0.167969 0.582031 0.158203 0.582031 0.146484 0.587891 0.140625 0.587891 0.136719 0.595703 0.130859 0.619141 0.130859 0.628906 0.134766 0.638672 0.134766 0.644531 0.128906 0.648438 0.121094 0.648438 0.105469 0.644531 0.097656 0.638672 0.064453 0.640625 0.058594 0.660156 0.041016 0.660156 0.033203 0.654297 0.033203 0.650391 0.029297 0.652344 0.027344 0.648438 0.025391 0.648438 0.021484 0.632812 0.023438 0.617188 0.031250 0.611328 0.029297 0.621094 0.017578 0.628906 0.013672 0.628906 0.000000 0.595703 0.000000 0.593750 0.001953 0.591797 0.000000 0.593750 0.001953 0.591797 0.009766 0.580078 0.021484 0.576172 0.021484 0.568359 0.015625 0.566406 0.003906 0.562500 0.000000 0.455078 0.000000
0 0.394531 0.000000 0.375000 0.000000 0.398438 0.025391 0.400391 0.064453 0.294922 0.185547 0.277344 0.242188 0.263672 0.255859 0.207031 0.261719 0.189453 0.296875 0.152344 0.296875 0.185547 0.314453 0.177734 0.351562 0.195312 0.326172 0.210938 0.337891 0.195312 0.349609 0.208984 0.355469 0.193359 0.357422 0.183594 0.378906 0.201172 0.359375 0.220703 0.351562 0.234375 0.357422 0.238281 0.369141 0.230469 0.376953 0.222656 0.367188 0.214844 0.400391 0.236328 0.386719 0.230469 0.392578 0.224609 0.384766 0.246094 0.371094 0.234375 0.357422 0.238281 0.335938 0.218750 0.312500 0.216797 0.294922 0.269531 0.283203 0.294922 0.259766 0.316406 0.259766 0.330078 0.269531 0.333984 0.291016 0.326172 0.300781 0.353516 0.318359 0.337891 0.304688 0.347656 0.300781 0.371094 0.308594 0.398438 0.335938 0.416016 0.330078 0.412109 0.351562 0.443359 0.380859 0.462891 0.371094 0.443359 0.378906 0.435547 0.351562 0.427734 0.349609 0.429688 0.361328 0.421875 0.353516 0.429688 0.341797 0.425781 0.330078 0.435547 0.330078 0.431641 0.316406 0.443359 0.322266 0.439453 0.330078 0.445312 0.322266 0.458984 0.328125 0.455078 0.349609 0.472656 0.343750 0.466797 0.318359 0.476562 0.312500 0.484375 0.324219 0.517578 0.318359 0.542969 0.351562 0.529297 0.328125 0.548828 0.304688 0.562500 0.298828 0.568359 0.316406 0.585938 0.302734 0.582031 0.291016 0.554688 0.287109 0.539062 0.306641 0.519531 0.308594 0.507812 0.292969 0.496094 0.300781 0.464844 0.285156 0.474609 0.285156 0.470703 0.279297 0.443359 0.300781 0.443359 0.289062 0.427734 0.291016 0.398438 0.271484 0.398438 0.255859 0.410156 0.255859 0.414062 0.195312 0.410156 0.205078 0.406250 0.162109 0.392578 0.148438 0.396484 0.134766 0.408203 0.132812 0.404297 0.119141 0.423828 0.087891 0.419922 0.080078 0.435547 0.064453 0.419922 0.023438
0 0.000000 0.000000 0.003906 0.001953 0.000000 0.005859 0.000000 0.037109 0.005859 0.046875 0.000000 0.062500 0.005859 0.064453 0.007812 0.074219 0.015625 0.068359 0.017578 0.072266 0.039062 0.072266 0.037109 0.066406 0.042969 0.062500 0.058594 0.074219 0.060547 0.070312 0.091797 0.072266 0.076172 0.070312 0.072266 0.062500 0.068359 0.070312 0.062500 0.062500 0.052734 0.062500 0.044922 0.054688 0.046875 0.050781 0.033203 0.048828 0.033203 0.042969 0.044922 0.041016 0.052734 0.027344 0.070312 0.031250 0.056641 0.035156 0.068359 0.041016 0.062500 0.048828 0.064453 0.054688 0.078125 0.046875 0.080078 0.054688 0.087891 0.050781 0.089844 0.042969 0.097656 0.044922 0.097656 0.050781 0.105469 0.046875 0.115234 0.068359 0.113281 0.074219 0.160156 0.093750 0.171875 0.087891 0.175781 0.091797 0.167969 0.097656 0.177734 0.097656 0.187500 0.109375 0.193359 0.107422 0.185547 0.117188 0.191406 0.115234 0.199219 0.099609 0.195312 0.082031 0.220703 0.082031 0.226562 0.093750 0.220703 0.099609 0.205078 0.097656 0.203125 0.103516 0.218750 0.111328 0.232422 0.126953 0.224609 0.119141 0.224609 0.107422 0.210938 0.109375 0.205078 0.101562 0.222656 0.101562 0.232422 0.109375 0.244141 0.107422 0.240234 0.099609 0.250000 0.083984 0.255859 0.089844 0.263672 0.082031 0.273438 0.083984 0.279297 0.076172 0.285156 0.080078 0.267578 0.076172 0.263672 0.066406 0.259766 0.074219 0.255859 0.070312 0.263672 0.048828 0.261719 0.037109 0.255859 0.035156 0.253906 0.000000 0.228516 0.000000 0.240234 0.019531 0.236328 0.033203 0.244141 0.033203 0.236328 0.042969 0.246094 0.064453 0.234375 0.064453 0.232422 0.070312 0.224609 0.068359 0.218750 0.074219 0.199219 0.072266 0.197266 0.080078 0.189453 0.066406 0.175781 0.062500 0.166016 0.042969 0.156250 0.050781 0.146484 0.046875 0.150391 0.041016 0.156250 0.042969 0.162109 0.033203 0.175781 0.031250 0.150391 0.000000 0.144531 0.003906 0.142578 0.000000
