0 0.406250 0.941406 0.406250 0.947266 0.408203 0.947266 0.412109 0.951172 0.414062 0.951172 0.416016 0.953125 0.417969 0.953125 0.419922 0.955078 0.421875 0.955078 0.425781 0.958984 0.423828 0.960938 0.423828 0.968750 0.421875 0.970703 0.421875 0.976562 0.419922 0.978516 0.419922 0.984375 0.423828 0.988281 0.423828 0.990234 0.429688 0.996094 0.429688 0.998047 0.439453 0.998047 0.439453 0.982422 0.441406 0.980469 0.445312 0.980469 0.445312 0.974609 0.447266 0.972656 0.447266 0.968750 0.453125 0.962891 0.453125 0.960938 0.451172 0.960938 0.449219 0.958984 0.439453 0.958984 0.437500 0.957031 0.435547 0.957031 0.433594 0.955078 0.431641 0.955078 0.429688 0.953125 0.427734 0.953125 0.425781 0.951172 0.423828 0.951172 0.421875 0.949219 0.419922 0.949219 0.417969 0.947266 0.416016 0.947266 0.414062 0.945312 0.412109 0.945312 0.410156 0.943359 0.408203 0.943359
0 0.214844 0.921875 0.216797 0.923828 0.216797 0.925781 0.234375 0.943359 0.236328 0.943359 0.238281 0.941406 0.250000 0.941406 0.251953 0.939453 0.257812 0.939453 0.259766 0.937500 0.261719 0.937500 0.261719 0.935547 0.257812 0.935547 0.255859 0.933594 0.251953 0.933594 0.248047 0.929688 0.248047 0.927734 0.244141 0.923828 0.244141 0.921875 0.240234 0.921875 0.238281 0.919922 0.234375 0.919922 0.232422 0.917969 0.230469 0.917969 0.228516 0.916016 0.218750 0.916016 0.216797 0.917969 0.216797 0.919922
0 0.154297 0.699219 0.154297 0.701172 0.156250 0.701172 0.158203 0.703125 0.160156 0.703125 0.162109 0.705078 0.164062 0.705078 0.166016 0.707031 0.166016 0.708984 0.169922 0.712891 0.171875 0.712891 0.175781 0.716797 0.177734 0.716797 0.185547 0.724609 0.187500 0.724609 0.191406 0.728516 0.193359 0.728516 0.197266 0.732422 0.199219 0.732422 0.201172 0.734375 0.201172 0.740234 0.208984 0.740234 0.212891 0.744141 0.212891 0.746094 0.218750 0.746094 0.220703 0.748047 0.222656 0.748047 0.224609 0.750000 0.228516 0.750000 0.230469 0.748047 0.232422 0.748047 0.232422 0.746094 0.234375 0.744141 0.236328 0.744141 0.236328 0.740234 0.234375 0.740234 0.230469 0.736328 0.214844 0.736328 0.207031 0.728516 0.207031 0.726562 0.195312 0.714844 0.195312 0.712891 0.193359 0.712891 0.189453 0.708984 0.189453 0.707031 0.187500 0.705078 0.183594 0.705078 0.181641 0.707031 0.175781 0.707031 0.173828 0.705078 0.169922 0.705078 0.167969 0.703125 0.166016 0.703125 0.164062 0.701172 0.162109 0.701172 0.160156 0.699219
0 0.111328 0.652344 0.111328 0.660156 0.117188 0.660156 0.119141 0.662109 0.119141 0.664062 0.123047 0.667969 0.123047 0.671875 0.125000 0.673828 0.125000 0.677734 0.126953 0.677734 0.128906 0.679688 0.128906 0.681641 0.130859 0.683594 0.132812 0.683594 0.134766 0.685547 0.134766 0.687500 0.136719 0.687500 0.138672 0.689453 0.138672 0.691406 0.140625 0.693359 0.142578 0.693359 0.144531 0.695312 0.144531 0.693359 0.146484 0.691406 0.160156 0.691406 0.162109 0.693359 0.166016 0.693359 0.167969 0.695312 0.169922 0.695312 0.171875 0.697266 0.173828 0.697266 0.173828 0.693359 0.171875 0.693359 0.162109 0.683594 0.160156 0.683594 0.158203 0.681641 0.156250 0.681641 0.154297 0.679688 0.152344 0.679688 0.148438 0.675781 0.146484 0.675781 0.144531 0.677734 0.142578 0.675781 0.142578 0.673828 0.144531 0.671875 0.144531 0.669922 0.142578 0.669922 0.140625 0.667969 0.140625 0.664062 0.138672 0.664062 0.134766 0.660156 0.130859 0.660156 0.128906 0.658203 0.128906 0.654297 0.125000 0.650391 0.123047 0.650391 0.121094 0.648438 0.119141 0.648438 0.117188 0.650391 0.115234 0.650391 0.113281 0.652344
0 0.207031 0.630859 0.205078 0.632812 0.205078 0.634766 0.207031 0.634766 0.208984 0.636719 0.208984 0.640625 0.210938 0.640625 0.212891 0.642578 0.212891 0.644531 0.214844 0.644531 0.216797 0.646484 0.216797 0.648438 0.218750 0.650391 0.220703 0.650391 0.222656 0.652344 0.222656 0.654297 0.224609 0.654297 0.226562 0.656250 0.226562 0.654297 0.228516 0.652344 0.228516 0.650391 0.226562 0.648438 0.222656 0.648438 0.216797 0.642578 0.218750 0.640625 0.216797 0.640625 0.212891 0.636719 0.212891 0.634766 0.210938 0.634766
0 0.423828 0.625000 0.416016 0.632812 0.416016 0.638672 0.414062 0.640625 0.414062 0.660156 0.412109 0.662109 0.412109 0.673828 0.416016 0.677734 0.417969 0.677734 0.419922 0.679688 0.419922 0.683594 0.427734 0.683594 0.427734 0.673828 0.429688 0.671875 0.429688 0.660156 0.427734 0.658203 0.427734 0.638672 0.429688 0.636719 0.429688 0.632812 0.425781 0.628906 0.425781 0.626953
0 0.121094 0.595703 0.121094 0.599609 0.125000 0.603516 0.125000 0.605469 0.126953 0.607422 0.126953 0.609375 0.130859 0.613281 0.130859 0.615234 0.132812 0.617188 0.132812 0.623047 0.134766 0.623047 0.138672 0.626953 0.138672 0.628906 0.142578 0.628906 0.146484 0.632812 0.146484 0.634766 0.148438 0.636719 0.148438 0.642578 0.150391 0.642578 0.152344 0.644531 0.152344 0.646484 0.154297 0.648438 0.154297 0.652344 0.162109 0.660156 0.164062 0.660156 0.164062 0.654297 0.160156 0.650391 0.160156 0.648438 0.156250 0.644531 0.156250 0.642578 0.154297 0.640625 0.154297 0.638672 0.152344 0.636719 0.152344 0.634766 0.150391 0.632812 0.150391 0.626953 0.148438 0.625000 0.148438 0.623047 0.146484 0.623047 0.140625 0.617188 0.140625 0.613281 0.136719 0.613281 0.134766 0.611328 0.134766 0.599609 0.132812 0.597656 0.125000 0.597656 0.123047 0.595703
0 0.435547 0.570312 0.429688 0.570312 0.425781 0.574219 0.425781 0.576172 0.423828 0.578125 0.423828 0.580078 0.419922 0.583984 0.419922 0.585938 0.417969 0.587891 0.417969 0.591797 0.427734 0.591797 0.429688 0.593750 0.433594 0.593750 0.431641 0.591797 0.431641 0.583984 0.437500 0.578125 0.437500 0.572266
0 0.000000 0.521484 0.000000 0.712891 0.011719 0.724609 0.029297 0.759766 0.033203 0.763672 0.039062 0.763672 0.046875 0.767578 0.058594 0.794922 0.056641 0.800781 0.066406 0.808594 0.068359 0.814453 0.076172 0.822266 0.082031 0.822266 0.083984 0.818359 0.097656 0.818359 0.093750 0.808594 0.087891 0.804688 0.087891 0.792969 0.095703 0.773438 0.130859 0.738281 0.134766 0.740234 0.136719 0.738281 0.132812 0.726562 0.115234 0.708984 0.105469 0.693359 0.070312 0.652344 0.044922 0.615234 0.031250 0.582031 0.015625 0.560547 0.015625 0.554688 0.009766 0.544922 0.009766 0.539062
0 0.052734 0.484375 0.052734 0.486328 0.054688 0.488281 0.054688 0.492188 0.056641 0.494141 0.058594 0.494141 0.058594 0.492188 0.060547 0.490234 0.060547 0.486328 0.058594 0.484375
0 0.656250 0.425781 0.656250 0.427734 0.654297 0.429688 0.654297 0.435547 0.662109 0.435547 0.662109 0.431641 0.660156 0.429688 0.660156 0.427734 0.658203 0.425781
0 0.462891 0.421875 0.458984 0.421875 0.458984 0.425781 0.455078 0.429688 0.455078 0.433594 0.453125 0.435547 0.451172 0.435547 0.451172 0.437500 0.449219 0.439453 0.457031 0.439453 0.460938 0.435547 0.460938 0.431641 0.462891 0.429688
0 0.443359 0.421875 0.441406 0.421875 0.439453 0.423828 0.439453 0.425781 0.437500 0.427734 0.437500 0.431641 0.435547 0.433594 0.435547 0.441406 0.437500 0.441406 0.441406 0.437500 0.441406 0.431641 0.443359 0.429688
0 0.494141 0.359375 0.494141 0.365234 0.496094 0.367188 0.496094 0.371094 0.498047 0.373047 0.503906 0.373047 0.505859 0.371094 0.505859 0.365234 0.503906 0.363281 0.500000 0.363281 0.498047 0.361328 0.496094 0.361328
0 0.572266 0.330078 0.572266 0.353516 0.578125 0.365234 0.591797 0.367188 0.642578 0.384766 0.673828 0.417969 0.677734 0.427734 0.677734 0.439453 0.683594 0.453125 0.693359 0.453125 0.705078 0.445312 0.720703 0.443359 0.716797 0.433594 0.718750 0.427734 0.716797 0.425781 0.734375 0.414062 0.759766 0.416016 0.755859 0.412109 0.757812 0.408203 0.773438 0.423828 0.791016 0.425781 0.812500 0.439453 0.818359 0.445312 0.814453 0.455078 0.843750 0.453125 0.841797 0.445312 0.835938 0.447266 0.833984 0.443359 0.828125 0.441406 0.828125 0.433594 0.820312 0.429688 0.812500 0.429688 0.794922 0.417969 0.781250 0.416016 0.771484 0.408203 0.765625 0.406250 0.755859 0.406250 0.753906 0.408203 0.748047 0.400391 0.722656 0.392578 0.628906 0.341797 0.615234 0.335938 0.591797 0.335938 0.578125 0.330078
0 0.863281 0.292969 0.863281 0.306641 0.869141 0.306641 0.871094 0.304688 0.871094 0.292969
0 0.716797 0.251953 0.714844 0.253906 0.714844 0.255859 0.712891 0.257812 0.712891 0.271484 0.714844 0.269531 0.714844 0.267578 0.716797 0.265625
0 0.847656 0.236328 0.847656 0.238281 0.849609 0.240234 0.849609 0.244141 0.851562 0.246094 0.851562 0.250000 0.853516 0.250000 0.855469 0.248047 0.855469 0.242188 0.853516 0.242188 0.851562 0.240234 0.851562 0.238281 0.849609 0.236328
0 0.759766 0.230469 0.761719 0.230469 0.765625 0.234375 0.765625 0.240234 0.767578 0.242188 0.769531 0.242188 0.771484 0.244141 0.771484 0.246094 0.773438 0.246094 0.775391 0.244141 0.775391 0.242188 0.765625 0.232422 0.763672 0.232422 0.761719 0.230469
0 0.962891 0.228516 0.962891 0.230469 0.960938 0.232422 0.960938 0.236328 0.957031 0.240234 0.947266 0.240234 0.945312 0.238281 0.945312 0.236328 0.943359 0.234375 0.941406 0.234375 0.939453 0.232422 0.937500 0.234375 0.929688 0.234375 0.929688 0.236328 0.927734 0.238281 0.925781 0.238281 0.925781 0.240234 0.923828 0.242188 0.917969 0.242188 0.919922 0.244141 0.917969 0.246094 0.912109 0.246094 0.908203 0.250000 0.900391 0.250000 0.902344 0.251953 0.900391 0.253906 0.902344 0.255859 0.902344 0.259766 0.906250 0.263672 0.906250 0.265625 0.908203 0.267578 0.908203 0.271484 0.910156 0.271484 0.912109 0.269531 0.914062 0.269531 0.917969 0.273438 0.919922 0.273438 0.921875 0.275391 0.923828 0.275391 0.925781 0.277344 0.927734 0.277344 0.933594 0.271484 0.935547 0.271484 0.939453 0.275391 0.941406 0.275391 0.943359 0.277344 0.945312 0.277344 0.947266 0.279297 0.949219 0.279297 0.955078 0.273438 0.957031 0.273438 0.958984 0.275391 0.958984 0.271484 0.960938 0.269531 0.960938 0.263672 0.958984 0.261719 0.958984 0.259766 0.960938 0.257812 0.960938 0.244141 0.964844 0.240234 0.964844 0.232422 0.962891 0.230469
0 0.767578 0.208984 0.767578 0.212891 0.771484 0.216797 0.773438 0.216797 0.777344 0.220703 0.779297 0.220703 0.779297 0.218750 0.777344 0.216797 0.777344 0.214844 0.775391 0.214844 0.769531 0.208984
0 0.833984 0.207031 0.833984 0.218750 0.835938 0.220703 0.835938 0.222656 0.839844 0.222656 0.839844 0.212891 0.837891 0.210938 0.837891 0.208984 0.835938 0.207031
0 0.697266 0.185547 0.701172 0.189453 0.703125 0.187500 0.710938 0.195312 0.710938 0.197266 0.708984 0.199219 0.710938 0.201172 0.716797 0.201172 0.718750 0.203125 0.718750 0.205078 0.720703 0.205078 0.730469 0.214844 0.734375 0.214844 0.734375 0.205078 0.736328 0.203125 0.738281 0.203125 0.736328 0.201172 0.738281 0.199219 0.740234 0.199219 0.742188 0.197266 0.748047 0.197266 0.750000 0.199219 0.751953 0.199219 0.753906 0.201172 0.755859 0.199219 0.755859 0.191406 0.753906 0.189453 0.750000 0.189453 0.748047 0.187500 0.744141 0.187500 0.742188 0.185547 0.740234 0.185547 0.736328 0.181641 0.734375 0.181641 0.730469 0.177734 0.726562 0.177734 0.724609 0.179688 0.722656 0.179688 0.720703 0.177734 0.703125 0.177734 0.701172 0.179688 0.699219 0.179688 0.699219 0.183594
0 0.699219 0.138672 0.699219 0.140625 0.701172 0.142578 0.705078 0.142578 0.708984 0.146484 0.712891 0.146484 0.714844 0.148438 0.722656 0.148438 0.724609 0.150391 0.726562 0.150391 0.728516 0.148438 0.728516 0.146484 0.732422 0.142578 0.738281 0.148438 0.738281 0.150391 0.742188 0.154297 0.753906 0.154297 0.759766 0.160156 0.761719 0.160156 0.763672 0.162109 0.775391 0.162109 0.775391 0.158203 0.767578 0.158203 0.763672 0.154297 0.759766 0.154297 0.757812 0.152344 0.753906 0.152344 0.751953 0.150391 0.750000 0.150391 0.746094 0.146484 0.744141 0.146484 0.742188 0.144531 0.740234 0.144531 0.738281 0.142578 0.736328 0.142578 0.730469 0.136719 0.730469 0.134766 0.732422 0.132812 0.732422 0.126953 0.730469 0.125000 0.728516 0.125000 0.718750 0.134766 0.716797 0.134766 0.714844 0.136719 0.701172 0.136719
0 0.796875 0.136719 0.796875 0.148438 0.798828 0.150391 0.798828 0.152344 0.800781 0.154297 0.802734 0.154297 0.806641 0.158203 0.812500 0.158203 0.814453 0.160156 0.816406 0.160156 0.818359 0.158203 0.832031 0.158203 0.835938 0.162109 0.835938 0.164062 0.837891 0.166016 0.839844 0.166016 0.843750 0.169922 0.843750 0.171875 0.851562 0.171875 0.853516 0.173828 0.857422 0.173828 0.859375 0.175781 0.861328 0.173828 0.867188 0.179688 0.867188 0.193359 0.871094 0.197266 0.871094 0.199219 0.876953 0.199219 0.878906 0.201172 0.878906 0.203125 0.900391 0.203125 0.896484 0.203125 0.894531 0.201172 0.896484 0.199219 0.900391 0.199219 0.900391 0.197266 0.902344 0.195312 0.908203 0.195312 0.908203 0.187500 0.904297 0.183594 0.904297 0.181641 0.902344 0.179688 0.902344 0.173828 0.898438 0.173828 0.896484 0.171875 0.894531 0.166016 0.886719 0.158203 0.886719 0.156250 0.882812 0.152344 0.880859 0.154297 0.876953 0.150391 0.876953 0.148438 0.871094 0.142578 0.869141 0.142578 0.851562 0.126953 0.849609 0.126953 0.845703 0.123047 0.843750 0.123047 0.839844 0.119141 0.839844 0.115234 0.830078 0.115234 0.828125 0.113281 0.824219 0.113281 0.822266 0.115234 0.818359 0.115234 0.816406 0.117188 0.812500 0.117188 0.812500 0.121094 0.814453 0.123047 0.814453 0.128906 0.804688 0.134766 0.800781 0.134766 0.798828 0.136719
0 0.718750 0.068359 0.718750 0.076172 0.722656 0.080078 0.724609 0.080078 0.726562 0.082031 0.728516 0.082031 0.730469 0.083984 0.730469 0.087891 0.728516 0.089844 0.728516 0.091797 0.726562 0.093750 0.726562 0.095703 0.728516 0.097656 0.730469 0.095703 0.734375 0.095703 0.736328 0.093750 0.740234 0.093750 0.742188 0.091797 0.748047 0.091797 0.750000 0.093750 0.751953 0.093750 0.755859 0.097656 0.750000 0.103516 0.746094 0.103516 0.744141 0.105469 0.740234 0.105469 0.738281 0.107422 0.734375 0.107422 0.732422 0.109375 0.730469 0.109375 0.730469 0.111328 0.734375 0.115234 0.738281 0.115234 0.740234 0.117188 0.748047 0.117188 0.759766 0.128906 0.759766 0.119141 0.761719 0.117188 0.765625 0.117188 0.765625 0.113281 0.763672 0.111328 0.763672 0.103516 0.761719 0.101562 0.761719 0.099609 0.763672 0.097656 0.763672 0.095703 0.767578 0.091797 0.771484 0.091797 0.769531 0.089844 0.769531 0.083984 0.765625 0.083984 0.759766 0.078125 0.755859 0.078125 0.753906 0.076172 0.750000 0.076172 0.748047 0.074219 0.744141 0.074219 0.742188 0.072266 0.738281 0.072266 0.736328 0.070312 0.720703 0.070312
0 0.343750 0.074219 0.343750 0.076172 0.345703 0.076172 0.347656 0.078125 0.349609 0.078125 0.351562 0.080078 0.365234 0.080078 0.367188 0.082031 0.371094 0.082031 0.373047 0.083984 0.378906 0.083984 0.380859 0.085938 0.390625 0.085938 0.392578 0.087891 0.396484 0.087891 0.398438 0.089844 0.404297 0.089844 0.406250 0.087891 0.406250 0.085938 0.404297 0.083984 0.402344 0.083984 0.400391 0.082031 0.398438 0.082031 0.396484 0.080078 0.394531 0.080078 0.392578 0.078125 0.390625 0.078125 0.388672 0.076172 0.369141 0.076172 0.367188 0.074219 0.363281 0.074219 0.361328 0.072266 0.361328 0.068359 0.359375 0.066406 0.357422 0.066406 0.355469 0.068359 0.349609 0.068359 0.347656 0.070312 0.345703 0.070312 0.345703 0.072266
0 0.302734 0.060547 0.302734 0.062500 0.308594 0.062500 0.310547 0.064453 0.316406 0.064453 0.318359 0.066406 0.322266 0.066406 0.324219 0.068359 0.328125 0.068359 0.330078 0.070312 0.332031 0.070312 0.320312 0.058594 0.320312 0.056641 0.318359 0.054688 0.316406 0.054688 0.314453 0.056641 0.310547 0.056641 0.308594 0.058594 0.306641 0.058594 0.304688 0.060547
0 0.666016 0.099609 0.662109 0.095703 0.658203 0.082031 0.654297 0.076172 0.654297 0.066406 0.658203 0.052734 0.628906 0.052734 0.615234 0.062500 0.607422 0.062500 0.605469 0.060547 0.585938 0.062500 0.582031 0.060547 0.574219 0.066406 0.566406 0.066406 0.558594 0.062500 0.542969 0.062500 0.541016 0.060547 0.503906 0.060547 0.501953 0.062500 0.478516 0.060547 0.476562 0.058594 0.460938 0.060547 0.455078 0.056641 0.441406 0.068359 0.449219 0.097656 0.488281 0.097656 0.492188 0.085938 0.496094 0.082031 0.505859 0.078125 0.546875 0.078125 0.556641 0.089844 0.560547 0.089844 0.564453 0.093750 0.558594 0.099609 0.554688 0.109375 0.554688 0.119141 0.566406 0.126953 0.593750 0.130859 0.623047 0.140625 0.638672 0.140625 0.630859 0.125000 0.630859 0.121094 0.621094 0.109375 0.623047 0.105469 0.634766 0.105469 0.644531 0.111328 0.642578 0.115234 0.652344 0.121094 0.656250 0.113281 0.644531 0.101562 0.646484 0.099609
0 0.091797 0.037109 0.091797 0.056641 0.093750 0.058594 0.093750 0.060547 0.095703 0.062500 0.097656 0.062500 0.097656 0.060547 0.099609 0.058594 0.103516 0.058594 0.105469 0.056641 0.103516 0.056641 0.101562 0.054688 0.099609 0.054688 0.095703 0.050781 0.095703 0.044922 0.099609 0.041016 0.099609 0.039062 0.097656 0.037109
0 0.054688 0.033203 0.050781 0.033203 0.050781 0.035156 0.048828 0.037109 0.048828 0.039062 0.044922 0.042969 0.044922 0.044922 0.041016 0.048828 0.041016 0.050781 0.039062 0.052734 0.039062 0.054688 0.037109 0.056641 0.037109 0.058594 0.033203 0.062500 0.033203 0.064453 0.019531 0.078125 0.027344 0.078125 0.029297 0.076172 0.031250 0.076172 0.033203 0.074219 0.033203 0.070312 0.035156 0.068359 0.035156 0.066406 0.041016 0.060547 0.041016 0.058594 0.042969 0.056641 0.042969 0.052734 0.046875 0.048828 0.046875 0.046875 0.048828 0.044922 0.048828 0.042969 0.052734 0.039062 0.052734 0.037109 0.054688 0.035156
