0 0.150391 0.994141 0.150391 0.996094 0.152344 0.998047 0.160156 0.998047 0.158203 0.996094 0.160156 0.994141 0.166016 0.994141 0.167969 0.996094 0.167969 0.994141 0.166016 0.994141 0.164062 0.992188 0.164062 0.990234 0.160156 0.986328 0.160156 0.984375 0.158203 0.984375 0.156250 0.986328 0.158203 0.988281 0.158203 0.994141 0.156250 0.996094 0.154297 0.996094 0.152344 0.994141
0 0.990234 0.962891 0.988281 0.964844 0.988281 0.968750 0.986328 0.970703 0.986328 0.976562 0.984375 0.978516 0.984375 0.980469 0.986328 0.982422 0.986328 0.984375 0.988281 0.986328 0.988281 0.988281 0.990234 0.990234 0.990234 0.992188 0.992188 0.994141 0.992188 0.996094 0.994141 0.998047 0.998047 0.998047 0.998047 0.984375 0.996094 0.984375 0.994141 0.982422 0.994141 0.980469 0.992188 0.978516 0.992188 0.964844
0 0.849609 0.964844 0.851562 0.966797 0.855469 0.966797 0.857422 0.968750 0.859375 0.968750 0.861328 0.970703 0.859375 0.972656 0.857422 0.972656 0.855469 0.974609 0.859375 0.974609 0.861328 0.976562 0.861328 0.978516 0.857422 0.982422 0.859375 0.982422 0.861328 0.984375 0.859375 0.986328 0.859375 0.994141 0.861328 0.996094 0.861328 0.998047 0.863281 0.998047 0.865234 0.996094 0.867188 0.996094 0.869141 0.998047 0.892578 0.998047 0.896484 0.994141 0.894531 0.992188 0.894531 0.990234 0.892578 0.990234 0.890625 0.988281 0.888672 0.988281 0.886719 0.986328 0.884766 0.986328 0.882812 0.984375 0.882812 0.982422 0.878906 0.982422 0.875000 0.978516 0.875000 0.976562 0.873047 0.974609 0.873047 0.970703 0.869141 0.966797 0.867188 0.968750 0.865234 0.968750 0.863281 0.966797 0.863281 0.960938 0.861328 0.960938 0.859375 0.958984 0.859375 0.957031 0.859375 0.958984 0.855469 0.962891 0.853516 0.962891 0.851562 0.964844
0 0.460938 0.998047 0.662109 0.998047 0.658203 0.996094 0.656250 0.992188 0.648438 0.984375 0.642578 0.984375 0.638672 0.980469 0.640625 0.978516 0.636719 0.976562 0.630859 0.976562 0.625000 0.968750 0.623047 0.970703 0.621094 0.968750 0.621094 0.970703 0.617188 0.972656 0.613281 0.966797 0.609375 0.966797 0.607422 0.964844 0.607422 0.960938 0.599609 0.955078 0.589844 0.957031 0.585938 0.960938 0.583984 0.957031 0.582031 0.958984 0.578125 0.958984 0.572266 0.953125 0.568359 0.953125 0.566406 0.955078 0.562500 0.953125 0.560547 0.955078 0.558594 0.953125 0.558594 0.949219 0.556641 0.953125 0.552734 0.953125 0.550781 0.951172 0.552734 0.947266 0.544922 0.951172 0.539062 0.951172 0.537109 0.949219 0.533203 0.951172 0.527344 0.951172 0.527344 0.953125 0.523438 0.955078 0.523438 0.958984 0.521484 0.960938 0.515625 0.960938 0.507812 0.968750 0.503906 0.968750 0.501953 0.970703 0.494141 0.972656 0.496094 0.974609 0.494141 0.976562 0.488281 0.976562 0.484375 0.978516 0.480469 0.984375 0.476562 0.984375 0.474609 0.988281 0.470703 0.990234 0.466797 0.988281 0.464844 0.990234 0.466797 0.992188
0 0.998047 0.845703 0.986328 0.849609 0.980469 0.855469 0.980469 0.857422 0.978516 0.859375 0.972656 0.859375 0.966797 0.863281 0.960938 0.863281 0.958984 0.865234 0.957031 0.863281 0.953125 0.863281 0.951172 0.865234 0.951172 0.867188 0.947266 0.871094 0.943359 0.871094 0.939453 0.875000 0.933594 0.876953 0.929688 0.882812 0.923828 0.882812 0.921875 0.880859 0.917969 0.880859 0.916016 0.878906 0.908203 0.878906 0.902344 0.884766 0.902344 0.886719 0.898438 0.890625 0.906250 0.890625 0.908203 0.888672 0.910156 0.888672 0.912109 0.890625 0.912109 0.892578 0.908203 0.896484 0.908203 0.906250 0.912109 0.912109 0.916016 0.912109 0.919922 0.916016 0.921875 0.916016 0.923828 0.917969 0.931641 0.917969 0.933594 0.919922 0.939453 0.919922 0.941406 0.921875 0.943359 0.927734 0.945312 0.927734 0.947266 0.929688 0.951172 0.929688 0.953125 0.931641 0.960938 0.931641 0.962891 0.929688 0.964844 0.929688 0.964844 0.927734 0.966797 0.925781 0.968750 0.925781 0.968750 0.923828 0.972656 0.919922 0.974609 0.919922 0.974609 0.917969 0.980469 0.912109 0.988281 0.912109 0.994141 0.906250 0.996094 0.906250 0.998047 0.904297
0 0.189453 0.830078 0.187500 0.832031 0.189453 0.830078 0.191406 0.830078 0.195312 0.835938 0.195312 0.837891 0.193359 0.839844 0.189453 0.839844 0.191406 0.839844 0.195312 0.843750 0.191406 0.849609 0.193359 0.849609 0.195312 0.851562 0.195312 0.853516 0.193359 0.855469 0.189453 0.855469 0.189453 0.863281 0.191406 0.865234 0.195312 0.865234 0.197266 0.867188 0.199219 0.873047 0.197266 0.875000 0.193359 0.875000 0.195312 0.876953 0.195312 0.878906 0.197266 0.878906 0.199219 0.880859 0.199219 0.882812 0.201172 0.882812 0.203125 0.884766 0.203125 0.886719 0.205078 0.884766 0.199219 0.878906 0.203125 0.875000 0.205078 0.876953 0.210938 0.875000 0.212891 0.876953 0.208984 0.880859 0.212891 0.880859 0.214844 0.882812 0.214844 0.886719 0.214844 0.884766 0.216797 0.882812 0.218750 0.882812 0.218750 0.880859 0.220703 0.878906 0.222656 0.878906 0.222656 0.876953 0.228516 0.873047 0.232422 0.876953 0.230469 0.882812 0.232422 0.882812 0.238281 0.886719 0.234375 0.882812 0.236328 0.880859 0.236328 0.876953 0.240234 0.871094 0.244141 0.875000 0.242188 0.876953 0.242188 0.882812 0.244141 0.880859 0.246094 0.880859 0.246094 0.875000 0.250000 0.871094 0.248047 0.869141 0.251953 0.865234 0.251953 0.855469 0.250000 0.853516 0.248047 0.853516 0.246094 0.855469 0.242188 0.855469 0.240234 0.853516 0.234375 0.853516 0.232422 0.851562 0.232422 0.849609 0.230469 0.851562 0.228516 0.849609 0.226562 0.849609 0.224609 0.851562 0.222656 0.849609 0.222656 0.847656 0.220703 0.847656 0.218750 0.845703 0.220703 0.843750 0.218750 0.845703 0.214844 0.845703 0.212891 0.843750 0.214844 0.841797 0.216797 0.841797 0.216797 0.839844 0.214844 0.841797 0.207031 0.841797 0.205078 0.839844 0.203125 0.839844 0.199219 0.833984 0.203125 0.830078 0.201172 0.828125 0.199219 0.830078
0 0.208984 0.826172 0.208984 0.830078 0.210938 0.832031 0.210938 0.833984 0.214844 0.833984 0.216797 0.835938 0.216797 0.830078 0.214844 0.828125 0.218750 0.824219 0.220703 0.826172 0.220703 0.824219 0.218750 0.824219 0.216797 0.826172 0.214844 0.824219 0.214844 0.826172 0.212891 0.828125 0.210938 0.828125
0 0.244141 0.812500 0.244141 0.816406 0.242188 0.818359 0.244141 0.818359 0.246094 0.820312 0.246094 0.822266 0.248047 0.822266 0.250000 0.824219 0.250000 0.826172 0.251953 0.828125 0.250000 0.830078 0.255859 0.830078 0.257812 0.832031 0.257812 0.833984 0.263672 0.833984 0.263672 0.832031 0.261719 0.832031 0.259766 0.830078 0.259766 0.828125 0.261719 0.826172 0.267578 0.826172 0.269531 0.828125 0.271484 0.828125 0.273438 0.830078 0.273438 0.835938 0.281250 0.835938 0.285156 0.839844 0.281250 0.843750 0.285156 0.839844 0.287109 0.839844 0.287109 0.835938 0.285156 0.833984 0.283203 0.833984 0.277344 0.828125 0.275391 0.828125 0.273438 0.826172 0.275391 0.824219 0.261719 0.824219 0.259766 0.822266 0.261719 0.820312 0.263672 0.820312 0.261719 0.820312 0.259766 0.822266 0.257812 0.822266 0.255859 0.820312 0.253906 0.820312 0.251953 0.818359 0.250000 0.818359 0.248047 0.816406 0.246094 0.816406 0.244141 0.814453
0 0.000000 0.771484 0.000000 0.794922 0.001953 0.796875 0.015625 0.800781 0.023438 0.808594 0.037109 0.812500 0.058594 0.808594 0.072266 0.818359 0.080078 0.820312 0.083984 0.828125 0.085938 0.843750 0.074219 0.857422 0.070312 0.873047 0.062500 0.884766 0.064453 0.888672 0.062500 0.892578 0.066406 0.900391 0.056641 0.925781 0.050781 0.929688 0.037109 0.958984 0.023438 0.972656 0.013672 0.998047 0.068359 0.998047 0.062500 0.994141 0.060547 0.980469 0.064453 0.970703 0.074219 0.960938 0.074219 0.955078 0.078125 0.953125 0.078125 0.941406 0.082031 0.939453 0.082031 0.929688 0.089844 0.914062 0.089844 0.908203 0.095703 0.900391 0.101562 0.902344 0.111328 0.900391 0.115234 0.904297 0.113281 0.898438 0.109375 0.896484 0.091797 0.894531 0.085938 0.888672 0.082031 0.878906 0.087891 0.867188 0.105469 0.849609 0.109375 0.833984 0.103516 0.824219 0.101562 0.814453 0.093750 0.812500 0.099609 0.804688 0.082031 0.792969 0.076172 0.792969 0.066406 0.800781 0.048828 0.798828 0.023438 0.789062 0.011719 0.779297 0.003906 0.777344
0 0.675781 0.724609 0.677734 0.726562 0.677734 0.728516 0.679688 0.730469 0.679688 0.734375 0.677734 0.736328 0.677734 0.742188 0.677734 0.740234 0.681641 0.736328 0.681641 0.734375 0.683594 0.732422 0.685547 0.732422 0.687500 0.730469 0.689453 0.732422 0.689453 0.736328 0.691406 0.734375 0.687500 0.730469 0.687500 0.728516 0.685547 0.726562 0.683594 0.726562 0.681641 0.724609
0 0.365234 0.558594 0.365234 0.562500 0.361328 0.566406 0.361328 0.568359 0.363281 0.570312 0.363281 0.572266 0.365234 0.572266 0.365234 0.570312 0.363281 0.568359 0.363281 0.566406 0.365234 0.564453 0.367188 0.564453 0.369141 0.566406 0.371094 0.566406 0.371094 0.562500 0.369141 0.560547 0.367188 0.560547
0 0.119141 0.406250 0.119141 0.408203 0.117188 0.410156 0.117188 0.412109 0.121094 0.412109 0.123047 0.414062 0.123047 0.421875 0.125000 0.419922 0.125000 0.412109 0.123047 0.410156 0.123047 0.406250
0 0.134766 0.355469 0.136719 0.357422 0.138672 0.357422 0.140625 0.359375 0.140625 0.365234 0.142578 0.367188 0.148438 0.367188 0.144531 0.363281 0.144531 0.361328 0.142578 0.359375 0.142578 0.357422 0.140625 0.355469
0 0.103516 0.103516 0.103516 0.105469 0.107422 0.105469 0.109375 0.107422 0.107422 0.109375 0.109375 0.109375 0.113281 0.113281 0.113281 0.115234 0.115234 0.115234 0.117188 0.117188 0.115234 0.119141 0.107422 0.119141 0.105469 0.117188 0.107422 0.115234 0.099609 0.115234 0.101562 0.117188 0.103516 0.117188 0.105469 0.119141 0.105469 0.121094 0.107422 0.121094 0.109375 0.123047 0.109375 0.125000 0.111328 0.125000 0.113281 0.126953 0.115234 0.125000 0.117188 0.125000 0.117188 0.121094 0.123047 0.115234 0.119141 0.115234 0.117188 0.113281 0.115234 0.113281 0.113281 0.111328 0.111328 0.111328 0.109375 0.109375 0.109375 0.107422 0.107422 0.105469 0.105469 0.105469
0 0.318359 0.101562 0.318359 0.103516 0.316406 0.105469 0.316406 0.111328 0.314453 0.113281 0.314453 0.115234 0.316406 0.113281 0.316406 0.107422 0.320312 0.103516 0.322266 0.103516 0.324219 0.101562 0.326172 0.103516 0.326172 0.105469 0.330078 0.109375 0.330078 0.113281 0.332031 0.113281 0.333984 0.115234 0.333984 0.113281 0.332031 0.113281 0.330078 0.111328 0.330078 0.109375 0.328125 0.107422 0.328125 0.101562 0.326172 0.099609 0.322266 0.099609 0.320312 0.101562
0 0.000000 0.074219 0.000000 0.080078 0.001953 0.082031 0.000000 0.083984 0.000000 0.123047 0.013672 0.123047 0.013672 0.121094 0.015625 0.119141 0.015625 0.115234 0.011719 0.111328 0.011719 0.105469 0.013672 0.103516 0.013672 0.097656 0.015625 0.095703 0.013672 0.095703 0.009766 0.091797 0.005859 0.091797 0.003906 0.089844 0.003906 0.083984 0.005859 0.082031 0.001953 0.082031 0.000000 0.080078 0.001953 0.078125 0.000000 0.076172
0 0.982422 0.000000 0.980469 0.001953 0.988281 0.009766 0.988281 0.011719 0.990234 0.013672 0.990234 0.015625 0.992188 0.017578 0.992188 0.019531 0.994141 0.019531 0.998047 0.023438 0.998047 0.025391 0.998047 0.000000
0 0.066406 0.000000 0.136719 0.037109 0.078125 0.023438 0.164062 0.103516 0.210938 0.246094 0.275391 0.271484 0.171875 0.408203 0.224609 0.355469 0.126953 0.232422 0.158203 0.185547 0.072266 0.251953 0.156250 0.365234 0.130859 0.441406 0.037109 0.292969 0.103516 0.197266 0.041016 0.169922 0.000000 0.265625 0.009766 0.613281 0.066406 0.656250 0.119141 0.601562 0.230469 0.613281 0.376953 0.525391 0.392578 0.466797 0.503906 0.535156 0.449219 0.632812 0.404297 0.515625 0.402344 0.574219 0.212891 0.621094 0.179688 0.703125 0.222656 0.808594 0.314453 0.708984 0.363281 0.781250 0.439453 0.781250 0.365234 0.855469 0.380859 0.791016 0.310547 0.822266 0.365234 0.896484 0.632812 0.820312 0.789062 0.914062 0.718750 0.761719 0.660156 0.740234 0.712891 0.691406 0.636719 0.607422 0.666016 0.535156 0.566406 0.525391 0.636719 0.509766 0.664062 0.386719 0.705078 0.417969 0.707031 0.585938 0.781250 0.587891 0.759766 0.640625 0.882812 0.828125 0.896484 0.777344 0.935547 0.777344 0.939453 0.851562 0.990234 0.822266 0.955078 0.769531 0.998047 0.796875 0.998047 0.595703 0.943359 0.578125 0.998047 0.574219 0.998047 0.392578 0.935547 0.369141 0.941406 0.310547 0.863281 0.304688 0.998047 0.240234 0.998047 0.041016 0.761719 0.144531 0.878906 0.208984 0.839844 0.269531 0.763672 0.210938 0.580078 0.267578 0.554688 0.164062 0.601562 0.177734 0.642578 0.058594 0.794922 0.085938 0.750000 0.000000 0.503906 0.031250 0.515625 0.091797 0.406250 0.162109 0.453125 0.201172 0.390625 0.169922 0.359375 0.214844 0.326172 0.117188 0.277344 0.140625 0.140625 0.041016 0.283203 0.117188 0.345703 0.082031 0.388672 0.152344 0.494141 0.033203 0.382812 0.000000 0.443359 0.050781 0.369141 0.076172 0.298828 0.000000
