0 0.214844 0.845703 0.207031 0.845703 0.205078 0.843750 0.201172 0.843750 0.199219 0.841797 0.197266 0.841797 0.193359 0.837891 0.187500 0.837891 0.185547 0.835938 0.181641 0.835938 0.181641 0.845703 0.173828 0.853516 0.173828 0.855469 0.169922 0.859375 0.167969 0.859375 0.166016 0.861328 0.164062 0.861328 0.160156 0.865234 0.158203 0.865234 0.156250 0.867188 0.152344 0.867188 0.150391 0.869141 0.138672 0.869141 0.138672 0.871094 0.134766 0.875000 0.123047 0.875000 0.121094 0.880859 0.117188 0.884766 0.119141 0.886719 0.119141 0.892578 0.123047 0.898438 0.123047 0.902344 0.126953 0.908203 0.126953 0.912109 0.128906 0.912109 0.130859 0.914062 0.154297 0.914062 0.156250 0.916016 0.179688 0.916016 0.181641 0.917969 0.193359 0.917969 0.193359 0.904297 0.195312 0.902344 0.195312 0.878906 0.197266 0.876953 0.197266 0.873047 0.199219 0.871094 0.199219 0.869141 0.203125 0.865234 0.203125 0.863281 0.207031 0.859375 0.207031 0.857422 0.210938 0.853516 0.210938 0.851562 0.214844 0.847656
0 0.000000 0.830078 0.000000 0.847656 0.003906 0.847656 0.009766 0.841797 0.011719 0.841797 0.013672 0.843750 0.019531 0.843750 0.021484 0.845703 0.025391 0.845703 0.027344 0.847656 0.029297 0.847656 0.033203 0.851562 0.035156 0.851562 0.039062 0.855469 0.041016 0.855469 0.044922 0.859375 0.046875 0.859375 0.052734 0.865234 0.054688 0.865234 0.056641 0.867188 0.056641 0.871094 0.058594 0.873047 0.058594 0.876953 0.060547 0.878906 0.060547 0.882812 0.064453 0.888672 0.064453 0.892578 0.066406 0.894531 0.066406 0.898438 0.068359 0.900391 0.068359 0.904297 0.070312 0.906250 0.070312 0.908203 0.072266 0.910156 0.089844 0.910156 0.089844 0.906250 0.087891 0.904297 0.087891 0.902344 0.082031 0.896484 0.082031 0.892578 0.078125 0.888672 0.078125 0.886719 0.076172 0.884766 0.076172 0.882812 0.074219 0.882812 0.072266 0.880859 0.072266 0.878906 0.060547 0.867188 0.060547 0.861328 0.058594 0.859375 0.058594 0.855469 0.056641 0.853516 0.050781 0.853516 0.048828 0.851562 0.048828 0.847656 0.039062 0.837891 0.037109 0.837891 0.035156 0.835938 0.017578 0.835938 0.011719 0.832031 0.007812 0.832031 0.005859 0.830078
0 0.294922 0.738281 0.294922 0.742188 0.292969 0.744141 0.292969 0.746094 0.298828 0.751953 0.298828 0.753906 0.302734 0.757812 0.302734 0.759766 0.306641 0.763672 0.306641 0.765625 0.312500 0.771484 0.312500 0.773438 0.316406 0.777344 0.318359 0.777344 0.320312 0.779297 0.322266 0.779297 0.324219 0.781250 0.326172 0.781250 0.328125 0.783203 0.330078 0.783203 0.332031 0.785156 0.333984 0.785156 0.335938 0.787109 0.343750 0.787109 0.347656 0.783203 0.349609 0.783203 0.357422 0.775391 0.359375 0.775391 0.365234 0.769531 0.363281 0.767578 0.361328 0.767578 0.359375 0.765625 0.357422 0.765625 0.355469 0.763672 0.353516 0.763672 0.351562 0.761719 0.345703 0.761719 0.341797 0.765625 0.339844 0.765625 0.335938 0.769531 0.333984 0.769531 0.332031 0.767578 0.332031 0.765625 0.330078 0.763672 0.330078 0.761719 0.326172 0.757812 0.326172 0.755859 0.310547 0.740234 0.310547 0.726562 0.308594 0.724609 0.302734 0.730469 0.302734 0.732422 0.296875 0.738281
0 0.291016 0.580078 0.291016 0.587891 0.292969 0.589844 0.292969 0.593750 0.294922 0.595703 0.294922 0.597656 0.296875 0.599609 0.312500 0.599609 0.314453 0.601562 0.318359 0.601562 0.324219 0.595703 0.328125 0.595703 0.330078 0.593750 0.345703 0.593750 0.347656 0.591797 0.343750 0.587891 0.333984 0.587891 0.332031 0.585938 0.324219 0.585938 0.322266 0.583984 0.316406 0.583984 0.314453 0.582031 0.310547 0.582031 0.308594 0.580078 0.306641 0.580078 0.304688 0.578125 0.302734 0.578125 0.300781 0.576172 0.294922 0.576172
0 0.158203 0.570312 0.146484 0.570312 0.134766 0.578125 0.126953 0.578125 0.119141 0.570312 0.119141 0.587891 0.111328 0.607422 0.064453 0.662109 0.054688 0.667969 0.023438 0.671875 0.000000 0.679688 0.000000 0.810547 0.017578 0.820312 0.046875 0.826172 0.054688 0.833984 0.070312 0.839844 0.089844 0.859375 0.089844 0.869141 0.093750 0.873047 0.089844 0.886719 0.105469 0.902344 0.107422 0.912109 0.113281 0.912109 0.111328 0.900391 0.095703 0.878906 0.091797 0.865234 0.097656 0.859375 0.083984 0.847656 0.080078 0.822266 0.117188 0.792969 0.148438 0.794922 0.146484 0.791016 0.125000 0.777344 0.099609 0.777344 0.068359 0.800781 0.013672 0.800781 0.011719 0.771484 0.037109 0.742188 0.056641 0.736328 0.076172 0.718750 0.117188 0.707031 0.156250 0.707031 0.152344 0.699219 0.152344 0.679688 0.173828 0.660156 0.195312 0.656250 0.195312 0.625000 0.207031 0.593750 0.195312 0.593750 0.175781 0.585938
0 0.230469 0.544922 0.232422 0.546875 0.232422 0.550781 0.236328 0.556641 0.236328 0.560547 0.240234 0.566406 0.240234 0.572266 0.238281 0.574219 0.238281 0.578125 0.236328 0.580078 0.236328 0.583984 0.234375 0.585938 0.234375 0.589844 0.232422 0.591797 0.232422 0.603516 0.230469 0.605469 0.230469 0.617188 0.232422 0.619141 0.234375 0.625000 0.236328 0.625000 0.242188 0.630859 0.244141 0.630859 0.251953 0.638672 0.251953 0.652344 0.250000 0.654297 0.250000 0.658203 0.253906 0.662109 0.253906 0.666016 0.255859 0.667969 0.255859 0.671875 0.257812 0.673828 0.257812 0.677734 0.259766 0.679688 0.259766 0.683594 0.261719 0.683594 0.263672 0.681641 0.261719 0.679688 0.261719 0.673828 0.257812 0.669922 0.257812 0.667969 0.253906 0.664062 0.253906 0.662109 0.251953 0.660156 0.251953 0.648438 0.253906 0.646484 0.253906 0.638672 0.250000 0.634766 0.248047 0.634766 0.242188 0.628906 0.242188 0.626953 0.236328 0.621094 0.236328 0.619141 0.232422 0.615234 0.232422 0.609375 0.234375 0.607422 0.234375 0.605469 0.238281 0.599609 0.238281 0.595703 0.240234 0.593750 0.240234 0.589844 0.242188 0.587891 0.242188 0.583984 0.244141 0.582031 0.244141 0.578125 0.246094 0.576172 0.246094 0.572266 0.244141 0.570312 0.244141 0.566406 0.242188 0.564453 0.240234 0.558594 0.236328 0.554688 0.236328 0.552734 0.232422 0.548828 0.232422 0.546875
0 0.210938 0.414062 0.203125 0.421875 0.199219 0.421875 0.195312 0.425781 0.195312 0.433594 0.191406 0.435547 0.189453 0.439453 0.191406 0.453125 0.175781 0.468750 0.164062 0.468750 0.150391 0.455078 0.150391 0.447266 0.150391 0.457031 0.148438 0.458984 0.138672 0.451172 0.136719 0.453125 0.136719 0.457031 0.140625 0.458984 0.146484 0.464844 0.146484 0.466797 0.142578 0.470703 0.134766 0.474609 0.130859 0.474609 0.132812 0.476562 0.136719 0.498047 0.140625 0.496094 0.142578 0.492188 0.154297 0.480469 0.156250 0.480469 0.158203 0.476562 0.164062 0.476562 0.166016 0.478516 0.166016 0.480469 0.160156 0.486328 0.160156 0.490234 0.156250 0.496094 0.156250 0.521484 0.158203 0.523438 0.158203 0.535156 0.160156 0.537109 0.160156 0.542969 0.166016 0.552734 0.181641 0.562500 0.189453 0.562500 0.191406 0.564453 0.197266 0.564453 0.195312 0.554688 0.191406 0.548828 0.191406 0.507812 0.195312 0.501953 0.195312 0.496094 0.183594 0.494141 0.179688 0.490234 0.179688 0.486328 0.191406 0.474609 0.193359 0.474609 0.201172 0.466797 0.203125 0.460938 0.216797 0.449219 0.216797 0.433594 0.214844 0.431641 0.214844 0.425781 0.210938 0.419922
0 0.210938 0.269531 0.208984 0.269531 0.208984 0.285156 0.210938 0.289062 0.220703 0.289062 0.222656 0.291016 0.222656 0.296875 0.216797 0.302734 0.216797 0.306641 0.218750 0.308594 0.212891 0.320312 0.212891 0.324219 0.207031 0.333984 0.207031 0.339844 0.205078 0.343750 0.199219 0.347656 0.191406 0.349609 0.187500 0.353516 0.177734 0.355469 0.160156 0.365234 0.156250 0.365234 0.154297 0.367188 0.150391 0.361328 0.148438 0.363281 0.148438 0.367188 0.150391 0.369141 0.150391 0.378906 0.164062 0.378906 0.167969 0.382812 0.167969 0.384766 0.167969 0.378906 0.169922 0.376953 0.175781 0.378906 0.179688 0.384766 0.179688 0.388672 0.183594 0.394531 0.183594 0.398438 0.187500 0.402344 0.191406 0.402344 0.193359 0.404297 0.201172 0.404297 0.203125 0.406250 0.210938 0.406250 0.210938 0.404297 0.208984 0.402344 0.201172 0.402344 0.199219 0.404297 0.195312 0.402344 0.208984 0.388672 0.220703 0.382812 0.224609 0.378906 0.224609 0.376953 0.193359 0.357422 0.197266 0.353516 0.201172 0.353516 0.208984 0.349609 0.214844 0.341797 0.216797 0.335938 0.220703 0.332031 0.228516 0.328125 0.232422 0.328125 0.236328 0.322266 0.236328 0.318359 0.232422 0.312500 0.232422 0.308594 0.228516 0.300781 0.228516 0.289062 0.226562 0.287109 0.236328 0.277344 0.224609 0.281250 0.220703 0.279297
0 0.339844 0.208984 0.330078 0.208984 0.330078 0.210938 0.328125 0.212891 0.326172 0.212891 0.322266 0.216797 0.320312 0.216797 0.316406 0.220703 0.314453 0.220703 0.310547 0.224609 0.308594 0.224609 0.304688 0.228516 0.302734 0.228516 0.298828 0.232422 0.296875 0.232422 0.291016 0.238281 0.289062 0.238281 0.287109 0.240234 0.285156 0.240234 0.283203 0.242188 0.281250 0.242188 0.279297 0.244141 0.277344 0.244141 0.267578 0.253906 0.263672 0.253906 0.261719 0.255859 0.250000 0.255859 0.248047 0.257812 0.244141 0.257812 0.246094 0.257812 0.248047 0.259766 0.250000 0.259766 0.253906 0.263672 0.255859 0.263672 0.259766 0.267578 0.265625 0.267578 0.267578 0.265625 0.267578 0.263672 0.269531 0.261719 0.275391 0.261719 0.279297 0.257812 0.279297 0.255859 0.287109 0.248047 0.289062 0.248047 0.292969 0.244141 0.294922 0.246094 0.294922 0.248047 0.300781 0.253906 0.302734 0.253906 0.304688 0.251953 0.306641 0.251953 0.308594 0.250000 0.310547 0.250000 0.312500 0.248047 0.316406 0.248047 0.322266 0.242188 0.322266 0.236328 0.324219 0.234375 0.330078 0.234375 0.332031 0.232422 0.332031 0.226562 0.333984 0.224609 0.337891 0.224609 0.339844 0.222656
0 0.740234 0.181641 0.738281 0.183594 0.755859 0.199219 0.759766 0.212891 0.800781 0.228516 0.847656 0.271484 0.837891 0.273438 0.869141 0.296875 0.878906 0.298828 0.916016 0.355469 0.925781 0.410156 0.943359 0.457031 0.964844 0.542969 0.998047 0.582031 0.998047 0.478516 0.994141 0.474609 0.998047 0.470703 0.998047 0.281250 0.982422 0.277344 0.921875 0.277344 0.884766 0.283203 0.863281 0.279297 0.853516 0.267578 0.849609 0.269531 0.802734 0.226562 0.804688 0.220703 0.802734 0.226562 0.796875 0.220703 0.802734 0.212891 0.800781 0.207031 0.814453 0.189453 0.814453 0.179688 0.820312 0.173828 0.818359 0.167969 0.802734 0.169922 0.789062 0.187500 0.775391 0.195312 0.755859 0.193359
0 0.681641 0.082031 0.683594 0.083984 0.683594 0.093750 0.685547 0.095703 0.685547 0.099609 0.675781 0.119141 0.675781 0.128906 0.677734 0.130859 0.693359 0.130859 0.710938 0.152344 0.718750 0.152344 0.722656 0.156250 0.728516 0.158203 0.730469 0.162109 0.732422 0.162109 0.744141 0.173828 0.744141 0.175781 0.746094 0.175781 0.748047 0.179688 0.755859 0.185547 0.761719 0.185547 0.763672 0.187500 0.769531 0.187500 0.773438 0.185547 0.777344 0.181641 0.779297 0.181641 0.779297 0.179688 0.791016 0.167969 0.792969 0.167969 0.792969 0.166016 0.800781 0.158203 0.814453 0.156250 0.816406 0.158203 0.824219 0.158203 0.826172 0.160156 0.830078 0.160156 0.837891 0.152344 0.837891 0.150391 0.855469 0.132812 0.859375 0.130859 0.859375 0.128906 0.857422 0.128906 0.841797 0.117188 0.816406 0.117188 0.814453 0.119141 0.810547 0.119141 0.808594 0.121094 0.800781 0.123047 0.785156 0.134766 0.781250 0.132812 0.779297 0.134766 0.771484 0.126953 0.771484 0.125000 0.763672 0.125000 0.761719 0.123047 0.755859 0.123047 0.753906 0.121094 0.761719 0.113281 0.757812 0.109375 0.750000 0.109375 0.748047 0.107422 0.726562 0.107422 0.714844 0.101562 0.710938 0.097656 0.701172 0.093750 0.687500 0.083984
