0 0.386719 0.810547 0.390625 0.814453 0.394531 0.814453 0.400391 0.808594 0.431641 0.808594 0.433594 0.806641 0.433594 0.802734 0.435547 0.800781 0.433594 0.798828 0.400391 0.798828 0.392578 0.806641 0.386719 0.806641
0 0.220703 0.734375 0.218750 0.736328 0.218750 0.751953 0.220703 0.753906 0.224609 0.753906 0.226562 0.751953 0.228516 0.751953 0.228516 0.750000 0.230469 0.748047 0.230469 0.746094 0.232422 0.744141 0.232422 0.740234 0.230469 0.738281 0.230469 0.736328 0.228516 0.736328 0.226562 0.734375
0 0.511719 0.691406 0.500000 0.691406 0.490234 0.701172 0.488281 0.701172 0.486328 0.703125 0.482422 0.703125 0.480469 0.705078 0.478516 0.705078 0.476562 0.707031 0.474609 0.707031 0.472656 0.708984 0.470703 0.708984 0.466797 0.712891 0.466797 0.714844 0.464844 0.716797 0.433594 0.716797 0.433594 0.718750 0.435547 0.720703 0.437500 0.720703 0.439453 0.722656 0.439453 0.724609 0.468750 0.724609 0.472656 0.728516 0.486328 0.728516 0.488281 0.726562 0.488281 0.722656 0.486328 0.720703 0.486328 0.718750 0.488281 0.716797 0.488281 0.714844 0.492188 0.710938 0.494141 0.710938 0.494141 0.708984 0.496094 0.707031 0.498047 0.707031 0.511719 0.693359
0 0.548828 0.640625 0.546875 0.640625 0.546875 0.642578 0.544922 0.644531 0.544922 0.648438 0.542969 0.650391 0.542969 0.656250 0.544922 0.656250 0.544922 0.654297 0.546875 0.652344 0.546875 0.650391 0.548828 0.648438
0 0.568359 0.626953 0.568359 0.628906 0.570312 0.628906 0.578125 0.636719 0.583984 0.636719 0.585938 0.638672 0.591797 0.638672 0.591797 0.634766 0.589844 0.634766 0.587891 0.632812 0.585938 0.632812 0.583984 0.630859 0.578125 0.630859 0.576172 0.628906 0.574219 0.628906 0.572266 0.626953
0 0.576172 0.574219 0.570312 0.574219 0.570312 0.587891 0.568359 0.589844 0.568359 0.593750 0.566406 0.595703 0.566406 0.603516 0.568359 0.603516 0.568359 0.601562 0.574219 0.595703 0.574219 0.587891 0.578125 0.583984 0.578125 0.576172
0 0.601562 0.568359 0.599609 0.568359 0.595703 0.572266 0.595703 0.576172 0.593750 0.578125 0.593750 0.580078 0.595703 0.582031 0.599609 0.578125 0.599609 0.576172 0.601562 0.574219
0 0.748047 0.371094 0.740234 0.371094 0.736328 0.375000 0.734375 0.375000 0.726562 0.382812 0.726562 0.394531 0.728516 0.396484 0.728516 0.398438 0.730469 0.400391 0.732422 0.400391 0.734375 0.402344 0.742188 0.402344 0.742188 0.398438 0.744141 0.396484 0.744141 0.392578 0.746094 0.390625 0.748047 0.390625 0.748047 0.388672 0.750000 0.386719 0.750000 0.375000 0.748047 0.373047
0 0.837891 0.330078 0.830078 0.330078 0.828125 0.332031 0.826172 0.332031 0.826172 0.347656 0.832031 0.347656 0.832031 0.345703 0.839844 0.337891 0.839844 0.333984 0.837891 0.332031
0 0.808594 0.296875 0.806641 0.298828 0.806641 0.306641 0.810547 0.310547 0.810547 0.312500 0.808594 0.314453 0.806641 0.314453 0.806641 0.322266 0.812500 0.322266 0.814453 0.320312 0.814453 0.316406 0.818359 0.312500 0.820312 0.312500 0.820312 0.310547 0.822266 0.308594 0.824219 0.308594 0.824219 0.304688 0.820312 0.300781 0.816406 0.300781 0.812500 0.296875
0 0.595703 0.275391 0.595703 0.289062 0.597656 0.291016 0.597656 0.292969 0.605469 0.300781 0.609375 0.300781 0.611328 0.302734 0.613281 0.302734 0.615234 0.304688 0.617188 0.304688 0.619141 0.306641 0.621094 0.306641 0.623047 0.308594 0.628906 0.308594 0.628906 0.304688 0.626953 0.304688 0.623047 0.300781 0.611328 0.300781 0.609375 0.298828 0.607422 0.298828 0.603516 0.294922 0.603516 0.292969 0.601562 0.291016 0.601562 0.287109 0.599609 0.285156 0.599609 0.281250 0.597656 0.279297 0.597656 0.275391
0 0.900391 0.197266 0.898438 0.197266 0.896484 0.199219 0.894531 0.199219 0.892578 0.201172 0.886719 0.201172 0.884766 0.203125 0.873047 0.203125 0.873047 0.210938 0.875000 0.212891 0.875000 0.214844 0.878906 0.218750 0.878906 0.224609 0.880859 0.226562 0.880859 0.224609 0.884766 0.220703 0.884766 0.218750 0.886719 0.216797 0.888672 0.216797 0.890625 0.214844 0.890625 0.210938 0.896484 0.205078 0.898438 0.205078 0.902344 0.201172 0.902344 0.199219
0 0.744141 0.173828 0.746094 0.175781 0.761719 0.175781 0.763672 0.177734 0.767578 0.177734 0.769531 0.179688 0.773438 0.179688 0.775391 0.181641 0.779297 0.181641 0.781250 0.183594 0.781250 0.185547 0.785156 0.185547 0.789062 0.189453 0.794922 0.189453 0.802734 0.197266 0.804688 0.197266 0.812500 0.205078 0.812500 0.207031 0.816406 0.210938 0.816406 0.212891 0.818359 0.214844 0.824219 0.214844 0.824219 0.212891 0.822266 0.212891 0.812500 0.203125 0.810547 0.203125 0.808594 0.201172 0.808594 0.199219 0.804688 0.195312 0.802734 0.195312 0.789062 0.181641 0.789062 0.179688 0.785156 0.175781 0.783203 0.175781 0.781250 0.173828 0.777344 0.173828 0.775391 0.171875 0.759766 0.171875 0.757812 0.173828
0 0.884766 0.080078 0.882812 0.080078 0.876953 0.085938 0.876953 0.089844 0.875000 0.091797 0.875000 0.093750 0.871094 0.097656 0.871094 0.099609 0.869141 0.101562 0.867188 0.101562 0.867188 0.117188 0.869141 0.119141 0.869141 0.121094 0.873047 0.125000 0.875000 0.123047 0.876953 0.123047 0.876953 0.121094 0.878906 0.119141 0.878906 0.115234 0.880859 0.113281 0.880859 0.105469 0.882812 0.103516 0.882812 0.091797 0.884766 0.089844
0 0.833984 0.072266 0.833984 0.074219 0.835938 0.076172 0.835938 0.078125 0.839844 0.082031 0.845703 0.082031 0.845703 0.076172 0.843750 0.076172 0.839844 0.072266
0 0.917969 0.058594 0.919922 0.060547 0.919922 0.064453 0.921875 0.064453 0.923828 0.066406 0.929688 0.066406 0.931641 0.064453 0.933594 0.064453 0.935547 0.062500 0.935547 0.058594 0.931641 0.054688 0.925781 0.054688 0.923828 0.056641 0.921875 0.056641 0.919922 0.058594
