0 0.982422 0.986328 0.980469 0.988281 0.980469 0.990234 0.978516 0.992188 0.976562 0.992188 0.976562 0.998047 0.982422 0.998047
0 0.835938 0.970703 0.835938 0.972656 0.837891 0.972656 0.839844 0.974609 0.841797 0.974609 0.843750 0.976562 0.847656 0.976562 0.851562 0.980469 0.853516 0.980469 0.863281 0.990234 0.863281 0.992188 0.869141 0.998047 0.873047 0.998047 0.871094 0.998047 0.869141 0.996094 0.867188 0.996094 0.865234 0.994141 0.865234 0.992188 0.861328 0.988281 0.861328 0.982422 0.859375 0.982422 0.857422 0.980469 0.855469 0.980469 0.853516 0.978516 0.849609 0.978516 0.847656 0.976562 0.845703 0.976562 0.843750 0.974609 0.841797 0.974609 0.839844 0.972656 0.837891 0.972656
0 0.210938 0.951172 0.212891 0.951172 0.216797 0.955078 0.218750 0.955078 0.222656 0.958984 0.226562 0.958984 0.228516 0.957031 0.230469 0.957031 0.232422 0.958984 0.238281 0.958984 0.240234 0.957031 0.244141 0.957031 0.246094 0.955078 0.248047 0.957031 0.250000 0.955078 0.257812 0.955078 0.261719 0.951172 0.263672 0.951172 0.265625 0.953125 0.269531 0.953125 0.273438 0.949219 0.263672 0.949219 0.259766 0.945312 0.257812 0.947266 0.251953 0.947266 0.250000 0.945312 0.248047 0.945312 0.246094 0.947266 0.242188 0.947266 0.240234 0.945312 0.236328 0.945312 0.234375 0.943359 0.232422 0.943359 0.230469 0.945312 0.228516 0.945312 0.226562 0.947266 0.226562 0.949219 0.224609 0.951172 0.222656 0.951172 0.220703 0.949219 0.216797 0.949219 0.214844 0.951172
0 0.722656 0.941406 0.722656 0.943359 0.718750 0.947266 0.718750 0.964844 0.716797 0.966797 0.716797 0.968750 0.714844 0.970703 0.708984 0.970703 0.707031 0.972656 0.703125 0.972656 0.703125 0.976562 0.705078 0.978516 0.708984 0.978516 0.714844 0.982422 0.712891 0.984375 0.712891 0.990234 0.710938 0.992188 0.708984 0.992188 0.708984 0.994141 0.716797 0.994141 0.718750 0.996094 0.722656 0.992188 0.726562 0.992188 0.728516 0.994141 0.724609 0.998047 0.726562 0.998047 0.726562 0.996094 0.728516 0.994141 0.730469 0.994141 0.734375 0.998047 0.740234 0.998047 0.742188 0.996094 0.748047 0.996094 0.750000 0.994141 0.751953 0.994141 0.753906 0.996094 0.759766 0.996094 0.759766 0.982422 0.757812 0.980469 0.751953 0.980469 0.746094 0.976562 0.746094 0.974609 0.748047 0.972656 0.751953 0.972656 0.753906 0.970703 0.753906 0.968750 0.750000 0.964844 0.750000 0.962891 0.742188 0.955078 0.744141 0.953125 0.755859 0.953125 0.755859 0.949219 0.751953 0.949219 0.746094 0.943359 0.746094 0.941406 0.740234 0.941406 0.738281 0.943359 0.738281 0.945312 0.734375 0.949219 0.732422 0.947266 0.732422 0.945312 0.730469 0.947266 0.728516 0.947266 0.726562 0.945312 0.726562 0.943359 0.724609 0.941406
0 0.841797 0.935547 0.843750 0.939453 0.839844 0.943359 0.843750 0.945312 0.841797 0.949219 0.845703 0.953125 0.847656 0.949219 0.851562 0.951172 0.863281 0.964844 0.882812 0.974609 0.886719 0.978516 0.886719 0.980469 0.890625 0.982422 0.888672 0.986328 0.896484 0.994141 0.898438 0.994141 0.900391 0.998047 0.919922 0.998047 0.921875 0.994141 0.923828 0.998047 0.939453 0.998047 0.943359 0.996094 0.943359 0.992188 0.945312 0.990234 0.943359 0.988281 0.943359 0.982422 0.941406 0.980469 0.935547 0.980469 0.933594 0.978516 0.929688 0.978516 0.925781 0.974609 0.929688 0.982422 0.931641 0.980469 0.939453 0.980469 0.941406 0.982422 0.941406 0.984375 0.935547 0.990234 0.931641 0.990234 0.925781 0.986328 0.927734 0.990234 0.925781 0.992188 0.923828 0.992188 0.914062 0.982422 0.914062 0.978516 0.917969 0.976562 0.919922 0.972656 0.921875 0.972656 0.919922 0.966797 0.925781 0.962891 0.923828 0.960938 0.923828 0.957031 0.927734 0.953125 0.931641 0.955078 0.931641 0.949219 0.927734 0.949219 0.904297 0.937500 0.900391 0.939453 0.890625 0.933594 0.886719 0.933594 0.884766 0.929688 0.882812 0.933594 0.875000 0.933594 0.873047 0.931641 0.871094 0.933594 0.865234 0.929688 0.857422 0.929688 0.859375 0.933594 0.857422 0.935547 0.855469 0.933594 0.857422 0.935547 0.857422 0.939453 0.855469 0.941406 0.847656 0.941406 0.845703 0.937500
0 0.816406 0.923828 0.816406 0.927734 0.818359 0.929688 0.818359 0.937500 0.820312 0.939453 0.820312 0.945312 0.822266 0.947266 0.824219 0.947266 0.826172 0.949219 0.826172 0.953125 0.824219 0.955078 0.824219 0.957031 0.830078 0.962891 0.830078 0.958984 0.828125 0.958984 0.826172 0.957031 0.826172 0.949219 0.824219 0.947266 0.824219 0.945312 0.822266 0.943359 0.822266 0.937500 0.820312 0.935547 0.820312 0.931641 0.822266 0.929688 0.822266 0.927734 0.820312 0.927734 0.818359 0.925781 0.818359 0.923828
0 0.197266 0.912109 0.197266 0.914062 0.195312 0.916016 0.195312 0.917969 0.193359 0.919922 0.193359 0.921875 0.191406 0.923828 0.191406 0.929688 0.193359 0.931641 0.193359 0.933594 0.195312 0.935547 0.197266 0.935547 0.201172 0.939453 0.201172 0.941406 0.201172 0.937500 0.193359 0.929688 0.193359 0.921875 0.195312 0.919922 0.195312 0.917969 0.197266 0.916016
0 0.390625 0.896484 0.400391 0.896484 0.410156 0.902344 0.414062 0.902344 0.416016 0.904297 0.417969 0.904297 0.423828 0.910156 0.423828 0.912109 0.427734 0.916016 0.427734 0.917969 0.429688 0.919922 0.429688 0.925781 0.427734 0.927734 0.427734 0.931641 0.425781 0.933594 0.425781 0.947266 0.433594 0.958984 0.435547 0.958984 0.439453 0.962891 0.443359 0.962891 0.449219 0.966797 0.451172 0.966797 0.453125 0.964844 0.457031 0.964844 0.464844 0.972656 0.464844 0.974609 0.474609 0.986328 0.474609 0.988281 0.480469 0.992188 0.482422 0.998047 0.513672 0.998047 0.507812 0.992188 0.505859 0.992188 0.500000 0.988281 0.492188 0.988281 0.490234 0.986328 0.488281 0.986328 0.484375 0.982422 0.482422 0.982422 0.480469 0.980469 0.476562 0.970703 0.470703 0.964844 0.470703 0.962891 0.468750 0.962891 0.466797 0.960938 0.462891 0.960938 0.458984 0.957031 0.457031 0.957031 0.455078 0.955078 0.449219 0.955078 0.447266 0.953125 0.441406 0.953125 0.439453 0.951172 0.437500 0.951172 0.433594 0.947266 0.433594 0.941406 0.429688 0.937500 0.429688 0.923828 0.431641 0.921875 0.431641 0.919922 0.427734 0.916016 0.427734 0.912109 0.425781 0.910156 0.423828 0.910156 0.416016 0.902344 0.414062 0.902344 0.408203 0.898438 0.404297 0.898438 0.402344 0.896484 0.396484 0.896484 0.394531 0.894531 0.392578 0.896484
0 0.744141 0.892578 0.744141 0.894531 0.742188 0.896484 0.742188 0.898438 0.740234 0.900391 0.742188 0.902344 0.742188 0.904297 0.744141 0.904297 0.748047 0.908203 0.750000 0.908203 0.748047 0.906250 0.748047 0.898438 0.750000 0.896484 0.750000 0.894531 0.748047 0.892578
0 0.945312 0.888672 0.943359 0.888672 0.939453 0.892578 0.937500 0.890625 0.937500 0.888672 0.939453 0.886719 0.931641 0.886719 0.929688 0.884766 0.927734 0.886719 0.921875 0.882812 0.919922 0.882812 0.917969 0.884766 0.916016 0.882812 0.914062 0.882812 0.912109 0.884766 0.906250 0.880859 0.906250 0.882812 0.908203 0.884766 0.908203 0.886719 0.906250 0.888672 0.906250 0.892578 0.904297 0.894531 0.898438 0.894531 0.894531 0.890625 0.898438 0.886719 0.892578 0.886719 0.890625 0.884766 0.878906 0.884766 0.871094 0.892578 0.869141 0.892578 0.867188 0.894531 0.867188 0.896484 0.863281 0.900391 0.863281 0.902344 0.861328 0.904297 0.861328 0.908203 0.863281 0.910156 0.861328 0.912109 0.863281 0.914062 0.863281 0.910156 0.865234 0.908203 0.867188 0.910156 0.867188 0.914062 0.869141 0.914062 0.871094 0.912109 0.873047 0.912109 0.873047 0.910156 0.871094 0.910156 0.869141 0.908203 0.875000 0.902344 0.876953 0.904297 0.878906 0.904297 0.878906 0.902344 0.882812 0.898438 0.888672 0.898438 0.890625 0.896484 0.892578 0.896484 0.896484 0.902344 0.900391 0.902344 0.902344 0.900391 0.912109 0.900391 0.914062 0.902344 0.916016 0.902344 0.919922 0.898438 0.921875 0.900391 0.923828 0.898438 0.927734 0.898438 0.929688 0.896484 0.931641 0.898438 0.935547 0.898438 0.937500 0.896484 0.939453 0.898438 0.941406 0.896484 0.943359 0.896484 0.941406 0.894531 0.941406 0.892578
0 0.966797 0.886719 0.968750 0.886719 0.970703 0.884766 0.982422 0.884766 0.982422 0.882812 0.980469 0.880859 0.970703 0.880859 0.968750 0.878906 0.970703 0.880859 0.970703 0.884766 0.968750 0.886719
0 0.238281 0.876953 0.246094 0.876953 0.248047 0.878906 0.248047 0.880859 0.253906 0.880859 0.255859 0.878906 0.257812 0.880859 0.259766 0.880859 0.261719 0.882812 0.263672 0.880859 0.261719 0.880859 0.257812 0.876953 0.251953 0.876953 0.250000 0.878906 0.248047 0.878906 0.246094 0.876953
0 0.685547 0.873047 0.681641 0.876953 0.679688 0.876953 0.677734 0.878906 0.671875 0.878906 0.669922 0.876953 0.667969 0.878906 0.673828 0.878906 0.677734 0.884766 0.677734 0.888672 0.669922 0.896484 0.666016 0.896484 0.662109 0.900391 0.660156 0.900391 0.658203 0.902344 0.656250 0.902344 0.656250 0.904297 0.654297 0.906250 0.654297 0.908203 0.652344 0.910156 0.650391 0.910156 0.650391 0.917969 0.652344 0.919922 0.652344 0.929688 0.654297 0.931641 0.654297 0.937500 0.656250 0.939453 0.656250 0.943359 0.658203 0.945312 0.658203 0.947266 0.660156 0.947266 0.662109 0.949219 0.662109 0.951172 0.669922 0.958984 0.669922 0.960938 0.671875 0.962891 0.671875 0.964844 0.673828 0.962891 0.677734 0.962891 0.679688 0.964844 0.685547 0.964844 0.689453 0.968750 0.693359 0.964844 0.693359 0.962891 0.691406 0.962891 0.689453 0.960938 0.689453 0.958984 0.691406 0.957031 0.693359 0.957031 0.695312 0.958984 0.695312 0.951172 0.697266 0.949219 0.697266 0.947266 0.701172 0.941406 0.701172 0.927734 0.699219 0.925781 0.699219 0.917969 0.697266 0.916016 0.697266 0.908203 0.695312 0.906250 0.695312 0.900391 0.693359 0.898438 0.693359 0.894531 0.691406 0.892578 0.691406 0.888672 0.685547 0.882812 0.687500 0.880859 0.687500 0.878906 0.685547 0.876953
0 0.125000 0.871094 0.121094 0.875000 0.119141 0.875000 0.119141 0.876953 0.117188 0.878906 0.115234 0.878906 0.115234 0.884766 0.113281 0.886719 0.113281 0.894531 0.111328 0.896484 0.111328 0.900391 0.109375 0.902344 0.109375 0.906250 0.111328 0.908203 0.111328 0.910156 0.109375 0.912109 0.109375 0.917969 0.113281 0.923828 0.113281 0.929688 0.115234 0.931641 0.115234 0.935547 0.117188 0.937500 0.117188 0.941406 0.121094 0.945312 0.121094 0.953125 0.125000 0.957031 0.125000 0.958984 0.126953 0.960938 0.126953 0.962891 0.128906 0.964844 0.128906 0.966797 0.130859 0.968750 0.132812 0.974609 0.134766 0.974609 0.136719 0.976562 0.142578 0.976562 0.144531 0.978516 0.146484 0.978516 0.148438 0.980469 0.152344 0.980469 0.154297 0.982422 0.160156 0.982422 0.160156 0.980469 0.158203 0.982422 0.154297 0.982422 0.152344 0.980469 0.148438 0.980469 0.142578 0.976562 0.136719 0.976562 0.132812 0.972656 0.132812 0.970703 0.128906 0.966797 0.128906 0.962891 0.126953 0.960938 0.126953 0.958984 0.125000 0.957031 0.125000 0.955078 0.121094 0.949219 0.121094 0.941406 0.115234 0.935547 0.115234 0.929688 0.113281 0.927734 0.113281 0.921875 0.111328 0.919922 0.111328 0.904297 0.113281 0.902344 0.113281 0.896484 0.115234 0.894531 0.115234 0.884766 0.125000 0.875000 0.128906 0.875000 0.132812 0.871094
0 0.501953 0.869141 0.501953 0.871094 0.503906 0.871094 0.505859 0.873047 0.505859 0.875000 0.507812 0.876953 0.507812 0.878906 0.511719 0.882812 0.513672 0.882812 0.515625 0.884766 0.513672 0.886719 0.517578 0.890625 0.517578 0.888672 0.519531 0.886719 0.521484 0.886719 0.523438 0.888672 0.523438 0.890625 0.525391 0.892578 0.525391 0.898438 0.523438 0.900391 0.523438 0.902344 0.521484 0.904297 0.521484 0.906250 0.525391 0.910156 0.529297 0.906250 0.537109 0.906250 0.539062 0.904297 0.539062 0.900391 0.541016 0.898438 0.544922 0.902344 0.544922 0.904297 0.542969 0.906250 0.544922 0.908203 0.544922 0.904297 0.546875 0.902344 0.546875 0.900391 0.544922 0.898438 0.544922 0.892578 0.546875 0.890625 0.544922 0.888672 0.546875 0.886719 0.544922 0.886719 0.544922 0.888672 0.541016 0.892578 0.539062 0.890625 0.539062 0.884766 0.535156 0.884766 0.533203 0.882812 0.537109 0.878906 0.531250 0.878906 0.529297 0.876953 0.521484 0.876953 0.519531 0.875000 0.517578 0.875000 0.513672 0.871094 0.509766 0.871094 0.507812 0.869141 0.505859 0.871094 0.503906 0.869141
0 0.871094 0.871094 0.873047 0.873047 0.873047 0.876953 0.875000 0.875000 0.875000 0.871094 0.878906 0.867188 0.880859 0.869141 0.884766 0.869141 0.886719 0.871094 0.888672 0.869141 0.900391 0.869141 0.902344 0.871094 0.902344 0.873047 0.908203 0.873047 0.910156 0.871094 0.912109 0.871094 0.914062 0.873047 0.914062 0.875000 0.923828 0.875000 0.923828 0.871094 0.925781 0.869141 0.916016 0.869141 0.914062 0.871094 0.912109 0.869141 0.910156 0.869141 0.910156 0.871094 0.908203 0.873047 0.904297 0.873047 0.900391 0.869141 0.898438 0.869141 0.896484 0.867188 0.894531 0.869141 0.892578 0.867188 0.878906 0.867188 0.876953 0.865234 0.875000 0.865234 0.875000 0.869141 0.873047 0.871094
0 0.064453 0.869141 0.062500 0.869141 0.060547 0.867188 0.060547 0.863281 0.056641 0.867188 0.054688 0.865234 0.052734 0.865234 0.050781 0.867188 0.048828 0.867188 0.046875 0.869141 0.039062 0.869141 0.037109 0.871094 0.033203 0.871094 0.025391 0.878906 0.023438 0.878906 0.021484 0.876953 0.021484 0.873047 0.019531 0.871094 0.019531 0.869141 0.015625 0.869141 0.015625 0.873047 0.011719 0.876953 0.011719 0.880859 0.007812 0.884766 0.005859 0.884766 0.005859 0.886719 0.007812 0.886719 0.009766 0.884766 0.013672 0.884766 0.015625 0.882812 0.023438 0.882812 0.025391 0.880859 0.025391 0.878906 0.027344 0.876953 0.029297 0.878906 0.031250 0.878906 0.035156 0.875000 0.039062 0.875000 0.042969 0.871094 0.044922 0.871094 0.046875 0.869141 0.050781 0.869141 0.052734 0.867188 0.054688 0.867188 0.056641 0.869141 0.056641 0.875000 0.058594 0.875000 0.060547 0.873047 0.062500 0.875000 0.062500 0.873047 0.064453 0.871094
0 0.833984 0.857422 0.828125 0.857422 0.826172 0.855469 0.824219 0.855469 0.820312 0.859375 0.820312 0.861328 0.818359 0.863281 0.818359 0.869141 0.822266 0.865234 0.822266 0.863281 0.826172 0.859375 0.830078 0.859375 0.832031 0.857422
0 0.978516 0.855469 0.976562 0.855469 0.974609 0.853516 0.972656 0.853516 0.970703 0.855469 0.970703 0.857422 0.968750 0.859375 0.964844 0.859375 0.962891 0.861328 0.968750 0.861328 0.970703 0.859375 0.976562 0.859375 0.978516 0.857422
0 0.253906 0.839844 0.257812 0.843750 0.259766 0.843750 0.261719 0.841797 0.263672 0.843750 0.267578 0.843750 0.269531 0.845703 0.271484 0.845703 0.273438 0.843750 0.275391 0.843750 0.273438 0.841797 0.271484 0.841797 0.269531 0.839844
0 0.023438 0.832031 0.017578 0.832031 0.015625 0.833984 0.013672 0.833984 0.011719 0.835938 0.011719 0.837891 0.005859 0.843750 0.003906 0.843750 0.000000 0.847656 0.000000 0.855469 0.000000 0.853516 0.001953 0.851562 0.003906 0.851562 0.007812 0.855469 0.005859 0.857422 0.005859 0.863281 0.007812 0.865234 0.009766 0.865234 0.013672 0.861328 0.015625 0.861328 0.015625 0.857422 0.017578 0.855469 0.021484 0.855469 0.017578 0.851562 0.017578 0.849609 0.019531 0.847656 0.021484 0.847656 0.021484 0.841797 0.023438 0.839844 0.025391 0.839844 0.027344 0.841797 0.029297 0.839844 0.027344 0.837891 0.027344 0.835938
0 0.712891 0.826172 0.714844 0.828125 0.712891 0.830078 0.712891 0.832031 0.718750 0.837891 0.718750 0.841797 0.716797 0.843750 0.720703 0.847656 0.718750 0.849609 0.718750 0.853516 0.714844 0.857422 0.714844 0.859375 0.716797 0.859375 0.720703 0.863281 0.726562 0.863281 0.728516 0.861328 0.734375 0.861328 0.732422 0.859375 0.732422 0.855469 0.730469 0.853516 0.730469 0.849609 0.732422 0.847656 0.734375 0.847656 0.736328 0.849609 0.736328 0.853516 0.738281 0.855469 0.740234 0.853516 0.738281 0.851562 0.738281 0.849609 0.732422 0.843750 0.732422 0.837891 0.728516 0.833984 0.726562 0.833984 0.724609 0.832031 0.726562 0.830078 0.722656 0.830078 0.720703 0.828125 0.720703 0.826172 0.718750 0.826172 0.716797 0.824219 0.714844 0.826172
0 0.595703 0.820312 0.597656 0.820312 0.601562 0.824219 0.603516 0.824219 0.605469 0.826172 0.607422 0.826172 0.609375 0.828125 0.609375 0.826172 0.611328 0.824219 0.611328 0.822266 0.605469 0.816406 0.603516 0.816406 0.599609 0.820312
0 0.195312 0.808594 0.199219 0.812500 0.207031 0.812500 0.208984 0.810547 0.210938 0.810547 0.212891 0.812500 0.214844 0.812500 0.216797 0.810547 0.220703 0.814453 0.222656 0.814453 0.226562 0.818359 0.226562 0.820312 0.230469 0.824219 0.230469 0.820312 0.232422 0.818359 0.234375 0.818359 0.232422 0.816406 0.232422 0.814453 0.230469 0.812500 0.222656 0.812500 0.220703 0.810547 0.216797 0.810547 0.214844 0.808594 0.210938 0.808594 0.208984 0.810547 0.197266 0.810547
0 0.431641 0.789062 0.425781 0.789062 0.423828 0.787109 0.421875 0.787109 0.417969 0.791016 0.414062 0.791016 0.412109 0.792969 0.410156 0.792969 0.404297 0.798828 0.402344 0.798828 0.400391 0.800781 0.396484 0.800781 0.394531 0.798828 0.390625 0.798828 0.388672 0.796875 0.388672 0.794922 0.384766 0.794922 0.382812 0.796875 0.380859 0.796875 0.380859 0.798828 0.384766 0.798828 0.386719 0.800781 0.390625 0.800781 0.392578 0.802734 0.394531 0.802734 0.396484 0.804688 0.396484 0.808594 0.394531 0.810547 0.398438 0.810547 0.400391 0.812500 0.398438 0.814453 0.400391 0.814453 0.402344 0.812500 0.408203 0.812500 0.410156 0.814453 0.410156 0.816406 0.410156 0.812500 0.408203 0.810547 0.408203 0.808594 0.406250 0.806641 0.410156 0.802734 0.412109 0.802734 0.412109 0.800781 0.417969 0.794922 0.421875 0.794922 0.423828 0.796875 0.427734 0.796875 0.431641 0.792969
0 0.191406 0.806641 0.189453 0.804688 0.187500 0.804688 0.185547 0.802734 0.185547 0.800781 0.181641 0.796875 0.181641 0.794922 0.179688 0.794922 0.173828 0.789062 0.167969 0.789062 0.166016 0.787109 0.166016 0.785156 0.160156 0.785156 0.158203 0.783203 0.156250 0.785156 0.146484 0.785156 0.144531 0.787109 0.142578 0.787109 0.140625 0.785156 0.138672 0.785156 0.134766 0.789062 0.132812 0.789062 0.130859 0.791016 0.128906 0.791016 0.123047 0.796875 0.119141 0.796875 0.115234 0.800781 0.111328 0.800781 0.109375 0.802734 0.105469 0.802734 0.103516 0.804688 0.097656 0.804688 0.095703 0.806641 0.091797 0.806641 0.093750 0.808594 0.095703 0.808594 0.099609 0.804688 0.105469 0.804688 0.107422 0.802734 0.111328 0.802734 0.113281 0.800781 0.119141 0.800781 0.119141 0.798828 0.121094 0.796875 0.125000 0.796875 0.128906 0.792969 0.130859 0.792969 0.134766 0.789062 0.136719 0.789062 0.138672 0.787109 0.150391 0.787109 0.152344 0.785156 0.158203 0.785156 0.160156 0.787109 0.162109 0.787109 0.166016 0.791016 0.169922 0.791016 0.171875 0.792969 0.177734 0.792969 0.183594 0.798828 0.183594 0.800781 0.187500 0.804688 0.187500 0.806641
0 0.500000 0.759766 0.500000 0.763672 0.501953 0.765625 0.501953 0.767578 0.503906 0.765625 0.505859 0.765625 0.511719 0.761719 0.525391 0.761719 0.527344 0.759766 0.529297 0.759766 0.531250 0.761719 0.533203 0.761719 0.537109 0.765625 0.539062 0.765625 0.546875 0.773438 0.546875 0.777344 0.548828 0.779297 0.548828 0.783203 0.550781 0.785156 0.550781 0.787109 0.558594 0.794922 0.558594 0.796875 0.568359 0.806641 0.570312 0.806641 0.572266 0.808594 0.576172 0.808594 0.578125 0.810547 0.580078 0.810547 0.582031 0.812500 0.583984 0.812500 0.589844 0.818359 0.591797 0.818359 0.589844 0.816406 0.589844 0.814453 0.585938 0.810547 0.585938 0.804688 0.580078 0.798828 0.576172 0.798828 0.572266 0.794922 0.572266 0.792969 0.570312 0.791016 0.564453 0.791016 0.562500 0.789062 0.562500 0.761719 0.558594 0.757812 0.558594 0.755859 0.556641 0.755859 0.554688 0.753906 0.552734 0.753906 0.546875 0.750000 0.539062 0.750000 0.537109 0.751953 0.519531 0.751953 0.517578 0.753906 0.513672 0.753906 0.511719 0.755859 0.507812 0.755859 0.505859 0.757812 0.503906 0.757812 0.501953 0.759766
0 0.091797 0.703125 0.091797 0.730469 0.087891 0.734375 0.087891 0.740234 0.083984 0.744141 0.083984 0.748047 0.080078 0.751953 0.080078 0.753906 0.076172 0.757812 0.076172 0.759766 0.074219 0.761719 0.072266 0.761719 0.068359 0.765625 0.066406 0.765625 0.064453 0.767578 0.060547 0.767578 0.058594 0.769531 0.060547 0.767578 0.064453 0.767578 0.066406 0.765625 0.070312 0.765625 0.072266 0.763672 0.076172 0.763672 0.076172 0.761719 0.085938 0.751953 0.085938 0.748047 0.087891 0.746094 0.087891 0.742188 0.089844 0.740234 0.089844 0.736328 0.091797 0.734375 0.091797 0.732422 0.093750 0.730469 0.093750 0.722656 0.091797 0.720703
0 0.789062 0.697266 0.789062 0.705078 0.791016 0.705078 0.794922 0.708984 0.802734 0.708984 0.804688 0.707031 0.806641 0.708984 0.806641 0.710938 0.808594 0.708984 0.810547 0.710938 0.810547 0.714844 0.812500 0.716797 0.818359 0.716797 0.820312 0.714844 0.822266 0.714844 0.824219 0.712891 0.826172 0.712891 0.828125 0.710938 0.830078 0.710938 0.832031 0.708984 0.833984 0.708984 0.833984 0.701172 0.830078 0.697266 0.824219 0.697266 0.822266 0.695312 0.818359 0.695312 0.816406 0.693359 0.808594 0.693359 0.804688 0.697266 0.802734 0.695312 0.800781 0.697266
0 0.732422 0.677734 0.720703 0.677734 0.718750 0.679688 0.718750 0.681641 0.716797 0.683594 0.705078 0.683594 0.705078 0.689453 0.703125 0.691406 0.695312 0.691406 0.693359 0.693359 0.693359 0.695312 0.691406 0.697266 0.691406 0.699219 0.681641 0.708984 0.679688 0.707031 0.673828 0.707031 0.673828 0.716797 0.669922 0.720703 0.669922 0.736328 0.673828 0.736328 0.675781 0.738281 0.675781 0.740234 0.677734 0.742188 0.677734 0.744141 0.679688 0.746094 0.679688 0.750000 0.681641 0.751953 0.681641 0.753906 0.683594 0.753906 0.683594 0.750000 0.685547 0.748047 0.685547 0.742188 0.687500 0.740234 0.687500 0.736328 0.689453 0.734375 0.689453 0.728516 0.691406 0.726562 0.691406 0.720703 0.693359 0.718750 0.695312 0.718750 0.710938 0.703125 0.710938 0.697266 0.712891 0.695312 0.712891 0.691406 0.714844 0.689453 0.716797 0.691406 0.732422 0.691406 0.732422 0.687500 0.734375 0.685547 0.732422 0.683594
0 0.515625 0.677734 0.486328 0.677734 0.484375 0.675781 0.484375 0.677734 0.482422 0.679688 0.480469 0.679688 0.480469 0.681641 0.476562 0.685547 0.474609 0.683594 0.472656 0.683594 0.474609 0.683594 0.476562 0.685547 0.472656 0.689453 0.472656 0.691406 0.470703 0.693359 0.470703 0.697266 0.468750 0.699219 0.466797 0.697266 0.464844 0.697266 0.460938 0.701172 0.460938 0.703125 0.458984 0.705078 0.457031 0.705078 0.457031 0.707031 0.455078 0.708984 0.453125 0.708984 0.451172 0.710938 0.449219 0.708984 0.447266 0.708984 0.447266 0.710938 0.443359 0.714844 0.443359 0.716797 0.443359 0.714844 0.445312 0.712891 0.447266 0.714844 0.447266 0.716797 0.451172 0.716797 0.453125 0.718750 0.451172 0.720703 0.455078 0.720703 0.453125 0.718750 0.455078 0.716797 0.458984 0.716797 0.460938 0.718750 0.460938 0.716797 0.464844 0.712891 0.468750 0.712891 0.472656 0.708984 0.474609 0.708984 0.476562 0.707031 0.480469 0.707031 0.484375 0.710938 0.484375 0.712891 0.480469 0.716797 0.474609 0.716797 0.474609 0.720703 0.476562 0.718750 0.478516 0.718750 0.484375 0.712891 0.490234 0.718750 0.490234 0.712891 0.492188 0.710938 0.494141 0.712891 0.496094 0.710938 0.494141 0.708984 0.498047 0.705078 0.500000 0.707031 0.501953 0.707031 0.503906 0.708984 0.503906 0.710938 0.505859 0.710938 0.507812 0.708984 0.509766 0.710938 0.511719 0.708984 0.511719 0.707031 0.509766 0.705078 0.509766 0.701172 0.507812 0.701172 0.505859 0.699219 0.509766 0.695312 0.511719 0.697266 0.509766 0.695312 0.515625 0.689453 0.513672 0.687500 0.513672 0.685547 0.515625 0.683594
0 0.820312 0.640625 0.820312 0.642578 0.822266 0.642578 0.826172 0.646484 0.833984 0.646484 0.833984 0.644531 0.835938 0.642578 0.833984 0.644531 0.832031 0.644531 0.830078 0.642578 0.824219 0.642578 0.822266 0.640625
0 0.804688 0.640625 0.789062 0.640625 0.789062 0.644531 0.785156 0.648438 0.775391 0.648438 0.775391 0.656250 0.785156 0.656250 0.787109 0.658203 0.789062 0.658203 0.789062 0.654297 0.791016 0.652344 0.791016 0.650391 0.792969 0.648438 0.804688 0.648438
0 0.898438 0.626953 0.898438 0.628906 0.900391 0.630859 0.900391 0.634766 0.902344 0.636719 0.902344 0.642578 0.904297 0.644531 0.904297 0.650391 0.906250 0.652344 0.908203 0.652344 0.910156 0.654297 0.916016 0.656250 0.925781 0.666016 0.931641 0.666016 0.933594 0.667969 0.935547 0.667969 0.941406 0.673828 0.941406 0.675781 0.943359 0.677734 0.943359 0.685547 0.945312 0.687500 0.947266 0.693359 0.949219 0.695312 0.951172 0.695312 0.957031 0.699219 0.960938 0.699219 0.962891 0.701172 0.962891 0.718750 0.964844 0.720703 0.964844 0.724609 0.966797 0.726562 0.966797 0.730469 0.968750 0.730469 0.970703 0.732422 0.976562 0.732422 0.978516 0.734375 0.982422 0.734375 0.982422 0.728516 0.974609 0.720703 0.972656 0.720703 0.966797 0.716797 0.966797 0.712891 0.968750 0.710938 0.972656 0.710938 0.968750 0.705078 0.968750 0.695312 0.962891 0.695312 0.960938 0.693359 0.958984 0.693359 0.953125 0.687500 0.953125 0.685547 0.951172 0.683594 0.951172 0.679688 0.949219 0.677734 0.949219 0.658203 0.947266 0.660156 0.939453 0.660156 0.935547 0.656250 0.933594 0.656250 0.931641 0.654297 0.925781 0.654297 0.923828 0.652344 0.917969 0.652344 0.916016 0.650391 0.912109 0.650391 0.910156 0.648438 0.910156 0.644531 0.908203 0.642578 0.908203 0.640625 0.904297 0.636719 0.904297 0.634766 0.902344 0.632812 0.900391 0.626953
0 0.597656 0.630859 0.599609 0.628906 0.601562 0.628906 0.605469 0.632812 0.607422 0.632812 0.609375 0.630859 0.611328 0.632812 0.613281 0.632812 0.615234 0.630859 0.615234 0.626953 0.617188 0.625000 0.619141 0.625000 0.619141 0.623047 0.615234 0.626953 0.613281 0.626953 0.611328 0.625000 0.611328 0.623047 0.605469 0.623047 0.605469 0.628906 0.603516 0.630859 0.601562 0.628906 0.601562 0.625000 0.601562 0.626953 0.599609 0.628906 0.597656 0.628906
0 0.835938 0.574219 0.830078 0.568359 0.830078 0.566406 0.828125 0.566406 0.826172 0.568359 0.824219 0.568359 0.824219 0.570312 0.818359 0.576172 0.814453 0.576172 0.812500 0.578125 0.810547 0.578125 0.806641 0.582031 0.804688 0.582031 0.800781 0.585938 0.798828 0.585938 0.796875 0.587891 0.796875 0.593750 0.802734 0.593750 0.804688 0.591797 0.808594 0.591797 0.810547 0.589844 0.810547 0.587891 0.814453 0.583984 0.816406 0.583984 0.818359 0.582031 0.820312 0.582031 0.824219 0.585938 0.824219 0.587891 0.826172 0.587891 0.830078 0.583984 0.830078 0.582031 0.835938 0.576172
0 0.992188 0.533203 0.990234 0.533203 0.980469 0.542969 0.976562 0.542969 0.974609 0.541016 0.960938 0.541016 0.951172 0.550781 0.949219 0.550781 0.945312 0.554688 0.943359 0.554688 0.937500 0.560547 0.935547 0.560547 0.931641 0.564453 0.929688 0.564453 0.929688 0.566406 0.927734 0.568359 0.927734 0.572266 0.925781 0.574219 0.925781 0.578125 0.923828 0.580078 0.923828 0.589844 0.925781 0.591797 0.925781 0.597656 0.927734 0.599609 0.927734 0.605469 0.943359 0.621094 0.943359 0.623047 0.945312 0.623047 0.947266 0.625000 0.949219 0.625000 0.951172 0.626953 0.953125 0.626953 0.955078 0.628906 0.957031 0.628906 0.966797 0.634766 0.972656 0.634766 0.974609 0.636719 0.984375 0.636719 0.996094 0.625000 0.998047 0.625000 0.998047 0.595703 0.992188 0.591797 0.988281 0.591797 0.986328 0.589844 0.982422 0.589844 0.980469 0.587891 0.980469 0.583984 0.978516 0.582031 0.978516 0.578125 0.976562 0.576172 0.976562 0.572266 0.978516 0.570312 0.988281 0.570312 0.996094 0.562500 0.998047 0.562500 0.998047 0.535156 0.994141 0.535156
0 0.429688 0.525391 0.417969 0.525391 0.419922 0.531250 0.410156 0.542969 0.417969 0.552734 0.398438 0.568359 0.380859 0.572266 0.371094 0.607422 0.359375 0.599609 0.332031 0.599609 0.316406 0.626953 0.304688 0.634766 0.285156 0.625000 0.259766 0.623047 0.246094 0.609375 0.222656 0.601562 0.220703 0.613281 0.230469 0.632812 0.203125 0.632812 0.201172 0.650391 0.228516 0.650391 0.222656 0.673828 0.226562 0.679688 0.208984 0.689453 0.150391 0.666016 0.117188 0.666016 0.125000 0.699219 0.138672 0.718750 0.134766 0.720703 0.138672 0.718750 0.140625 0.724609 0.144531 0.720703 0.152344 0.730469 0.156250 0.730469 0.154297 0.724609 0.164062 0.730469 0.171875 0.728516 0.171875 0.736328 0.164062 0.736328 0.164062 0.740234 0.171875 0.738281 0.187500 0.755859 0.183594 0.750000 0.187500 0.742188 0.197266 0.738281 0.195312 0.726562 0.207031 0.724609 0.210938 0.728516 0.201172 0.730469 0.199219 0.742188 0.203125 0.750000 0.203125 0.744141 0.208984 0.746094 0.207031 0.757812 0.210938 0.753906 0.212891 0.763672 0.232422 0.761719 0.236328 0.765625 0.230469 0.769531 0.230469 0.777344 0.234375 0.779297 0.242188 0.771484 0.251953 0.783203 0.250000 0.789062 0.240234 0.787109 0.240234 0.791016 0.261719 0.794922 0.275391 0.808594 0.287109 0.802734 0.283203 0.792969 0.289062 0.791016 0.296875 0.796875 0.300781 0.791016 0.308594 0.792969 0.318359 0.781250 0.339844 0.771484 0.345703 0.759766 0.332031 0.751953 0.337891 0.744141 0.367188 0.744141 0.410156 0.779297 0.443359 0.779297 0.451172 0.773438 0.449219 0.753906 0.433594 0.705078 0.414062 0.701172 0.392578 0.677734 0.380859 0.642578 0.394531 0.625000 0.408203 0.617188 0.408203 0.595703 0.423828 0.580078 0.425781 0.560547 0.417969 0.541016
0 0.962891 0.515625 0.962891 0.517578 0.958984 0.521484 0.957031 0.521484 0.953125 0.517578 0.953125 0.515625 0.949219 0.515625 0.947266 0.517578 0.945312 0.517578 0.945312 0.523438 0.943359 0.525391 0.939453 0.525391 0.939453 0.533203 0.945312 0.533203 0.947266 0.531250 0.949219 0.531250 0.949219 0.527344 0.951172 0.525391 0.953125 0.525391 0.955078 0.527344 0.960938 0.527344 0.960938 0.525391 0.962891 0.523438
0 0.880859 0.468750 0.882812 0.470703 0.882812 0.472656 0.884766 0.472656 0.886719 0.474609 0.892578 0.474609 0.894531 0.476562 0.894531 0.478516 0.898438 0.478516 0.900391 0.480469 0.900391 0.482422 0.902344 0.482422 0.916016 0.496094 0.916016 0.498047 0.917969 0.500000 0.917969 0.503906 0.921875 0.503906 0.923828 0.505859 0.923828 0.511719 0.923828 0.509766 0.925781 0.507812 0.929688 0.507812 0.927734 0.505859 0.925781 0.505859 0.919922 0.500000 0.919922 0.496094 0.916016 0.492188 0.916016 0.484375 0.914062 0.482422 0.914062 0.480469 0.912109 0.478516 0.906250 0.478516 0.904297 0.476562 0.904297 0.474609 0.902344 0.476562 0.896484 0.470703 0.886719 0.470703 0.884766 0.468750
0 0.998047 0.322266 0.998047 0.324219 0.996094 0.326172 0.994141 0.326172 0.990234 0.330078 0.990234 0.332031 0.992188 0.333984 0.994141 0.332031 0.996094 0.333984 0.996094 0.330078 0.998047 0.328125
0 0.947266 0.302734 0.947266 0.308594 0.945312 0.310547 0.943359 0.310547 0.945312 0.310547 0.947266 0.312500 0.947266 0.314453 0.949219 0.316406 0.947266 0.318359 0.953125 0.324219 0.953125 0.326172 0.955078 0.328125 0.957031 0.326172 0.960938 0.326172 0.962891 0.328125 0.962891 0.333984 0.960938 0.335938 0.960938 0.337891 0.958984 0.339844 0.957031 0.339844 0.958984 0.341797 0.958984 0.343750 0.960938 0.343750 0.962891 0.341797 0.964844 0.341797 0.962891 0.339844 0.962891 0.337891 0.964844 0.335938 0.966797 0.335938 0.968750 0.337891 0.970703 0.335938 0.970703 0.333984 0.968750 0.335938 0.964844 0.332031 0.964844 0.328125 0.962891 0.326172 0.962891 0.316406 0.960938 0.314453 0.958984 0.316406 0.957031 0.314453 0.955078 0.314453 0.953125 0.312500 0.955078 0.310547 0.957031 0.310547 0.957031 0.306641 0.958984 0.304688 0.960938 0.306641 0.962891 0.306641 0.962891 0.304688 0.960938 0.302734
0 0.273438 0.232422 0.271484 0.234375 0.273438 0.236328 0.271484 0.238281 0.273438 0.240234 0.277344 0.240234 0.279297 0.242188 0.281250 0.242188 0.283203 0.244141 0.283203 0.246094 0.287109 0.250000 0.287109 0.253906 0.289062 0.255859 0.287109 0.257812 0.287109 0.259766 0.289062 0.259766 0.291016 0.257812 0.291016 0.255859 0.292969 0.253906 0.292969 0.250000 0.289062 0.246094 0.289062 0.242188 0.287109 0.242188 0.283203 0.238281 0.279297 0.238281 0.277344 0.236328 0.277344 0.234375 0.275391 0.232422
0 0.029297 0.105469 0.029297 0.107422 0.027344 0.109375 0.027344 0.113281 0.029297 0.113281 0.033203 0.117188 0.035156 0.115234 0.033203 0.113281 0.035156 0.111328 0.035156 0.109375 0.031250 0.105469
0 0.134766 0.023438 0.134766 0.025391 0.140625 0.025391 0.142578 0.027344 0.140625 0.029297 0.138672 0.029297 0.138672 0.031250 0.140625 0.033203 0.142578 0.033203 0.146484 0.037109 0.152344 0.037109 0.152344 0.031250 0.148438 0.031250 0.146484 0.033203 0.144531 0.031250 0.144531 0.029297 0.142578 0.027344 0.142578 0.025391 0.140625 0.023438
0 0.664062 0.000000 0.677734 0.009766 0.685547 0.009766 0.687500 0.011719 0.693359 0.011719 0.695312 0.013672 0.703125 0.013672 0.705078 0.015625 0.710938 0.015625 0.712891 0.017578 0.714844 0.017578 0.724609 0.011719 0.730469 0.011719 0.732422 0.009766 0.738281 0.009766 0.740234 0.011719 0.750000 0.011719 0.755859 0.017578 0.757812 0.017578 0.761719 0.021484 0.765625 0.021484 0.775391 0.027344 0.785156 0.027344 0.785156 0.023438 0.783203 0.021484 0.783203 0.019531 0.787109 0.015625 0.792969 0.015625 0.794922 0.013672 0.806641 0.013672 0.808594 0.011719 0.816406 0.011719 0.818359 0.009766 0.820312 0.009766 0.822266 0.007812 0.826172 0.007812 0.828125 0.005859 0.828125 0.000000
0 0.000000 0.000000 0.001953 0.390625 0.138672 0.412109 0.132812 0.367188 0.152344 0.365234 0.203125 0.400391 0.289062 0.267578 0.261719 0.253906 0.238281 0.179688 0.271484 0.189453 0.289062 0.232422 0.357422 0.251953 0.392578 0.236328 0.427734 0.257812 0.453125 0.234375 0.533203 0.257812 0.548828 0.220703 0.580078 0.234375 0.607422 0.296875 0.599609 0.369141 0.626953 0.410156 0.585938 0.451172 0.507812 0.460938 0.500000 0.515625 0.470703 0.527344 0.496094 0.554688 0.539062 0.531250 0.583984 0.539062 0.634766 0.607422 0.724609 0.480469 0.777344 0.501953 0.835938 0.449219 0.843750 0.464844 0.875000 0.416016 0.937500 0.416016 0.966797 0.398438 0.962891 0.376953 0.994141 0.371094 0.978516 0.353516 0.923828 0.361328 0.871094 0.257812 0.828125 0.265625 0.826172 0.234375 0.865234 0.193359 0.859375 0.148438 0.753906 0.185547 0.724609 0.173828 0.736328 0.160156 0.597656 0.154297 0.648438 0.058594 0.623047 0.037109 0.656250 0.000000 0.363281 0.000000 0.351562 0.033203 0.373047 0.029297 0.314453 0.083984 0.335938 0.042969 0.271484 0.080078 0.250000 0.000000 0.134766 0.000000 0.224609 0.015625 0.259766 0.048828 0.253906 0.074219 0.230469 0.062500 0.250000 0.097656 0.187500 0.160156 0.208984 0.218750 0.185547 0.240234 0.222656 0.214844 0.263672 0.259766 0.193359 0.330078 0.132812 0.339844 0.091797 0.281250 0.136719 0.265625 0.105469 0.091797 0.076172 0.107422 0.062500 0.089844 0.072266 0.103516 0.044922 0.128906 0.001953 0.125000 0.072266 0.052734 0.046875 0.042969 0.054688 0.027344 0.080078 0.044922 0.109375 0.000000 0.054688 0.027344
