0 0.939453 0.976562 0.939453 0.978516 0.943359 0.982422 0.943359 0.994141 0.945312 0.994141 0.947266 0.996094 0.947266 0.998047 0.962891 0.998047 0.964844 0.996094 0.966797 0.996094 0.968750 0.998047 0.970703 0.998047 0.970703 0.988281 0.968750 0.988281 0.968750 0.990234 0.966797 0.992188 0.964844 0.992188 0.962891 0.994141 0.960938 0.994141 0.957031 0.990234 0.957031 0.988281 0.955078 0.988281 0.953125 0.986328 0.953125 0.980469 0.951172 0.980469 0.949219 0.978516 0.947266 0.978516 0.945312 0.976562
0 0.884766 0.945312 0.884766 0.947266 0.882812 0.949219 0.884766 0.949219 0.886719 0.951172 0.884766 0.953125 0.880859 0.953125 0.880859 0.955078 0.876953 0.958984 0.882812 0.958984 0.884766 0.960938 0.882812 0.962891 0.884766 0.964844 0.884766 0.966797 0.886719 0.966797 0.888672 0.968750 0.888672 0.970703 0.890625 0.970703 0.892578 0.972656 0.892578 0.974609 0.896484 0.974609 0.898438 0.972656 0.900391 0.972656 0.902344 0.974609 0.902344 0.976562 0.904297 0.978516 0.906250 0.978516 0.912109 0.984375 0.912109 0.986328 0.917969 0.986328 0.921875 0.990234 0.921875 0.992188 0.919922 0.994141 0.919922 0.998047 0.935547 0.998047 0.933594 0.996094 0.931641 0.996094 0.929688 0.994141 0.927734 0.994141 0.925781 0.992188 0.925781 0.988281 0.927734 0.986328 0.929688 0.986328 0.929688 0.984375 0.927734 0.984375 0.921875 0.978516 0.921875 0.976562 0.917969 0.972656 0.919922 0.970703 0.921875 0.970703 0.923828 0.968750 0.925781 0.968750 0.923828 0.968750 0.921875 0.966797 0.921875 0.962891 0.919922 0.960938 0.917969 0.960938 0.916016 0.962891 0.916016 0.964844 0.919922 0.968750 0.919922 0.970703 0.916016 0.974609 0.912109 0.974609 0.910156 0.972656 0.910156 0.964844 0.904297 0.964844 0.902344 0.962891 0.902344 0.960938 0.900391 0.960938 0.898438 0.958984 0.898438 0.949219 0.896484 0.949219 0.894531 0.947266 0.894531 0.945312
0 0.830078 0.945312 0.830078 0.947266 0.832031 0.947266 0.833984 0.945312 0.835938 0.945312 0.845703 0.955078 0.847656 0.955078 0.853516 0.960938 0.855469 0.960938 0.863281 0.968750 0.865234 0.968750 0.871094 0.974609 0.873047 0.974609 0.876953 0.978516 0.876953 0.990234 0.886719 0.990234 0.886719 0.980469 0.884766 0.980469 0.882812 0.978516 0.882812 0.974609 0.880859 0.972656 0.878906 0.972656 0.875000 0.968750 0.873047 0.968750 0.871094 0.966797 0.869141 0.966797 0.849609 0.947266 0.847656 0.947266 0.845703 0.945312 0.843750 0.945312 0.841797 0.943359 0.833984 0.943359 0.832031 0.945312
0 0.798828 0.927734 0.798828 0.929688 0.800781 0.931641 0.800781 0.935547 0.802734 0.937500 0.804688 0.937500 0.806641 0.939453 0.808594 0.939453 0.810547 0.941406 0.812500 0.941406 0.814453 0.943359 0.816406 0.943359 0.818359 0.945312 0.820312 0.945312 0.822266 0.943359 0.824219 0.943359 0.824219 0.941406 0.826172 0.939453 0.826172 0.935547 0.818359 0.935547 0.810547 0.927734 0.808594 0.927734 0.806641 0.925781 0.800781 0.925781
0 0.888672 0.914062 0.888672 0.916016 0.890625 0.917969 0.888672 0.919922 0.894531 0.919922 0.896484 0.921875 0.896484 0.923828 0.898438 0.923828 0.900391 0.925781 0.900391 0.927734 0.910156 0.927734 0.912109 0.929688 0.912109 0.931641 0.921875 0.931641 0.923828 0.933594 0.923828 0.939453 0.933594 0.939453 0.929688 0.939453 0.927734 0.937500 0.927734 0.935547 0.921875 0.929688 0.919922 0.931641 0.916016 0.931641 0.914062 0.929688 0.916016 0.927734 0.914062 0.925781 0.908203 0.925781 0.906250 0.923828 0.906250 0.921875 0.904297 0.921875 0.902344 0.919922 0.902344 0.917969 0.896484 0.917969 0.894531 0.916016 0.894531 0.914062
0 0.548828 0.908203 0.544922 0.912109 0.542969 0.912109 0.542969 0.919922 0.544922 0.921875 0.544922 0.927734 0.544922 0.919922 0.546875 0.917969 0.548828 0.917969 0.548828 0.912109 0.546875 0.910156
0 0.687500 0.873047 0.687500 0.875000 0.689453 0.875000 0.691406 0.876953 0.691406 0.878906 0.697266 0.878906 0.699219 0.876953 0.701172 0.878906 0.705078 0.878906 0.705078 0.876953 0.707031 0.875000 0.712891 0.875000 0.714844 0.876953 0.714844 0.878906 0.720703 0.878906 0.720703 0.873047 0.707031 0.873047 0.705078 0.871094 0.705078 0.869141 0.695312 0.869141 0.695312 0.871094 0.693359 0.873047
0 0.685547 0.822266 0.679688 0.822266 0.679688 0.824219 0.677734 0.826172 0.671875 0.826172 0.671875 0.828125 0.669922 0.830078 0.667969 0.830078 0.667969 0.832031 0.669922 0.830078 0.671875 0.830078 0.673828 0.832031 0.673828 0.830078 0.675781 0.828125 0.679688 0.828125 0.683594 0.824219 0.685547 0.824219
0 0.980469 0.693359 0.980469 0.695312 0.982422 0.695312 0.984375 0.697266 0.984375 0.699219 0.986328 0.699219 0.988281 0.701172 0.988281 0.703125 0.990234 0.703125 0.992188 0.705078 0.992188 0.707031 0.994141 0.707031 0.994141 0.705078 0.996094 0.703125 0.998047 0.703125 0.998047 0.699219 0.992188 0.699219 0.990234 0.697266 0.988281 0.697266 0.986328 0.695312 0.988281 0.693359 0.996094 0.693359 0.998047 0.695312 0.996094 0.693359 0.992188 0.693359 0.990234 0.691406 0.986328 0.695312 0.984375 0.695312 0.982422 0.693359
0 0.763672 0.658203 0.763672 0.664062 0.761719 0.666016 0.759766 0.666016 0.757812 0.664062 0.757812 0.662109 0.755859 0.662109 0.755859 0.669922 0.759766 0.673828 0.759766 0.677734 0.761719 0.675781 0.763672 0.677734 0.763672 0.685547 0.761719 0.687500 0.759766 0.685547 0.759766 0.687500 0.761719 0.687500 0.763672 0.689453 0.763672 0.693359 0.767578 0.697266 0.767578 0.699219 0.769531 0.699219 0.771484 0.701172 0.771484 0.703125 0.773438 0.703125 0.773438 0.701172 0.775391 0.699219 0.781250 0.699219 0.781250 0.697266 0.777344 0.697266 0.773438 0.693359 0.771484 0.693359 0.769531 0.691406 0.769531 0.677734 0.767578 0.677734 0.765625 0.675781 0.765625 0.669922 0.767578 0.667969 0.769531 0.667969 0.769531 0.662109 0.767578 0.662109
0 0.998047 0.578125 0.996094 0.578125 0.994141 0.580078 0.992188 0.580078 0.990234 0.582031 0.992188 0.582031 0.994141 0.583984 0.994141 0.589844 0.992188 0.591797 0.992188 0.593750 0.996094 0.593750 0.996094 0.587891 0.998047 0.585938
0 0.732422 0.574219 0.728516 0.574219 0.726562 0.576172 0.724609 0.576172 0.720703 0.580078 0.730469 0.580078 0.730469 0.578125 0.732422 0.576172
0 0.861328 0.421875 0.859375 0.421875 0.857422 0.419922 0.857422 0.417969 0.855469 0.417969 0.853516 0.419922 0.845703 0.419922 0.845703 0.421875 0.843750 0.423828 0.843750 0.427734 0.845703 0.427734 0.845703 0.425781 0.847656 0.423828 0.849609 0.423828 0.849609 0.421875 0.851562 0.419922 0.853516 0.419922 0.859375 0.425781 0.859375 0.427734 0.861328 0.425781
0 0.998047 0.322266 0.990234 0.322266 0.988281 0.324219 0.986328 0.324219 0.988281 0.326172 0.988281 0.328125 0.986328 0.330078 0.986328 0.333984 0.982422 0.337891 0.980469 0.337891 0.980469 0.339844 0.976562 0.343750 0.976562 0.347656 0.974609 0.349609 0.974609 0.355469 0.982422 0.355469 0.984375 0.353516 0.994141 0.353516 0.996094 0.355469 0.998047 0.353516
0 0.888672 0.226562 0.888672 0.228516 0.892578 0.232422 0.892578 0.236328 0.894531 0.236328 0.896484 0.238281 0.896484 0.240234 0.902344 0.240234 0.904297 0.242188 0.904297 0.244141 0.914062 0.244141 0.916016 0.246094 0.916016 0.248047 0.917969 0.248047 0.919922 0.250000 0.919922 0.251953 0.917969 0.253906 0.916016 0.253906 0.916016 0.255859 0.914062 0.257812 0.912109 0.257812 0.912109 0.267578 0.914062 0.267578 0.916016 0.269531 0.916016 0.275391 0.914062 0.277344 0.912109 0.277344 0.912109 0.283203 0.914062 0.283203 0.916016 0.285156 0.916016 0.291016 0.917969 0.291016 0.919922 0.292969 0.919922 0.294922 0.921875 0.296875 0.919922 0.298828 0.921875 0.298828 0.925781 0.304688 0.923828 0.306641 0.925781 0.306641 0.927734 0.308594 0.927734 0.310547 0.929688 0.310547 0.931641 0.312500 0.931641 0.314453 0.935547 0.314453 0.937500 0.312500 0.937500 0.304688 0.935547 0.302734 0.937500 0.300781 0.935547 0.300781 0.933594 0.298828 0.933594 0.296875 0.929688 0.300781 0.925781 0.300781 0.923828 0.298828 0.925781 0.292969 0.923828 0.292969 0.921875 0.291016 0.921875 0.283203 0.919922 0.281250 0.919922 0.277344 0.917969 0.275391 0.917969 0.273438 0.919922 0.271484 0.921875 0.271484 0.923828 0.273438 0.923828 0.275391 0.925781 0.275391 0.925781 0.273438 0.923828 0.273438 0.921875 0.271484 0.921875 0.250000 0.923828 0.248047 0.925781 0.248047 0.925781 0.242188 0.912109 0.242188 0.910156 0.240234 0.910156 0.234375 0.908203 0.234375 0.906250 0.232422 0.906250 0.230469 0.904297 0.230469 0.902344 0.228516 0.902344 0.226562
0 0.935547 0.183594 0.937500 0.185547 0.933594 0.189453 0.927734 0.187500 0.927734 0.197266 0.923828 0.199219 0.921875 0.207031 0.917969 0.203125 0.912109 0.203125 0.910156 0.207031 0.896484 0.207031 0.894531 0.205078 0.888672 0.207031 0.888672 0.210938 0.898438 0.212891 0.900391 0.216797 0.904297 0.214844 0.906250 0.216797 0.933594 0.216797 0.935547 0.212891 0.941406 0.212891 0.949219 0.208984 0.957031 0.201172 0.962891 0.205078 0.962891 0.208984 0.957031 0.214844 0.951172 0.214844 0.947266 0.218750 0.947266 0.232422 0.957031 0.232422 0.962891 0.238281 0.968750 0.236328 0.972656 0.244141 0.978516 0.242188 0.984375 0.244141 0.970703 0.250000 0.966797 0.248047 0.962891 0.250000 0.960938 0.257812 0.955078 0.257812 0.962891 0.265625 0.962891 0.275391 0.958984 0.277344 0.958984 0.283203 0.962891 0.285156 0.962891 0.294922 0.964844 0.292969 0.968750 0.294922 0.966797 0.302734 0.970703 0.304688 0.962891 0.314453 0.966797 0.316406 0.966797 0.330078 0.962891 0.332031 0.962891 0.341797 0.958984 0.343750 0.962891 0.347656 0.964844 0.332031 0.970703 0.326172 0.978516 0.306641 0.984375 0.304688 0.986328 0.308594 0.988281 0.306641 0.992188 0.308594 0.994141 0.302734 0.990234 0.306641 0.986328 0.300781 0.990234 0.296875 0.998047 0.296875 0.998047 0.218750 0.994141 0.220703 0.990234 0.218750 0.984375 0.220703 0.972656 0.218750 0.966797 0.222656 0.964844 0.220703 0.966797 0.207031 0.962891 0.203125 0.968750 0.201172 0.970703 0.197266 0.976562 0.199219 0.976562 0.205078 0.982422 0.205078 0.988281 0.201172 0.996094 0.203125 0.990234 0.201172 0.986328 0.197266 0.988281 0.193359 0.980469 0.187500 0.972656 0.185547 0.968750 0.187500 0.966797 0.183594
0 0.675781 0.128906 0.673828 0.128906 0.669922 0.132812 0.669922 0.136719 0.664062 0.142578 0.662109 0.142578 0.660156 0.144531 0.660156 0.148438 0.662109 0.150391 0.660156 0.152344 0.654297 0.152344 0.654297 0.154297 0.648438 0.158203 0.660156 0.158203 0.662109 0.160156 0.662109 0.162109 0.658203 0.166016 0.654297 0.166016 0.654297 0.167969 0.652344 0.169922 0.652344 0.179688 0.648438 0.183594 0.648438 0.185547 0.650391 0.187500 0.652344 0.187500 0.652344 0.185547 0.654297 0.183594 0.656250 0.183594 0.656250 0.181641 0.658203 0.179688 0.664062 0.179688 0.666016 0.177734 0.667969 0.179688 0.667969 0.181641 0.669922 0.181641 0.671875 0.183594 0.669922 0.185547 0.667969 0.185547 0.667969 0.189453 0.666016 0.191406 0.662109 0.191406 0.662109 0.197266 0.658203 0.201172 0.654297 0.201172 0.652344 0.199219 0.656250 0.195312 0.654297 0.195312 0.652344 0.193359 0.652344 0.195312 0.648438 0.199219 0.646484 0.197266 0.642578 0.197266 0.642578 0.199219 0.640625 0.201172 0.640625 0.210938 0.638672 0.212891 0.638672 0.214844 0.640625 0.214844 0.646484 0.210938 0.650391 0.210938 0.652344 0.208984 0.652344 0.205078 0.654297 0.203125 0.658203 0.207031 0.658203 0.208984 0.660156 0.210938 0.660156 0.214844 0.664062 0.210938 0.666016 0.210938 0.669922 0.207031 0.671875 0.207031 0.671875 0.205078 0.675781 0.201172 0.677734 0.201172 0.679688 0.203125 0.681641 0.203125 0.683594 0.201172 0.683594 0.193359 0.685547 0.191406 0.687500 0.191406 0.687500 0.189453 0.685547 0.189453 0.683594 0.187500 0.683594 0.181641 0.681641 0.181641 0.679688 0.179688 0.673828 0.179688 0.671875 0.177734 0.669922 0.177734 0.667969 0.175781 0.667969 0.171875 0.666016 0.169922 0.666016 0.167969 0.669922 0.164062 0.667969 0.162109 0.667969 0.158203 0.669922 0.156250 0.671875 0.158203 0.677734 0.154297 0.677734 0.150391 0.679688 0.148438 0.679688 0.138672 0.681641 0.136719 0.685547 0.136719
0 0.943359 0.119141 0.935547 0.119141 0.937500 0.121094 0.933594 0.125000 0.931641 0.125000 0.929688 0.126953 0.927734 0.126953 0.927734 0.128906 0.929688 0.128906 0.931641 0.126953 0.933594 0.128906 0.933594 0.126953 0.935547 0.125000 0.941406 0.125000 0.941406 0.123047 0.943359 0.121094
0 0.687500 0.113281 0.687500 0.117188 0.695312 0.121094 0.691406 0.126953 0.685547 0.125000 0.683594 0.126953 0.689453 0.126953 0.691406 0.130859 0.693359 0.128906 0.699219 0.130859 0.691406 0.134766 0.691406 0.136719 0.695312 0.132812 0.703125 0.132812 0.705078 0.130859 0.707031 0.132812 0.712891 0.130859 0.722656 0.134766 0.726562 0.132812 0.728516 0.138672 0.722656 0.140625 0.726562 0.148438 0.734375 0.154297 0.734375 0.160156 0.736328 0.160156 0.738281 0.164062 0.746094 0.167969 0.744141 0.164062 0.748047 0.162109 0.750000 0.164062 0.750000 0.171875 0.755859 0.167969 0.759766 0.173828 0.755859 0.177734 0.759766 0.173828 0.763672 0.175781 0.761719 0.171875 0.767578 0.169922 0.767578 0.167969 0.771484 0.166016 0.773438 0.158203 0.783203 0.146484 0.785156 0.148438 0.785156 0.162109 0.783203 0.164062 0.779297 0.162109 0.775391 0.169922 0.781250 0.177734 0.787109 0.181641 0.791016 0.181641 0.798828 0.175781 0.798828 0.169922 0.802734 0.167969 0.802734 0.166016 0.792969 0.166016 0.791016 0.164062 0.791016 0.150391 0.798828 0.142578 0.796875 0.140625 0.798828 0.130859 0.794922 0.128906 0.796875 0.125000 0.792969 0.123047 0.798828 0.121094 0.798828 0.119141 0.796875 0.119141 0.791016 0.111328 0.787109 0.113281 0.785156 0.107422 0.779297 0.111328 0.775391 0.109375 0.773438 0.105469 0.771484 0.107422 0.773438 0.113281 0.769531 0.115234 0.763672 0.111328 0.761719 0.113281 0.759766 0.111328 0.759766 0.107422 0.763672 0.101562 0.757812 0.099609 0.750000 0.105469 0.757812 0.111328 0.757812 0.117188 0.753906 0.125000 0.757812 0.128906 0.755859 0.132812 0.748047 0.126953 0.746094 0.128906 0.736328 0.123047 0.728516 0.123047 0.722656 0.119141 0.720703 0.121094 0.712891 0.119141 0.712891 0.121094 0.708984 0.123047 0.697266 0.113281 0.695312 0.115234 0.691406 0.111328
0 0.714844 0.087891 0.714844 0.097656 0.716797 0.099609 0.716797 0.101562 0.720703 0.105469 0.720703 0.107422 0.718750 0.109375 0.722656 0.109375 0.724609 0.111328 0.724609 0.113281 0.726562 0.113281 0.728516 0.111328 0.730469 0.111328 0.736328 0.117188 0.738281 0.115234 0.740234 0.117188 0.742188 0.117188 0.742188 0.113281 0.744141 0.111328 0.742188 0.109375 0.742188 0.107422 0.744141 0.105469 0.742188 0.105469 0.728516 0.091797 0.728516 0.089844 0.726562 0.091797 0.724609 0.089844 0.720703 0.089844 0.718750 0.087891
0 0.902344 0.072266 0.892578 0.072266 0.892578 0.074219 0.890625 0.076172 0.888672 0.076172 0.888672 0.082031 0.886719 0.083984 0.884766 0.083984 0.884766 0.085938 0.882812 0.087891 0.880859 0.087891 0.880859 0.093750 0.882812 0.093750 0.884766 0.095703 0.884766 0.097656 0.886719 0.097656 0.886719 0.095703 0.888672 0.093750 0.890625 0.093750 0.890625 0.091797 0.892578 0.089844 0.894531 0.089844 0.894531 0.087891 0.896484 0.085938 0.898438 0.085938 0.898438 0.080078 0.900391 0.078125 0.902344 0.078125
0 0.941406 0.056641 0.941406 0.058594 0.943359 0.058594 0.945312 0.060547 0.945312 0.062500 0.951172 0.062500 0.953125 0.064453 0.953125 0.066406 0.955078 0.066406 0.957031 0.068359 0.957031 0.070312 0.990234 0.070312 0.992188 0.072266 0.992188 0.078125 0.998047 0.078125 0.998047 0.074219 0.996094 0.076172 0.994141 0.074219 0.994141 0.072266 0.996094 0.070312 0.998047 0.070312 0.998047 0.048828 0.994141 0.048828 0.992188 0.050781 0.990234 0.048828 0.988281 0.048828 0.984375 0.044922 0.986328 0.042969 0.988281 0.042969 0.990234 0.044922 0.992188 0.044922 0.990234 0.042969 0.990234 0.041016 0.980469 0.041016 0.978516 0.039062 0.978516 0.033203 0.972656 0.033203 0.972656 0.035156 0.970703 0.037109 0.968750 0.037109 0.968750 0.039062 0.966797 0.041016 0.964844 0.041016 0.964844 0.042969 0.962891 0.044922 0.960938 0.044922 0.960938 0.046875 0.955078 0.052734 0.945312 0.052734 0.945312 0.054688 0.943359 0.056641
0 0.830078 0.023438 0.828125 0.025391 0.832031 0.029297 0.832031 0.031250 0.833984 0.033203 0.832031 0.035156 0.830078 0.035156 0.832031 0.037109 0.832031 0.039062 0.833984 0.041016 0.835938 0.041016 0.839844 0.044922 0.841797 0.044922 0.841797 0.041016 0.843750 0.039062 0.841797 0.037109 0.841797 0.035156 0.843750 0.033203 0.843750 0.021484 0.841797 0.023438 0.839844 0.021484 0.835938 0.021484 0.833984 0.023438
0 0.984375 0.017578 0.984375 0.019531 0.986328 0.019531 0.988281 0.021484 0.988281 0.023438 0.990234 0.023438 0.992188 0.025391 0.992188 0.035156 0.994141 0.035156 0.996094 0.037109 0.996094 0.039062 0.998047 0.039062 0.998047 0.021484 0.992188 0.021484 0.990234 0.019531 0.990234 0.017578
0 0.970703 0.000000 0.880859 0.021484 0.822266 0.083984 0.816406 0.144531 0.841797 0.097656 0.845703 0.113281 0.859375 0.107422 0.808594 0.177734 0.808594 0.251953 0.835938 0.263672 0.869141 0.304688 0.912109 0.412109 0.904297 0.423828 0.898438 0.410156 0.888672 0.462891 0.765625 0.535156 0.738281 0.591797 0.759766 0.648438 0.841797 0.662109 0.859375 0.710938 0.818359 0.742188 0.750000 0.751953 0.636719 0.804688 0.601562 0.835938 0.591797 0.830078 0.593750 0.843750 0.566406 0.873047 0.548828 0.998047 0.554688 0.984375 0.564453 0.992188 0.564453 0.974609 0.556641 0.984375 0.570312 0.921875 0.568359 0.880859 0.632812 0.810547 0.757812 0.753906 0.779297 0.751953 0.771484 0.757812 0.794922 0.767578 0.769531 0.781250 0.785156 0.785156 0.810547 0.757812 0.835938 0.757812 0.812500 0.751953 0.859375 0.726562 0.871094 0.699219 0.863281 0.673828 0.837891 0.654297 0.763672 0.634766 0.742188 0.587891 0.789062 0.525391 0.804688 0.537109 0.812500 0.517578 0.880859 0.478516 0.914062 0.427734 0.906250 0.330078 0.867188 0.298828 0.806641 0.195312 0.855469 0.148438 0.845703 0.142578 0.867188 0.109375 0.869141 0.042969
