0 0.628906 0.541016 0.628906 0.552734 0.630859 0.554688 0.630859 0.558594 0.625000 0.564453 0.625000 0.566406 0.621094 0.570312 0.621094 0.572266 0.619141 0.574219 0.619141 0.578125 0.617188 0.580078 0.615234 0.580078 0.615234 0.583984 0.617188 0.583984 0.619141 0.582031 0.621094 0.583984 0.625000 0.580078 0.626953 0.580078 0.628906 0.578125 0.628906 0.576172 0.640625 0.564453 0.640625 0.562500 0.638672 0.560547 0.638672 0.558594 0.636719 0.556641 0.636719 0.554688 0.634766 0.552734 0.634766 0.550781 0.630859 0.546875 0.630859 0.544922 0.628906 0.542969
0 0.730469 0.476562 0.730469 0.480469 0.732422 0.482422 0.742188 0.482422 0.744141 0.484375 0.761719 0.484375 0.759766 0.484375 0.757812 0.482422 0.753906 0.482422 0.751953 0.480469 0.746094 0.480469 0.744141 0.478516 0.736328 0.478516 0.734375 0.476562
0 0.578125 0.476562 0.568359 0.486328 0.568359 0.488281 0.566406 0.490234 0.566406 0.492188 0.564453 0.494141 0.564453 0.498047 0.562500 0.500000 0.562500 0.517578 0.566406 0.517578 0.568359 0.519531 0.574219 0.519531 0.576172 0.521484 0.582031 0.521484 0.585938 0.517578 0.587891 0.517578 0.591797 0.513672 0.591797 0.511719 0.593750 0.509766 0.593750 0.505859 0.591797 0.503906 0.591797 0.501953 0.589844 0.500000 0.589844 0.498047 0.585938 0.498047 0.585938 0.505859 0.583984 0.507812 0.583984 0.511719 0.582031 0.513672 0.574219 0.513672 0.568359 0.507812 0.568359 0.503906 0.570312 0.501953 0.572266 0.501953 0.578125 0.496094 0.578125 0.494141 0.580078 0.492188 0.580078 0.490234 0.582031 0.488281 0.582031 0.486328 0.583984 0.484375 0.583984 0.482422 0.585938 0.480469 0.585938 0.478516 0.582031 0.478516 0.580078 0.476562
0 0.789062 0.470703 0.787109 0.468750 0.785156 0.470703 0.781250 0.466797 0.781250 0.468750 0.779297 0.470703 0.777344 0.470703 0.777344 0.472656 0.779297 0.474609 0.779297 0.478516 0.781250 0.478516 0.783203 0.476562 0.785156 0.476562 0.785156 0.472656 0.787109 0.470703
0 0.826172 0.464844 0.814453 0.460938 0.808594 0.468750 0.806641 0.464844 0.792969 0.468750 0.791016 0.474609 0.794922 0.472656 0.798828 0.482422 0.791016 0.488281 0.783203 0.484375 0.789062 0.494141 0.773438 0.501953 0.775391 0.509766 0.765625 0.500000 0.751953 0.507812 0.746094 0.500000 0.740234 0.500000 0.744141 0.494141 0.738281 0.492188 0.738281 0.505859 0.732422 0.507812 0.730469 0.501953 0.714844 0.511719 0.718750 0.513672 0.714844 0.527344 0.705078 0.523438 0.701172 0.505859 0.685547 0.498047 0.691406 0.513672 0.673828 0.513672 0.664062 0.523438 0.675781 0.521484 0.677734 0.525391 0.671875 0.531250 0.644531 0.541016 0.658203 0.541016 0.667969 0.550781 0.656250 0.562500 0.656250 0.611328 0.640625 0.632812 0.623047 0.625000 0.613281 0.615234 0.609375 0.603516 0.587891 0.609375 0.603516 0.619141 0.599609 0.625000 0.552734 0.601562 0.539062 0.601562 0.523438 0.623047 0.513672 0.625000 0.500000 0.638672 0.486328 0.636719 0.455078 0.656250 0.488281 0.644531 0.498047 0.648438 0.505859 0.644531 0.539062 0.613281 0.564453 0.613281 0.595703 0.630859 0.636719 0.634766 0.646484 0.648438 0.667969 0.648438 0.683594 0.666016 0.683594 0.679688 0.699219 0.683594 0.705078 0.667969 0.755859 0.625000 0.787109 0.615234 0.812500 0.597656 0.818359 0.576172 0.824219 0.574219 0.826172 0.564453 0.822266 0.562500 0.830078 0.552734 0.832031 0.541016 0.828125 0.527344 0.822266 0.525391 0.822266 0.509766 0.812500 0.484375 0.812500 0.476562 0.818359 0.476562
0 0.611328 0.460938 0.609375 0.462891 0.609375 0.464844 0.607422 0.466797 0.607422 0.468750 0.605469 0.470703 0.605469 0.472656 0.603516 0.474609 0.603516 0.476562 0.595703 0.484375 0.595703 0.494141 0.597656 0.496094 0.597656 0.498047 0.599609 0.500000 0.603516 0.500000 0.605469 0.501953 0.607422 0.501953 0.609375 0.503906 0.613281 0.503906 0.615234 0.501953 0.615234 0.500000 0.613281 0.500000 0.611328 0.498047 0.607422 0.498047 0.603516 0.494141 0.603516 0.492188 0.605469 0.490234 0.605469 0.488281 0.607422 0.486328 0.607422 0.484375 0.609375 0.482422 0.609375 0.480469 0.611328 0.478516 0.611328 0.476562 0.613281 0.474609 0.613281 0.470703 0.611328 0.468750
0 0.554688 0.447266 0.564453 0.457031 0.564453 0.458984 0.568359 0.458984 0.570312 0.460938 0.578125 0.460938 0.580078 0.462891 0.605469 0.462891 0.605469 0.458984 0.603516 0.457031 0.578125 0.457031 0.576172 0.455078 0.574219 0.455078 0.572266 0.453125 0.570312 0.453125 0.568359 0.451172 0.564453 0.451172 0.562500 0.449219 0.560547 0.449219 0.558594 0.447266
0 0.458984 0.419922 0.457031 0.417969 0.457031 0.416016 0.447266 0.416016 0.445312 0.417969 0.439453 0.417969 0.437500 0.419922 0.435547 0.419922 0.433594 0.421875 0.429688 0.417969 0.423828 0.423828 0.416016 0.423828 0.414062 0.425781 0.417969 0.429688 0.417969 0.437500 0.419922 0.439453 0.425781 0.439453 0.425781 0.431641 0.427734 0.429688 0.429688 0.429688 0.431641 0.427734 0.433594 0.427734 0.435547 0.425781 0.439453 0.425781 0.441406 0.423828 0.443359 0.423828 0.445312 0.421875 0.451172 0.421875 0.453125 0.423828 0.455078 0.423828 0.457031 0.425781 0.458984 0.425781
0 0.349609 0.394531 0.349609 0.400391 0.351562 0.402344 0.351562 0.410156 0.353516 0.410156 0.355469 0.412109 0.373047 0.412109 0.375000 0.410156 0.380859 0.410156 0.388672 0.402344 0.386719 0.402344 0.384766 0.404297 0.382812 0.404297 0.380859 0.406250 0.378906 0.406250 0.376953 0.408203 0.375000 0.408203 0.373047 0.410156 0.363281 0.410156 0.361328 0.408203 0.359375 0.410156 0.355469 0.406250 0.355469 0.404297 0.351562 0.400391 0.351562 0.394531
0 0.000000 0.333984 0.000000 0.337891 0.007812 0.343750 0.033203 0.345703 0.035156 0.347656 0.041016 0.347656 0.046875 0.351562 0.072266 0.355469 0.083984 0.361328 0.099609 0.365234 0.109375 0.371094 0.113281 0.371094 0.119141 0.376953 0.126953 0.376953 0.132812 0.380859 0.136719 0.380859 0.138672 0.384766 0.128906 0.392578 0.125000 0.388672 0.115234 0.392578 0.117188 0.404297 0.113281 0.406250 0.113281 0.408203 0.125000 0.414062 0.128906 0.421875 0.136719 0.423828 0.140625 0.427734 0.140625 0.433594 0.138672 0.435547 0.132812 0.435547 0.128906 0.441406 0.132812 0.441406 0.134766 0.443359 0.144531 0.443359 0.146484 0.439453 0.154297 0.449219 0.158203 0.445312 0.167969 0.451172 0.167969 0.445312 0.169922 0.443359 0.171875 0.445312 0.171875 0.416016 0.173828 0.414062 0.171875 0.400391 0.179688 0.390625 0.171875 0.386719 0.166016 0.386719 0.154297 0.380859 0.148438 0.380859 0.126953 0.373047 0.121094 0.373047 0.117188 0.369141 0.109375 0.367188 0.101562 0.359375 0.091797 0.359375 0.078125 0.353516 0.056641 0.349609 0.052734 0.345703 0.039062 0.345703 0.035156 0.341797 0.027344 0.341797 0.023438 0.335938 0.019531 0.339844 0.015625 0.339844
0 0.121094 0.326172 0.123047 0.328125 0.123047 0.332031 0.126953 0.332031 0.128906 0.333984 0.128906 0.335938 0.130859 0.337891 0.138672 0.337891 0.140625 0.339844 0.144531 0.339844 0.146484 0.341797 0.148438 0.341797 0.150391 0.343750 0.160156 0.343750 0.162109 0.345703 0.175781 0.345703 0.175781 0.341797 0.173828 0.341797 0.169922 0.337891 0.166016 0.337891 0.164062 0.335938 0.148438 0.335938 0.144531 0.332031 0.144531 0.328125 0.142578 0.326172 0.140625 0.326172 0.138672 0.324219 0.126953 0.324219 0.125000 0.326172
0 0.564453 0.267578 0.560547 0.265625 0.562500 0.275391 0.548828 0.298828 0.548828 0.318359 0.541016 0.326172 0.537109 0.351562 0.527344 0.359375 0.501953 0.359375 0.501953 0.367188 0.496094 0.376953 0.455078 0.376953 0.435547 0.367188 0.427734 0.359375 0.404297 0.355469 0.404297 0.347656 0.388672 0.335938 0.343750 0.333984 0.328125 0.310547 0.324219 0.310547 0.312500 0.318359 0.312500 0.324219 0.316406 0.330078 0.328125 0.333984 0.330078 0.345703 0.349609 0.355469 0.384766 0.349609 0.388672 0.355469 0.386719 0.369141 0.392578 0.384766 0.384766 0.384766 0.378906 0.363281 0.343750 0.363281 0.296875 0.382812 0.292969 0.398438 0.304688 0.384766 0.349609 0.365234 0.369141 0.365234 0.375000 0.371094 0.380859 0.386719 0.392578 0.394531 0.390625 0.398438 0.398438 0.384766 0.398438 0.375000 0.390625 0.365234 0.392578 0.357422 0.414062 0.361328 0.427734 0.371094 0.449219 0.378906 0.488281 0.382812 0.513672 0.396484 0.515625 0.394531 0.505859 0.382812 0.503906 0.375000 0.513672 0.365234 0.533203 0.363281 0.542969 0.351562 0.544922 0.328125 0.552734 0.314453 0.554688 0.296875 0.564453 0.281250
0 0.687500 0.232422 0.685547 0.234375 0.683594 0.234375 0.681641 0.236328 0.681641 0.238281 0.679688 0.240234 0.677734 0.238281 0.679688 0.240234 0.681641 0.240234 0.683594 0.242188 0.683594 0.246094 0.681641 0.248047 0.683594 0.248047 0.685547 0.246094 0.685547 0.244141 0.683594 0.242188 0.683594 0.240234 0.685547 0.238281 0.689453 0.238281 0.689453 0.234375
0 0.675781 0.226562 0.671875 0.226562 0.667969 0.230469 0.666016 0.228516 0.664062 0.230469 0.664062 0.232422 0.662109 0.234375 0.658203 0.234375 0.656250 0.236328 0.652344 0.236328 0.650391 0.238281 0.646484 0.238281 0.644531 0.240234 0.636719 0.240234 0.634766 0.238281 0.634766 0.240234 0.648438 0.240234 0.650391 0.238281 0.656250 0.238281 0.658203 0.236328 0.660156 0.236328 0.662109 0.234375 0.664062 0.234375 0.666016 0.232422 0.667969 0.232422 0.669922 0.230469 0.671875 0.230469
0 0.595703 0.214844 0.589844 0.214844 0.587891 0.212891 0.576172 0.212891 0.576172 0.214844 0.570312 0.220703 0.570312 0.222656 0.558594 0.234375 0.558594 0.248047 0.560547 0.250000 0.560547 0.242188 0.562500 0.240234 0.562500 0.238281 0.564453 0.236328 0.564453 0.234375 0.576172 0.222656 0.578125 0.222656 0.583984 0.216797 0.585938 0.216797 0.587891 0.218750 0.589844 0.218750 0.591797 0.216797 0.593750 0.216797
0 0.722656 0.169922 0.720703 0.171875 0.718750 0.171875 0.716797 0.173828 0.714844 0.173828 0.712891 0.171875 0.708984 0.171875 0.708984 0.177734 0.707031 0.179688 0.705078 0.179688 0.703125 0.177734 0.703125 0.179688 0.705078 0.181641 0.705078 0.183594 0.707031 0.183594 0.708984 0.181641 0.718750 0.181641 0.720703 0.179688 0.720703 0.175781 0.722656 0.173828
0 0.804688 0.236328 0.806641 0.242188 0.812500 0.250000 0.833984 0.269531 0.833984 0.251953 0.837891 0.246094 0.839844 0.238281 0.843750 0.234375 0.847656 0.234375 0.859375 0.228516 0.884766 0.232422 0.896484 0.244141 0.896484 0.248047 0.898438 0.250000 0.900391 0.248047 0.908203 0.251953 0.912109 0.255859 0.912109 0.259766 0.914062 0.261719 0.923828 0.261719 0.929688 0.257812 0.933594 0.257812 0.939453 0.253906 0.947266 0.244141 0.949219 0.244141 0.949219 0.242188 0.941406 0.234375 0.941406 0.230469 0.943359 0.228516 0.943359 0.177734 0.935547 0.177734 0.933594 0.179688 0.916016 0.179688 0.914062 0.177734 0.910156 0.177734 0.896484 0.167969 0.878906 0.162109 0.863281 0.150391 0.859375 0.166016 0.851562 0.181641 0.865234 0.191406 0.863281 0.195312 0.875000 0.195312 0.880859 0.201172 0.878906 0.214844 0.876953 0.216797 0.873047 0.214844 0.869141 0.208984 0.867188 0.201172 0.847656 0.195312 0.843750 0.201172 0.845703 0.214844 0.835938 0.226562 0.822266 0.228516
0 0.593750 0.109375 0.593750 0.111328 0.587891 0.117188 0.585938 0.117188 0.583984 0.119141 0.583984 0.121094 0.572266 0.132812 0.572266 0.134766 0.562500 0.144531 0.562500 0.146484 0.535156 0.173828 0.531250 0.173828 0.529297 0.171875 0.521484 0.171875 0.517578 0.167969 0.515625 0.167969 0.507812 0.160156 0.507812 0.166016 0.509766 0.167969 0.509766 0.175781 0.511719 0.177734 0.511719 0.181641 0.513672 0.183594 0.515625 0.183594 0.521484 0.189453 0.523438 0.189453 0.529297 0.193359 0.542969 0.193359 0.548828 0.199219 0.548828 0.203125 0.550781 0.205078 0.550781 0.207031 0.554688 0.207031 0.556641 0.205078 0.558594 0.205078 0.572266 0.197266 0.576172 0.197266 0.578125 0.195312 0.580078 0.195312 0.568359 0.183594 0.568359 0.173828 0.566406 0.171875 0.566406 0.167969 0.568359 0.166016 0.574219 0.164062 0.578125 0.160156 0.583984 0.158203 0.583984 0.156250 0.574219 0.156250 0.572266 0.154297 0.574219 0.152344 0.576172 0.152344 0.582031 0.146484 0.583984 0.146484 0.587891 0.142578 0.599609 0.142578 0.601562 0.140625 0.603516 0.140625 0.603516 0.136719 0.601562 0.134766 0.601562 0.126953 0.599609 0.125000 0.599609 0.123047 0.595703 0.119141 0.593750 0.119141 0.591797 0.117188 0.591797 0.115234 0.593750 0.113281
0 0.712891 0.099609 0.712891 0.101562 0.708984 0.105469 0.710938 0.105469 0.712891 0.107422 0.712891 0.109375 0.714844 0.107422 0.716797 0.107422 0.718750 0.109375 0.720703 0.107422 0.718750 0.107422 0.714844 0.103516 0.714844 0.099609
0 0.640625 0.095703 0.638672 0.097656 0.642578 0.101562 0.640625 0.103516 0.640625 0.111328 0.644531 0.111328 0.642578 0.109375 0.642578 0.103516 0.644531 0.101562 0.644531 0.099609 0.646484 0.097656 0.644531 0.099609
0 0.914062 0.064453 0.914062 0.068359 0.916016 0.070312 0.916016 0.072266 0.914062 0.074219 0.912109 0.074219 0.910156 0.076172 0.908203 0.076172 0.908203 0.078125 0.906250 0.080078 0.906250 0.083984 0.904297 0.085938 0.904297 0.089844 0.906250 0.091797 0.906250 0.093750 0.912109 0.099609 0.914062 0.099609 0.917969 0.103516 0.919922 0.103516 0.919922 0.101562 0.921875 0.099609 0.921875 0.097656 0.923828 0.095703 0.923828 0.093750 0.927734 0.089844 0.929688 0.091797 0.931641 0.091797 0.933594 0.093750 0.935547 0.093750 0.939453 0.089844
0 0.591797 0.101562 0.605469 0.103516 0.607422 0.107422 0.611328 0.101562 0.613281 0.103516 0.611328 0.111328 0.625000 0.109375 0.626953 0.111328 0.623047 0.115234 0.626953 0.115234 0.634766 0.109375 0.630859 0.107422 0.636719 0.103516 0.628906 0.095703 0.630859 0.093750 0.625000 0.089844 0.628906 0.085938 0.634766 0.089844 0.634766 0.093750 0.642578 0.083984 0.646484 0.087891 0.652344 0.087891 0.650391 0.085938 0.652344 0.080078 0.660156 0.087891 0.666016 0.085938 0.667969 0.087891 0.666016 0.091797 0.677734 0.089844 0.671875 0.085938 0.673828 0.082031 0.671875 0.083984 0.667969 0.082031 0.671875 0.074219 0.673828 0.078125 0.675781 0.076172 0.671875 0.072266 0.667969 0.078125 0.664062 0.074219 0.666016 0.072266 0.662109 0.066406 0.664062 0.060547 0.667969 0.058594 0.669922 0.062500 0.675781 0.064453 0.673828 0.066406 0.675781 0.068359 0.679688 0.064453 0.675781 0.058594 0.677734 0.056641 0.685547 0.058594 0.679688 0.054688 0.677734 0.048828 0.679688 0.046875 0.685547 0.048828 0.689453 0.056641 0.695312 0.050781 0.699219 0.054688 0.697266 0.058594 0.695312 0.056641 0.695312 0.060547 0.699219 0.058594 0.701172 0.060547 0.699219 0.056641 0.703125 0.048828 0.697266 0.052734 0.691406 0.046875 0.697266 0.044922 0.703125 0.037109 0.710938 0.041016 0.718750 0.037109 0.699219 0.035156 0.687500 0.042969 0.675781 0.037109 0.669922 0.042969 0.666016 0.039062 0.662109 0.042969 0.664062 0.046875 0.662109 0.048828 0.658203 0.046875 0.660156 0.050781 0.658203 0.054688 0.646484 0.052734 0.648438 0.056641 0.644531 0.058594 0.634766 0.056641 0.623047 0.048828 0.617188 0.048828 0.615234 0.044922 0.613281 0.048828 0.609375 0.046875 0.605469 0.052734 0.601562 0.048828 0.605469 0.041016 0.597656 0.035156 0.599609 0.031250 0.603516 0.033203 0.595703 0.029297 0.597656 0.025391 0.601562 0.025391 0.595703 0.023438 0.589844 0.037109 0.585938 0.035156 0.589844 0.039062 0.583984 0.041016 0.585938 0.046875 0.591797 0.052734 0.595703 0.062500 0.603516 0.066406 0.605469 0.074219 0.607422 0.070312 0.609375 0.072266 0.619141 0.070312 0.621094 0.072266 0.617188 0.078125 0.621094 0.072266 0.626953 0.074219 0.623047 0.076172 0.626953 0.080078 0.621094 0.083984 0.615234 0.083984 0.611328 0.089844 0.601562 0.080078 0.603516 0.085938 0.599609 0.087891 0.601562 0.091797 0.595703 0.095703 0.599609 0.097656
0 0.708984 0.025391 0.710938 0.025391 0.712891 0.027344 0.714844 0.025391 0.716797 0.027344 0.726562 0.027344 0.728516 0.029297 0.736328 0.029297 0.738281 0.027344 0.746094 0.027344 0.751953 0.033203 0.757812 0.033203 0.759766 0.031250 0.761719 0.033203 0.763672 0.033203 0.761719 0.033203 0.759766 0.031250 0.759766 0.029297 0.765625 0.023438 0.765625 0.019531 0.763672 0.017578 0.763672 0.019531 0.761719 0.021484 0.755859 0.021484 0.751953 0.017578 0.751953 0.015625 0.750000 0.013672 0.748047 0.015625 0.748047 0.019531 0.746094 0.021484 0.732422 0.021484 0.730469 0.019531 0.730469 0.017578 0.728516 0.015625 0.728516 0.013672 0.720703 0.021484 0.716797 0.021484 0.714844 0.019531 0.718750 0.015625 0.716797 0.015625 0.712891 0.019531 0.712891 0.021484
0 0.861328 0.017578 0.853516 0.009766 0.851562 0.009766 0.853516 0.011719 0.851562 0.013672 0.851562 0.015625 0.845703 0.021484 0.845703 0.023438 0.843750 0.025391 0.841797 0.025391 0.839844 0.027344 0.835938 0.027344 0.832031 0.031250 0.830078 0.031250 0.816406 0.044922 0.816406 0.054688 0.820312 0.050781 0.820312 0.048828 0.822266 0.046875 0.822266 0.044922 0.832031 0.035156 0.839844 0.035156 0.839844 0.029297 0.841797 0.027344 0.843750 0.027344 0.847656 0.023438 0.851562 0.023438 0.851562 0.021484 0.853516 0.019531 0.855469 0.019531 0.857422 0.017578
