0 0.437500 0.757812 0.437500 0.759766 0.435547 0.761719 0.433594 0.761719 0.433594 0.763672 0.431641 0.765625 0.429688 0.765625 0.429688 0.767578 0.431641 0.767578 0.433594 0.769531 0.433594 0.771484 0.437500 0.771484 0.439453 0.769531 0.441406 0.771484 0.443359 0.771484 0.445312 0.773438 0.445312 0.779297 0.447266 0.777344 0.449219 0.779297 0.451172 0.779297 0.453125 0.777344 0.451172 0.775391 0.449219 0.775391 0.447266 0.773438 0.447266 0.771484 0.439453 0.763672 0.439453 0.757812
0 0.921875 0.468750 0.921875 0.470703 0.925781 0.474609 0.925781 0.476562 0.929688 0.480469 0.929688 0.482422 0.933594 0.486328 0.933594 0.488281 0.935547 0.490234 0.935547 0.492188 0.939453 0.496094 0.939453 0.498047 0.943359 0.501953 0.943359 0.503906 0.947266 0.507812 0.947266 0.509766 0.951172 0.513672 0.951172 0.515625 0.953125 0.517578 0.953125 0.519531 0.957031 0.523438 0.957031 0.525391 0.966797 0.525391 0.968750 0.527344 0.982422 0.527344 0.986328 0.531250 0.988281 0.531250 0.992188 0.535156 0.994141 0.535156 0.998047 0.539062 0.998047 0.500000 0.996094 0.498047 0.994141 0.500000 0.990234 0.500000 0.988281 0.501953 0.984375 0.501953 0.982422 0.503906 0.980469 0.503906 0.978516 0.505859 0.970703 0.505859 0.968750 0.503906 0.960938 0.503906 0.958984 0.505859 0.957031 0.505859 0.951172 0.500000 0.951172 0.496094 0.949219 0.494141 0.949219 0.492188 0.947266 0.490234 0.947266 0.488281 0.933594 0.474609 0.931641 0.474609 0.927734 0.470703 0.925781 0.470703 0.923828 0.468750
0 0.064453 0.324219 0.060547 0.328125 0.058594 0.328125 0.052734 0.333984 0.050781 0.333984 0.050781 0.335938 0.048828 0.337891 0.046875 0.337891 0.042969 0.333984 0.039062 0.333984 0.041016 0.333984 0.042969 0.335938 0.042969 0.339844 0.041016 0.341797 0.037109 0.341797 0.035156 0.343750 0.031250 0.343750 0.029297 0.345703 0.025391 0.345703 0.023438 0.347656 0.019531 0.347656 0.017578 0.345703 0.009766 0.345703 0.003906 0.339844 0.003906 0.337891 0.001953 0.335938 0.001953 0.333984 0.000000 0.332031 0.000000 0.343750 0.005859 0.349609 0.005859 0.351562 0.011719 0.351562 0.013672 0.353516 0.023438 0.353516 0.025391 0.351562 0.029297 0.351562 0.031250 0.349609 0.037109 0.349609 0.039062 0.347656 0.041016 0.347656 0.042969 0.345703 0.044922 0.345703 0.044922 0.343750 0.060547 0.328125 0.062500 0.328125 0.064453 0.326172
0 0.097656 0.316406 0.095703 0.318359 0.091797 0.318359 0.089844 0.320312 0.083984 0.320312 0.082031 0.322266 0.078125 0.322266 0.076172 0.324219 0.074219 0.324219 0.074219 0.326172 0.072266 0.328125 0.072266 0.332031 0.070312 0.333984 0.070312 0.335938 0.068359 0.337891 0.068359 0.341797 0.066406 0.343750 0.068359 0.345703 0.068359 0.347656 0.070312 0.349609 0.070312 0.351562 0.072266 0.353516 0.072266 0.355469 0.074219 0.357422 0.074219 0.359375 0.062500 0.371094 0.060547 0.371094 0.056641 0.375000 0.054688 0.375000 0.048828 0.380859 0.046875 0.380859 0.042969 0.384766 0.041016 0.384766 0.037109 0.388672 0.035156 0.388672 0.033203 0.390625 0.033203 0.392578 0.035156 0.390625 0.037109 0.390625 0.039062 0.388672 0.041016 0.388672 0.042969 0.386719 0.044922 0.386719 0.046875 0.384766 0.048828 0.384766 0.050781 0.382812 0.052734 0.382812 0.054688 0.380859 0.056641 0.380859 0.060547 0.376953 0.062500 0.376953 0.066406 0.373047 0.068359 0.373047 0.072266 0.369141 0.076172 0.369141 0.078125 0.367188 0.083984 0.367188 0.085938 0.365234 0.087891 0.365234 0.093750 0.359375 0.095703 0.359375 0.095703 0.357422 0.093750 0.357422 0.087891 0.361328 0.083984 0.361328 0.082031 0.359375 0.082031 0.355469 0.080078 0.353516 0.080078 0.351562 0.074219 0.345703 0.072266 0.345703 0.070312 0.343750 0.070312 0.339844 0.072266 0.337891 0.072266 0.335938 0.076172 0.332031 0.078125 0.332031 0.083984 0.326172 0.087891 0.326172 0.089844 0.324219 0.091797 0.324219 0.093750 0.322266 0.095703 0.322266 0.097656 0.320312
0 0.070312 0.300781 0.064453 0.300781 0.064453 0.302734 0.062500 0.304688 0.056641 0.304688 0.056641 0.306641 0.054688 0.308594 0.050781 0.308594 0.050781 0.310547 0.048828 0.312500 0.046875 0.310547 0.046875 0.308594 0.046875 0.310547 0.050781 0.314453 0.046875 0.318359 0.048828 0.316406 0.050781 0.318359 0.050781 0.320312 0.052734 0.320312 0.054688 0.318359 0.056641 0.320312 0.056641 0.322266 0.058594 0.320312 0.060547 0.320312 0.062500 0.318359 0.064453 0.318359 0.064453 0.314453 0.066406 0.312500 0.066406 0.304688
0 0.101562 0.248047 0.099609 0.248047 0.099609 0.253906 0.097656 0.255859 0.095703 0.253906 0.093750 0.255859 0.091797 0.255859 0.091797 0.257812 0.087891 0.261719 0.087891 0.265625 0.089844 0.263672 0.091797 0.263672 0.095703 0.259766 0.097656 0.259766 0.097656 0.257812 0.099609 0.255859 0.101562 0.255859 0.099609 0.253906 0.099609 0.251953 0.101562 0.250000
0 0.212891 0.240234 0.210938 0.242188 0.210938 0.244141 0.208984 0.246094 0.208984 0.253906 0.203125 0.259766 0.203125 0.261719 0.197266 0.267578 0.197266 0.269531 0.193359 0.273438 0.191406 0.273438 0.189453 0.275391 0.183594 0.275391 0.181641 0.273438 0.179688 0.273438 0.177734 0.271484 0.171875 0.271484 0.169922 0.273438 0.166016 0.273438 0.164062 0.275391 0.156250 0.275391 0.154297 0.277344 0.146484 0.277344 0.144531 0.279297 0.140625 0.279297 0.144531 0.279297 0.146484 0.281250 0.158203 0.281250 0.160156 0.283203 0.162109 0.281250 0.167969 0.281250 0.169922 0.279297 0.175781 0.279297 0.177734 0.277344 0.181641 0.277344 0.183594 0.279297 0.187500 0.279297 0.189453 0.281250 0.193359 0.281250 0.195312 0.279297 0.195312 0.277344 0.201172 0.271484 0.201172 0.269531 0.207031 0.263672 0.208984 0.263672 0.210938 0.261719 0.212891 0.261719 0.212891 0.257812 0.210938 0.255859 0.210938 0.246094 0.212891 0.244141
0 0.074219 0.240234 0.072266 0.238281 0.068359 0.238281 0.064453 0.234375 0.062500 0.234375 0.062500 0.236328 0.058594 0.240234 0.056641 0.240234 0.054688 0.238281 0.050781 0.238281 0.048828 0.240234 0.044922 0.240234 0.044922 0.242188 0.041016 0.246094 0.041016 0.248047 0.042969 0.250000 0.042969 0.251953 0.044922 0.253906 0.042969 0.255859 0.041016 0.255859 0.039062 0.257812 0.035156 0.257812 0.033203 0.259766 0.025391 0.259766 0.023438 0.261719 0.017578 0.261719 0.019531 0.263672 0.017578 0.265625 0.015625 0.265625 0.011719 0.261719 0.009766 0.261719 0.007812 0.259766 0.007812 0.257812 0.005859 0.257812 0.003906 0.259766 0.001953 0.259766 0.000000 0.257812 0.000000 0.275391 0.000000 0.273438 0.001953 0.271484 0.005859 0.271484 0.007812 0.269531 0.011719 0.269531 0.013672 0.271484 0.009766 0.275391 0.007812 0.275391 0.007812 0.281250 0.009766 0.281250 0.009766 0.275391 0.011719 0.273438 0.013672 0.273438 0.015625 0.275391 0.017578 0.275391 0.019531 0.277344 0.021484 0.277344 0.021484 0.275391 0.019531 0.273438 0.021484 0.271484 0.021484 0.267578 0.023438 0.265625 0.027344 0.265625 0.029297 0.263672 0.035156 0.263672 0.041016 0.257812 0.042969 0.257812 0.044922 0.255859 0.046875 0.257812 0.048828 0.255859 0.050781 0.257812 0.058594 0.257812 0.058594 0.255859 0.062500 0.251953 0.062500 0.250000 0.066406 0.246094 0.068359 0.246094 0.070312 0.244141 0.070312 0.242188 0.072266 0.240234
0 0.089844 0.216797 0.087891 0.216797 0.085938 0.218750 0.085938 0.222656 0.080078 0.228516 0.076172 0.224609 0.076172 0.222656 0.078125 0.220703 0.080078 0.222656 0.078125 0.220703 0.076172 0.222656 0.076172 0.226562 0.078125 0.226562 0.083984 0.232422 0.085938 0.232422 0.087891 0.230469 0.089844 0.230469 0.089844 0.228516 0.091797 0.226562 0.091797 0.222656 0.089844 0.220703
0 0.134766 0.193359 0.126953 0.193359 0.126953 0.195312 0.125000 0.197266 0.123047 0.197266 0.123047 0.199219 0.119141 0.203125 0.117188 0.203125 0.117188 0.205078 0.119141 0.205078 0.121094 0.203125 0.123047 0.205078 0.123047 0.207031 0.125000 0.207031 0.125000 0.205078 0.128906 0.201172 0.130859 0.201172 0.130859 0.199219 0.134766 0.195312
0 0.984375 0.167969 0.984375 0.177734 0.986328 0.177734 0.988281 0.179688 0.992188 0.179688 0.994141 0.181641 0.998047 0.181641 0.998047 0.169922 0.996094 0.169922 0.994141 0.167969 0.992188 0.167969 0.990234 0.166016 0.992188 0.164062 0.990234 0.164062 0.990234 0.169922 0.988281 0.171875 0.986328 0.171875 0.984375 0.169922 0.986328 0.167969
0 0.796875 0.126953 0.792969 0.126953 0.792969 0.136719 0.791016 0.138672 0.783203 0.138672 0.783203 0.140625 0.785156 0.138672 0.789062 0.142578 0.789062 0.144531 0.787109 0.146484 0.789062 0.146484 0.791016 0.148438 0.789062 0.146484 0.789062 0.142578 0.796875 0.134766 0.798828 0.134766 0.796875 0.132812
0 0.007812 0.109375 0.005859 0.111328 0.003906 0.111328 0.000000 0.115234 0.000000 0.121094 0.001953 0.121094 0.005859 0.117188 0.005859 0.113281 0.007812 0.111328
0 0.640625 0.021484 0.640625 0.023438 0.644531 0.023438 0.646484 0.021484 0.648438 0.023438 0.650391 0.021484 0.654297 0.025391 0.656250 0.025391 0.658203 0.027344 0.662109 0.027344 0.664062 0.029297 0.667969 0.029297 0.669922 0.031250 0.671875 0.037109 0.673828 0.037109 0.675781 0.039062 0.683594 0.039062 0.685547 0.037109 0.683594 0.037109 0.681641 0.035156 0.681641 0.033203 0.683594 0.031250 0.695312 0.031250 0.695312 0.025391 0.697266 0.023438 0.703125 0.023438 0.705078 0.025391 0.705078 0.027344 0.703125 0.029297 0.703125 0.033203 0.705078 0.033203 0.707031 0.031250 0.712891 0.037109 0.712891 0.039062 0.710938 0.041016 0.716797 0.037109 0.718750 0.039062 0.716797 0.033203 0.718750 0.031250 0.722656 0.031250 0.722656 0.029297 0.716797 0.031250 0.714844 0.029297 0.718750 0.025391 0.716797 0.025391 0.714844 0.023438 0.712891 0.023438 0.712891 0.025391 0.710938 0.027344 0.708984 0.027344 0.707031 0.025391 0.708984 0.023438 0.707031 0.023438 0.705078 0.021484 0.705078 0.019531 0.701172 0.023438 0.699219 0.021484 0.695312 0.021484 0.693359 0.023438 0.691406 0.023438 0.691406 0.025391 0.693359 0.025391 0.695312 0.027344 0.693359 0.029297 0.689453 0.029297 0.687500 0.027344 0.687500 0.025391 0.685547 0.025391 0.685547 0.027344 0.683594 0.029297 0.681641 0.029297 0.677734 0.025391 0.677734 0.023438 0.679688 0.021484 0.681641 0.021484 0.681641 0.017578 0.675781 0.017578 0.675781 0.019531 0.677734 0.021484 0.675781 0.023438 0.673828 0.023438 0.669922 0.019531 0.669922 0.017578 0.654297 0.017578 0.656250 0.019531 0.654297 0.021484 0.652344 0.021484 0.650391 0.019531 0.646484 0.019531 0.644531 0.021484
0 0.597656 0.015625 0.619141 0.027344 0.632812 0.042969 0.640625 0.042969 0.660156 0.062500 0.669922 0.060547 0.693359 0.068359 0.722656 0.070312 0.724609 0.076172 0.734375 0.080078 0.728516 0.085938 0.748047 0.080078 0.753906 0.083984 0.750000 0.087891 0.740234 0.085938 0.769531 0.087891 0.783203 0.095703 0.769531 0.097656 0.771484 0.101562 0.781250 0.101562 0.785156 0.093750 0.792969 0.093750 0.798828 0.101562 0.822266 0.093750 0.869141 0.111328 0.880859 0.126953 0.894531 0.123047 0.906250 0.130859 0.916016 0.130859 0.917969 0.138672 0.927734 0.142578 0.923828 0.146484 0.935547 0.150391 0.935547 0.140625 0.947266 0.138672 0.947266 0.132812 0.957031 0.128906 0.968750 0.138672 0.984375 0.138672 0.998047 0.146484 0.998047 0.021484 0.744141 0.017578 0.740234 0.023438 0.740234 0.017578 0.726562 0.021484 0.732422 0.029297 0.728516 0.039062 0.740234 0.023438 0.748047 0.025391 0.759766 0.019531 0.761719 0.029297 0.771484 0.027344 0.771484 0.033203 0.787109 0.044922 0.779297 0.052734 0.767578 0.048828 0.775391 0.052734 0.771484 0.058594 0.744141 0.054688 0.740234 0.060547 0.732422 0.060547 0.691406 0.037109 0.685547 0.042969 0.689453 0.054688 0.666016 0.046875 0.652344 0.052734 0.648438 0.046875 0.652344 0.044922 0.654297 0.048828 0.654297 0.039062 0.650391 0.042969 0.634766 0.027344 0.636719 0.023438 0.625000 0.017578 0.628906 0.015625
0 0.466797 0.007812 0.466797 0.009766 0.468750 0.011719 0.484375 0.011719 0.488281 0.015625 0.490234 0.015625 0.492188 0.017578 0.488281 0.021484 0.488281 0.025391 0.486328 0.027344 0.490234 0.027344 0.494141 0.031250 0.494141 0.037109 0.498047 0.037109 0.503906 0.041016 0.503906 0.044922 0.501953 0.046875 0.503906 0.046875 0.505859 0.044922 0.507812 0.046875 0.507812 0.048828 0.505859 0.050781 0.507812 0.052734 0.509766 0.050781 0.509766 0.046875 0.511719 0.044922 0.515625 0.048828 0.515625 0.050781 0.517578 0.052734 0.517578 0.056641 0.515625 0.058594 0.517578 0.058594 0.519531 0.060547 0.525391 0.058594 0.527344 0.060547 0.527344 0.062500 0.529297 0.062500 0.531250 0.064453 0.529297 0.066406 0.531250 0.066406 0.529297 0.060547 0.527344 0.060547 0.523438 0.054688 0.525391 0.052734 0.527344 0.052734 0.529297 0.054688 0.525391 0.042969 0.525391 0.044922 0.527344 0.046875 0.523438 0.050781 0.519531 0.050781 0.517578 0.048828 0.519531 0.046875 0.513672 0.042969 0.515625 0.041016 0.515625 0.039062 0.519531 0.035156 0.521484 0.035156 0.523438 0.037109 0.523438 0.033203 0.521484 0.031250 0.519531 0.033203 0.517578 0.033203 0.513672 0.029297 0.513672 0.027344 0.515625 0.025391 0.517578 0.027344 0.523438 0.027344 0.523438 0.025391 0.521484 0.027344 0.517578 0.023438 0.519531 0.021484 0.521484 0.021484 0.521484 0.019531 0.523438 0.017578 0.529297 0.019531 0.533203 0.015625 0.535156 0.017578 0.535156 0.015625 0.537109 0.013672 0.546875 0.013672 0.525391 0.013672 0.521484 0.017578 0.517578 0.017578 0.515625 0.015625 0.509766 0.015625 0.507812 0.017578 0.505859 0.017578 0.501953 0.013672 0.500000 0.015625 0.498047 0.015625 0.496094 0.013672 0.492188 0.013672 0.490234 0.011719 0.480469 0.011719 0.478516 0.009766 0.468750 0.009766
0 0.000000 0.193359 0.017578 0.183594 0.031250 0.185547 0.033203 0.177734 0.054688 0.162109 0.064453 0.164062 0.070312 0.160156 0.080078 0.164062 0.082031 0.160156 0.085938 0.166016 0.093750 0.166016 0.099609 0.158203 0.119141 0.158203 0.119141 0.166016 0.130859 0.164062 0.136719 0.167969 0.144531 0.154297 0.158203 0.152344 0.175781 0.134766 0.177734 0.121094 0.191406 0.109375 0.193359 0.099609 0.199219 0.101562 0.197266 0.107422 0.208984 0.126953 0.205078 0.130859 0.210938 0.156250 0.218750 0.166016 0.216797 0.175781 0.224609 0.181641 0.222656 0.169922 0.228516 0.167969 0.224609 0.130859 0.208984 0.119141 0.208984 0.093750 0.218750 0.087891 0.214844 0.099609 0.220703 0.091797 0.222656 0.074219 0.253906 0.066406 0.277344 0.050781 0.289062 0.048828 0.328125 0.000000 0.279297 0.000000 0.277344 0.003906 0.263672 0.000000 0.267578 0.011719 0.283203 0.003906 0.285156 0.007812 0.271484 0.019531 0.255859 0.017578 0.251953 0.033203 0.242188 0.025391 0.251953 0.000000 0.228516 0.000000 0.232422 0.005859 0.226562 0.013672 0.220703 0.000000 0.189453 0.000000 0.191406 0.005859 0.177734 0.001953 0.171875 0.005859 0.169922 0.000000 0.076172 0.000000 0.050781 0.023438 0.037109 0.025391 0.041016 0.031250 0.031250 0.041016 0.025391 0.039062 0.027344 0.033203 0.019531 0.037109 0.015625 0.017578 0.005859 0.015625 0.005859 0.021484 0.009766 0.017578 0.013672 0.023438 0.013672 0.035156 0.005859 0.037109 0.000000 0.023438 0.001953 0.039062 0.009766 0.041016 0.005859 0.050781 0.000000 0.052734 0.000000 0.105469 0.009766 0.103516 0.015625 0.117188 0.000000 0.130859
