0 0.958984 0.968750 0.958984 0.970703 0.957031 0.972656 0.955078 0.972656 0.951172 0.968750 0.945312 0.974609 0.937500 0.974609 0.935547 0.976562 0.935547 0.982422 0.931641 0.986328 0.931641 0.988281 0.929688 0.990234 0.929688 0.992188 0.927734 0.994141 0.927734 0.996094 0.925781 0.998047 0.957031 0.998047 0.957031 0.992188 0.955078 0.990234 0.957031 0.988281 0.957031 0.980469 0.955078 0.978516 0.955078 0.976562 0.957031 0.974609 0.957031 0.972656 0.958984 0.970703
0 0.916016 0.966797 0.914062 0.968750 0.912109 0.966797 0.910156 0.966797 0.910156 0.970703 0.912109 0.972656 0.910156 0.974609 0.910156 0.992188 0.908203 0.994141 0.906250 0.994141 0.904297 0.996094 0.902344 0.996094 0.902344 0.998047 0.910156 0.998047 0.914062 0.994141 0.916016 0.994141 0.919922 0.990234 0.921875 0.990234 0.921875 0.986328 0.919922 0.986328 0.916016 0.982422 0.917969 0.980469 0.919922 0.980469 0.919922 0.978516 0.921875 0.976562 0.925781 0.976562 0.919922 0.976562 0.916016 0.972656
0 0.988281 0.960938 0.986328 0.962891 0.986328 0.970703 0.988281 0.968750 0.990234 0.970703 0.990234 0.976562 0.992188 0.976562 0.994141 0.978516 0.994141 0.980469 0.996094 0.982422 0.996094 0.984375 0.998047 0.982422 0.998047 0.972656 0.996094 0.972656 0.992188 0.968750 0.992188 0.962891 0.990234 0.960938
0 0.888672 0.955078 0.884766 0.955078 0.884766 0.957031 0.880859 0.960938 0.876953 0.960938 0.875000 0.958984 0.876953 0.960938 0.876953 0.964844 0.878906 0.964844 0.884766 0.958984 0.886719 0.960938 0.888672 0.958984
0 0.853516 0.921875 0.853516 0.923828 0.847656 0.929688 0.847656 0.931641 0.845703 0.933594 0.843750 0.933594 0.841797 0.935547 0.841797 0.939453 0.843750 0.939453 0.845703 0.941406 0.845703 0.947266 0.847656 0.949219 0.847656 0.951172 0.851562 0.951172 0.853516 0.953125 0.853516 0.955078 0.855469 0.953125 0.857422 0.955078 0.865234 0.955078 0.857422 0.955078 0.855469 0.953125 0.861328 0.947266 0.863281 0.949219 0.863281 0.947266 0.861328 0.947266 0.859375 0.945312 0.859375 0.943359 0.853516 0.943359 0.851562 0.941406 0.851562 0.939453 0.849609 0.937500 0.851562 0.935547 0.851562 0.933594 0.855469 0.929688 0.859375 0.929688 0.859375 0.925781 0.861328 0.923828 0.859375 0.925781 0.857422 0.923828 0.855469 0.923828
0 0.835938 0.914062 0.833984 0.916016 0.833984 0.921875 0.835938 0.923828 0.835938 0.925781 0.837891 0.925781 0.839844 0.927734 0.835938 0.931641 0.832031 0.931641 0.833984 0.931641 0.835938 0.933594 0.835938 0.935547 0.843750 0.927734 0.839844 0.923828 0.841797 0.921875 0.843750 0.921875 0.843750 0.919922 0.845703 0.917969 0.847656 0.917969 0.841797 0.917969 0.839844 0.916016 0.837891 0.916016
0 0.914062 0.906250 0.914062 0.908203 0.916016 0.910156 0.916016 0.912109 0.917969 0.914062 0.917969 0.917969 0.919922 0.919922 0.919922 0.923828 0.921875 0.923828 0.923828 0.925781 0.923828 0.927734 0.925781 0.929688 0.927734 0.929688 0.927734 0.925781 0.929688 0.923828 0.927734 0.923828 0.925781 0.921875 0.925781 0.919922 0.927734 0.917969 0.927734 0.910156 0.925781 0.908203 0.916016 0.908203
0 0.445312 0.882812 0.445312 0.884766 0.447266 0.884766 0.449219 0.886719 0.451172 0.886719 0.455078 0.890625 0.457031 0.890625 0.460938 0.894531 0.462891 0.894531 0.464844 0.896484 0.480469 0.896484 0.472656 0.896484 0.468750 0.892578 0.468750 0.890625 0.466797 0.888672 0.466797 0.886719 0.460938 0.886719 0.458984 0.884766 0.455078 0.884766 0.451172 0.880859 0.447266 0.880859
0 0.947266 0.855469 0.949219 0.855469 0.951172 0.857422 0.964844 0.857422 0.964844 0.855469 0.962891 0.853516 0.960938 0.853516 0.957031 0.849609 0.958984 0.847656 0.953125 0.847656 0.953125 0.851562 0.951172 0.853516 0.949219 0.851562 0.949219 0.853516
0 0.744141 0.843750 0.744141 0.847656 0.742188 0.849609 0.742188 0.851562 0.740234 0.853516 0.730469 0.853516 0.728516 0.851562 0.726562 0.851562 0.724609 0.853516 0.724609 0.855469 0.722656 0.857422 0.724609 0.859375 0.724609 0.861328 0.726562 0.863281 0.726562 0.865234 0.724609 0.867188 0.726562 0.869141 0.726562 0.873047 0.734375 0.873047 0.734375 0.871094 0.736328 0.869141 0.738281 0.869141 0.738281 0.859375 0.742188 0.855469 0.742188 0.851562 0.744141 0.849609
0 0.400391 0.839844 0.394531 0.839844 0.394531 0.843750 0.390625 0.847656 0.388672 0.847656 0.390625 0.849609 0.390625 0.851562 0.382812 0.859375 0.382812 0.861328 0.380859 0.863281 0.378906 0.863281 0.378906 0.865234 0.380859 0.867188 0.380859 0.869141 0.382812 0.869141 0.384766 0.867188 0.386719 0.869141 0.392578 0.869141 0.392578 0.865234 0.396484 0.861328 0.396484 0.857422 0.392578 0.853516 0.392578 0.847656 0.394531 0.845703 0.394531 0.843750 0.396484 0.841797 0.398438 0.841797
0 0.380859 0.826172 0.380859 0.828125 0.382812 0.830078 0.382812 0.832031 0.384766 0.833984 0.384766 0.835938 0.386719 0.837891 0.386719 0.839844 0.388672 0.839844 0.388672 0.837891 0.386719 0.835938 0.386719 0.826172
0 0.779297 0.824219 0.779297 0.828125 0.775391 0.832031 0.771484 0.830078 0.771484 0.833984 0.773438 0.835938 0.769531 0.839844 0.765625 0.839844 0.765625 0.841797 0.761719 0.843750 0.761719 0.847656 0.757812 0.853516 0.753906 0.853516 0.753906 0.857422 0.750000 0.859375 0.753906 0.861328 0.748047 0.865234 0.748047 0.869141 0.750000 0.871094 0.751953 0.871094 0.753906 0.867188 0.755859 0.869141 0.755859 0.863281 0.753906 0.861328 0.755859 0.859375 0.755859 0.855469 0.759766 0.853516 0.761719 0.855469 0.761719 0.859375 0.765625 0.863281 0.765625 0.873047 0.767578 0.873047 0.769531 0.876953 0.771484 0.876953 0.771484 0.861328 0.773438 0.859375 0.775391 0.861328 0.775391 0.867188 0.777344 0.869141 0.777344 0.876953 0.779297 0.880859 0.791016 0.880859 0.792969 0.884766 0.798828 0.882812 0.800781 0.884766 0.800781 0.892578 0.804688 0.894531 0.804688 0.900391 0.816406 0.900391 0.814453 0.898438 0.818359 0.896484 0.820312 0.898438 0.818359 0.908203 0.820312 0.904297 0.824219 0.910156 0.832031 0.908203 0.830078 0.904297 0.833984 0.900391 0.833984 0.892578 0.837891 0.888672 0.839844 0.888672 0.843750 0.892578 0.847656 0.890625 0.845703 0.888672 0.847656 0.880859 0.845703 0.884766 0.839844 0.884766 0.828125 0.890625 0.826172 0.890625 0.822266 0.886719 0.822266 0.871094 0.826172 0.869141 0.826172 0.855469 0.828125 0.853516 0.832031 0.855469 0.835938 0.853516 0.835938 0.843750 0.837891 0.839844 0.833984 0.839844 0.830078 0.835938 0.828125 0.837891 0.826172 0.835938 0.818359 0.835938 0.816406 0.833984 0.812500 0.833984 0.810547 0.835938 0.810547 0.839844 0.806641 0.843750 0.804688 0.843750 0.806641 0.843750 0.808594 0.847656 0.806641 0.849609 0.802734 0.849609 0.800781 0.847656 0.800781 0.839844 0.798828 0.837891 0.800781 0.830078 0.798828 0.828125 0.792969 0.828125 0.791016 0.826172
0 0.443359 0.818359 0.443359 0.822266 0.441406 0.824219 0.441406 0.833984 0.439453 0.835938 0.439453 0.841797 0.437500 0.843750 0.437500 0.849609 0.439453 0.851562 0.439453 0.853516 0.447266 0.853516 0.449219 0.855469 0.449219 0.857422 0.447266 0.859375 0.447266 0.867188 0.447266 0.865234 0.453125 0.859375 0.455078 0.859375 0.457031 0.857422 0.480469 0.857422 0.482422 0.859375 0.484375 0.859375 0.488281 0.863281 0.494141 0.863281 0.498047 0.867188 0.500000 0.867188 0.507812 0.875000 0.507812 0.876953 0.511719 0.876953 0.511719 0.871094 0.509766 0.871094 0.503906 0.865234 0.501953 0.865234 0.500000 0.863281 0.498047 0.863281 0.492188 0.857422 0.490234 0.857422 0.488281 0.859375 0.486328 0.859375 0.484375 0.857422 0.482422 0.857422 0.480469 0.855469 0.478516 0.855469 0.476562 0.853516 0.474609 0.855469 0.458984 0.855469 0.457031 0.853516 0.457031 0.843750 0.460938 0.839844 0.455078 0.833984 0.451172 0.833984 0.447266 0.830078 0.445312 0.830078 0.443359 0.828125 0.443359 0.826172 0.441406 0.824219 0.443359 0.822266
0 0.404297 0.816406 0.402344 0.818359 0.404297 0.820312 0.404297 0.822266 0.400391 0.826172 0.400391 0.828125 0.404297 0.828125 0.406250 0.826172 0.408203 0.828125 0.416016 0.828125 0.417969 0.826172 0.421875 0.830078 0.421875 0.833984 0.419922 0.835938 0.419922 0.839844 0.417969 0.841797 0.416016 0.841797 0.414062 0.843750 0.410156 0.843750 0.410156 0.845703 0.412109 0.845703 0.414062 0.843750 0.417969 0.843750 0.421875 0.839844 0.421875 0.837891 0.423828 0.835938 0.423828 0.830078 0.425781 0.828125 0.423828 0.828125 0.421875 0.826172 0.419922 0.826172 0.417969 0.824219 0.419922 0.822266 0.419922 0.820312 0.408203 0.820312
0 0.154297 0.820312 0.154297 0.822266 0.156250 0.822266 0.158203 0.820312 0.160156 0.822266 0.160156 0.824219 0.162109 0.826172 0.169922 0.826172 0.173828 0.830078 0.171875 0.832031 0.169922 0.832031 0.169922 0.833984 0.177734 0.833984 0.179688 0.835938 0.181641 0.833984 0.183594 0.835938 0.185547 0.833984 0.195312 0.833984 0.197266 0.835938 0.203125 0.835938 0.205078 0.833984 0.207031 0.833984 0.205078 0.832031 0.203125 0.832031 0.199219 0.828125 0.193359 0.828125 0.191406 0.826172 0.189453 0.826172 0.185547 0.822266 0.185547 0.818359 0.183594 0.818359 0.177734 0.812500 0.175781 0.814453 0.171875 0.814453 0.169922 0.816406 0.164062 0.816406 0.162109 0.818359 0.158203 0.818359 0.156250 0.820312
0 0.283203 0.810547 0.279297 0.814453 0.279297 0.824219 0.281250 0.824219 0.283203 0.822266 0.285156 0.824219 0.287109 0.824219 0.289062 0.826172 0.289062 0.833984 0.296875 0.833984 0.298828 0.835938 0.298828 0.845703 0.302734 0.849609 0.306641 0.849609 0.308594 0.851562 0.308594 0.853516 0.310547 0.853516 0.312500 0.855469 0.316406 0.851562 0.318359 0.851562 0.320312 0.849609 0.320312 0.847656 0.318359 0.845703 0.316406 0.845703 0.314453 0.843750 0.314453 0.839844 0.312500 0.837891 0.306641 0.837891 0.304688 0.835938 0.302734 0.835938 0.298828 0.832031 0.298828 0.830078 0.292969 0.824219 0.292969 0.822266 0.291016 0.820312 0.285156 0.820312 0.283203 0.818359 0.283203 0.816406 0.285156 0.814453 0.287109 0.814453 0.287109 0.808594 0.285156 0.810547
0 0.644531 0.804688 0.644531 0.808594 0.646484 0.808594 0.648438 0.810547 0.652344 0.810547 0.654297 0.812500 0.660156 0.812500 0.660156 0.806641 0.658203 0.806641 0.656250 0.804688 0.648438 0.804688 0.646484 0.802734
0 0.998047 0.775391 0.990234 0.775391 0.988281 0.773438 0.986328 0.775391 0.980469 0.775391 0.980469 0.779297 0.978516 0.781250 0.976562 0.781250 0.976562 0.783203 0.978516 0.785156 0.976562 0.787109 0.974609 0.787109 0.972656 0.789062 0.972656 0.791016 0.970703 0.792969 0.966797 0.792969 0.964844 0.794922 0.962891 0.794922 0.962891 0.796875 0.964844 0.794922 0.972656 0.794922 0.974609 0.792969 0.980469 0.792969 0.982422 0.794922 0.982422 0.796875 0.990234 0.796875 0.992188 0.794922 0.994141 0.794922 0.996094 0.792969 0.998047 0.792969
0 0.931641 0.763672 0.925781 0.763672 0.925781 0.777344 0.927734 0.779297 0.925781 0.781250 0.929688 0.785156 0.925781 0.789062 0.925781 0.791016 0.923828 0.792969 0.925781 0.794922 0.925781 0.798828 0.923828 0.800781 0.919922 0.800781 0.917969 0.798828 0.917969 0.794922 0.917969 0.796875 0.916016 0.798828 0.912109 0.798828 0.912109 0.804688 0.910156 0.806641 0.910156 0.808594 0.908203 0.810547 0.908203 0.812500 0.906250 0.814453 0.906250 0.826172 0.904297 0.828125 0.904297 0.837891 0.906250 0.837891 0.908203 0.839844 0.908203 0.832031 0.906250 0.830078 0.906250 0.824219 0.908203 0.822266 0.912109 0.822266 0.914062 0.824219 0.917969 0.824219 0.925781 0.816406 0.923828 0.814453 0.923828 0.808594 0.925781 0.806641 0.925781 0.802734 0.923828 0.800781 0.925781 0.798828 0.927734 0.798828 0.927734 0.794922 0.929688 0.792969 0.927734 0.791016 0.931641 0.787109 0.933594 0.787109 0.933594 0.785156 0.935547 0.783203 0.935547 0.765625 0.933594 0.765625
0 0.343750 0.757812 0.343750 0.761719 0.345703 0.763672 0.345703 0.765625 0.347656 0.767578 0.347656 0.771484 0.353516 0.777344 0.353516 0.783203 0.359375 0.783203 0.361328 0.785156 0.365234 0.785156 0.367188 0.787109 0.367188 0.789062 0.363281 0.792969 0.357422 0.792969 0.355469 0.794922 0.353516 0.794922 0.355469 0.794922 0.357422 0.792969 0.359375 0.792969 0.361328 0.794922 0.361328 0.798828 0.373047 0.798828 0.375000 0.800781 0.373047 0.802734 0.375000 0.804688 0.382812 0.804688 0.390625 0.812500 0.390625 0.814453 0.390625 0.808594 0.392578 0.806641 0.396484 0.806641 0.396484 0.796875 0.394531 0.796875 0.390625 0.792969 0.392578 0.791016 0.392578 0.785156 0.390625 0.785156 0.386719 0.781250 0.386719 0.779297 0.382812 0.779297 0.380859 0.777344 0.378906 0.777344 0.376953 0.775391 0.378906 0.773438 0.380859 0.773438 0.382812 0.771484 0.380859 0.769531 0.380859 0.767578 0.378906 0.767578 0.375000 0.763672 0.378906 0.759766 0.380859 0.759766 0.378906 0.759766 0.376953 0.761719 0.375000 0.759766 0.375000 0.757812 0.367188 0.757812 0.365234 0.759766 0.363281 0.757812 0.361328 0.757812 0.359375 0.755859 0.359375 0.751953 0.357422 0.753906 0.351562 0.753906 0.349609 0.755859 0.347656 0.755859 0.345703 0.757812
0 0.500000 0.750000 0.500000 0.748047 0.501953 0.746094 0.513672 0.746094 0.513672 0.742188 0.515625 0.740234 0.519531 0.740234 0.521484 0.738281 0.525391 0.738281 0.525391 0.734375 0.519531 0.734375 0.517578 0.736328 0.515625 0.736328 0.513672 0.738281 0.511719 0.738281 0.509766 0.740234 0.505859 0.740234 0.503906 0.738281 0.503906 0.736328 0.501953 0.736328 0.500000 0.734375 0.498047 0.734375 0.498047 0.736328 0.500000 0.738281
0 0.884766 0.742188 0.873047 0.730469 0.869141 0.730469 0.867188 0.736328 0.863281 0.740234 0.859375 0.738281 0.861328 0.742188 0.857422 0.746094 0.857422 0.750000 0.855469 0.751953 0.847656 0.751953 0.845703 0.750000 0.845703 0.746094 0.847656 0.744141 0.832031 0.757812 0.822266 0.773438 0.816406 0.773438 0.812500 0.779297 0.808594 0.779297 0.804688 0.783203 0.804688 0.785156 0.800781 0.787109 0.800781 0.791016 0.796875 0.792969 0.796875 0.796875 0.792969 0.800781 0.791016 0.800781 0.791016 0.802734 0.787109 0.806641 0.787109 0.812500 0.785156 0.814453 0.781250 0.814453 0.779297 0.812500 0.779297 0.814453 0.791016 0.816406 0.792969 0.818359 0.794922 0.818359 0.794922 0.816406 0.798828 0.814453 0.806641 0.820312 0.810547 0.820312 0.812500 0.818359 0.814453 0.820312 0.814453 0.818359 0.818359 0.816406 0.820312 0.818359 0.820312 0.822266 0.824219 0.822266 0.830078 0.826172 0.833984 0.826172 0.835938 0.822266 0.837891 0.826172 0.851562 0.826172 0.847656 0.826172 0.843750 0.822266 0.839844 0.822266 0.837891 0.820312 0.837891 0.814453 0.839844 0.812500 0.843750 0.812500 0.845703 0.800781 0.847656 0.796875 0.851562 0.794922 0.849609 0.794922 0.843750 0.789062 0.843750 0.785156 0.839844 0.781250 0.839844 0.777344 0.843750 0.773438 0.845703 0.775391 0.843750 0.779297 0.847656 0.783203 0.849609 0.783203 0.849609 0.773438 0.853516 0.769531 0.857422 0.769531 0.859375 0.771484 0.859375 0.775391 0.855469 0.777344 0.855469 0.779297 0.857422 0.779297 0.861328 0.783203 0.861328 0.787109 0.863281 0.787109 0.865234 0.785156 0.865234 0.781250 0.867188 0.779297 0.869141 0.781250 0.867188 0.773438 0.873047 0.765625 0.880859 0.763672 0.882812 0.765625 0.896484 0.767578 0.894531 0.765625 0.882812 0.763672 0.880859 0.761719 0.880859 0.757812 0.886719 0.751953 0.886719 0.748047 0.882812 0.746094
0 0.275391 0.724609 0.279297 0.728516 0.283203 0.728516 0.285156 0.726562 0.283203 0.724609 0.283203 0.722656 0.277344 0.722656
0 0.884766 0.714844 0.886719 0.716797 0.884766 0.718750 0.892578 0.718750 0.894531 0.720703 0.896484 0.720703 0.896484 0.718750 0.892578 0.714844
0 0.955078 0.708984 0.955078 0.710938 0.951172 0.714844 0.951172 0.716797 0.949219 0.718750 0.949219 0.722656 0.947266 0.724609 0.943359 0.724609 0.943359 0.742188 0.941406 0.744141 0.945312 0.748047 0.945312 0.742188 0.947266 0.740234 0.949219 0.740234 0.949219 0.736328 0.947266 0.734375 0.947266 0.732422 0.951172 0.728516 0.951172 0.718750 0.953125 0.716797 0.953125 0.712891 0.955078 0.710938
0 0.460938 0.740234 0.462891 0.738281 0.464844 0.740234 0.464844 0.742188 0.474609 0.742188 0.478516 0.738281 0.480469 0.738281 0.480469 0.736328 0.482422 0.734375 0.490234 0.734375 0.492188 0.732422 0.494141 0.732422 0.498047 0.728516 0.500000 0.728516 0.501953 0.726562 0.505859 0.726562 0.507812 0.728516 0.509766 0.728516 0.503906 0.722656 0.503906 0.718750 0.501953 0.716797 0.501953 0.714844 0.500000 0.714844 0.498047 0.712891 0.498047 0.710938 0.496094 0.708984 0.496094 0.707031 0.494141 0.705078 0.492188 0.705078 0.490234 0.707031 0.488281 0.707031 0.486328 0.708984 0.480469 0.708984 0.478516 0.707031 0.478516 0.705078 0.476562 0.703125 0.474609 0.703125 0.472656 0.705078 0.470703 0.705078 0.468750 0.707031 0.466797 0.707031 0.466797 0.708984 0.468750 0.710938 0.466797 0.712891 0.468750 0.712891 0.472656 0.716797 0.472656 0.718750 0.478516 0.718750 0.480469 0.716797 0.482422 0.718750 0.486328 0.718750 0.490234 0.722656 0.490234 0.724609 0.484375 0.730469 0.482422 0.730469 0.480469 0.732422 0.474609 0.732422 0.472656 0.730469 0.472656 0.728516 0.462891 0.728516 0.460938 0.730469 0.460938 0.732422 0.464844 0.736328 0.462891 0.738281 0.460938 0.738281
0 0.912109 0.685547 0.910156 0.685547 0.908203 0.683594 0.906250 0.683594 0.902344 0.687500 0.900391 0.687500 0.894531 0.693359 0.892578 0.693359 0.890625 0.695312 0.888672 0.695312 0.888672 0.697266 0.890625 0.697266 0.894531 0.701172 0.894531 0.699219 0.896484 0.697266 0.898438 0.697266 0.900391 0.695312 0.900391 0.693359 0.902344 0.691406 0.904297 0.691406 0.906250 0.689453 0.908203 0.689453 0.910156 0.687500 0.912109 0.687500
0 0.767578 0.683594 0.765625 0.685547 0.765625 0.689453 0.759766 0.695312 0.757812 0.695312 0.755859 0.697266 0.755859 0.699219 0.751953 0.703125 0.753906 0.705078 0.755859 0.705078 0.757812 0.707031 0.757812 0.708984 0.757812 0.703125 0.759766 0.701172 0.761719 0.701172 0.763672 0.699219 0.765625 0.699219 0.763672 0.697266 0.763672 0.693359 0.765625 0.691406 0.767578 0.693359 0.771484 0.689453 0.773438 0.689453 0.773438 0.687500 0.769531 0.687500 0.767578 0.685547
0 0.457031 0.677734 0.457031 0.685547 0.458984 0.687500 0.460938 0.685547 0.466797 0.685547 0.468750 0.683594 0.470703 0.685547 0.470703 0.687500 0.476562 0.687500 0.478516 0.685547 0.478516 0.683594 0.480469 0.681641 0.484375 0.681641 0.486328 0.683594 0.488281 0.683594 0.488281 0.681641 0.486328 0.679688 0.484375 0.679688 0.482422 0.681641 0.478516 0.681641 0.474609 0.685547 0.472656 0.683594 0.470703 0.683594 0.468750 0.681641 0.468750 0.677734 0.466797 0.675781 0.464844 0.677734 0.460938 0.677734 0.458984 0.679688
0 0.439453 0.675781 0.439453 0.677734 0.441406 0.679688 0.443359 0.679688 0.445312 0.681641 0.447266 0.681641 0.447266 0.673828 0.443359 0.673828 0.441406 0.675781
0 0.513672 0.667969 0.515625 0.669922 0.515625 0.671875 0.517578 0.673828 0.517578 0.675781 0.523438 0.675781 0.527344 0.671875 0.525391 0.671875 0.523438 0.673828 0.519531 0.669922 0.519531 0.666016 0.515625 0.666016
0 0.724609 0.658203 0.716797 0.660156 0.714844 0.667969 0.705078 0.677734 0.708984 0.679688 0.699219 0.685547 0.701172 0.691406 0.697266 0.693359 0.693359 0.689453 0.691406 0.695312 0.697266 0.701172 0.687500 0.710938 0.677734 0.712891 0.675781 0.703125 0.666016 0.705078 0.662109 0.708984 0.658203 0.722656 0.650391 0.734375 0.654297 0.736328 0.656250 0.734375 0.662109 0.740234 0.666016 0.730469 0.669922 0.728516 0.671875 0.716797 0.677734 0.712891 0.681641 0.720703 0.679688 0.722656 0.679688 0.736328 0.675781 0.744141 0.679688 0.740234 0.683594 0.744141 0.683594 0.750000 0.679688 0.751953 0.675781 0.748047 0.669922 0.750000 0.669922 0.751953 0.681641 0.753906 0.683594 0.761719 0.679688 0.767578 0.691406 0.771484 0.693359 0.775391 0.683594 0.777344 0.662109 0.773438 0.658203 0.777344 0.664062 0.779297 0.666016 0.777344 0.669922 0.781250 0.677734 0.779297 0.693359 0.785156 0.697266 0.777344 0.703125 0.779297 0.703125 0.777344 0.693359 0.773438 0.695312 0.769531 0.703125 0.771484 0.693359 0.767578 0.695312 0.761719 0.703125 0.765625 0.705078 0.761719 0.708984 0.761719 0.710938 0.763672 0.707031 0.765625 0.712891 0.765625 0.714844 0.771484 0.716797 0.771484 0.718750 0.763672 0.716797 0.755859 0.720703 0.753906 0.712891 0.751953 0.718750 0.750000 0.716797 0.734375 0.726562 0.732422 0.726562 0.728516 0.714844 0.726562 0.707031 0.716797 0.708984 0.714844 0.707031 0.707031 0.710938 0.703125 0.716797 0.705078 0.712891 0.710938 0.716797 0.712891 0.716797 0.716797 0.720703 0.720703 0.726562 0.720703 0.724609 0.718750 0.726562 0.714844 0.730469 0.718750 0.732422 0.710938 0.736328 0.710938 0.740234 0.718750 0.746094 0.720703 0.742188 0.707031 0.734375 0.701172 0.722656 0.701172 0.720703 0.699219 0.722656 0.697266 0.718750 0.695312 0.718750 0.681641 0.714844 0.675781 0.726562 0.662109
0 0.078125 0.654297 0.082031 0.658203 0.083984 0.658203 0.085938 0.660156 0.087891 0.660156 0.089844 0.662109 0.091797 0.662109 0.093750 0.664062 0.095703 0.664062 0.097656 0.666016 0.103516 0.666016 0.105469 0.667969 0.111328 0.667969 0.107422 0.667969 0.105469 0.666016 0.103516 0.666016 0.101562 0.664062 0.097656 0.664062 0.093750 0.660156 0.089844 0.660156 0.087891 0.658203 0.085938 0.658203 0.082031 0.654297
0 0.923828 0.650391 0.919922 0.650391 0.917969 0.652344 0.916016 0.652344 0.912109 0.656250 0.908203 0.656250 0.906250 0.658203 0.902344 0.658203 0.888672 0.671875 0.884766 0.671875 0.884766 0.673828 0.880859 0.677734 0.876953 0.677734 0.878906 0.679688 0.880859 0.677734 0.882812 0.677734 0.882812 0.675781 0.886719 0.671875 0.888672 0.671875 0.890625 0.669922 0.892578 0.669922 0.896484 0.666016 0.898438 0.666016 0.898438 0.664062 0.900391 0.662109 0.902344 0.662109 0.904297 0.660156 0.908203 0.660156 0.910156 0.658203 0.912109 0.658203 0.916016 0.654297 0.917969 0.654297 0.921875 0.650391
0 0.703125 0.650391 0.699219 0.650391 0.699219 0.652344 0.697266 0.654297 0.697266 0.656250 0.695312 0.658203 0.693359 0.658203 0.691406 0.660156 0.689453 0.660156 0.687500 0.658203 0.685547 0.658203 0.683594 0.656250 0.679688 0.656250 0.683594 0.656250 0.691406 0.664062 0.691406 0.666016 0.689453 0.667969 0.687500 0.667969 0.687500 0.669922 0.685547 0.671875 0.683594 0.671875 0.683594 0.673828 0.685547 0.673828 0.687500 0.675781 0.689453 0.673828 0.689453 0.671875 0.691406 0.669922 0.691406 0.667969 0.695312 0.664062 0.697266 0.664062 0.697266 0.662109 0.701172 0.658203 0.703125 0.658203
0 0.988281 0.630859 0.982422 0.630859 0.978516 0.634766 0.974609 0.634766 0.974609 0.638672 0.972656 0.640625 0.970703 0.640625 0.968750 0.638672 0.968750 0.642578 0.970703 0.642578 0.972656 0.640625 0.978516 0.640625 0.976562 0.640625 0.974609 0.638672 0.974609 0.636719 0.976562 0.634766 0.978516 0.634766 0.982422 0.638672 0.984375 0.638672 0.984375 0.634766 0.986328 0.632812 0.988281 0.632812
0 0.781250 0.632812 0.779297 0.630859 0.777344 0.630859 0.775391 0.628906 0.771484 0.628906 0.771484 0.630859 0.767578 0.634766 0.767578 0.638672 0.765625 0.640625 0.765625 0.642578 0.763672 0.644531 0.759766 0.644531 0.757812 0.642578 0.757812 0.638672 0.755859 0.638672 0.755859 0.642578 0.751953 0.646484 0.755859 0.650391 0.759766 0.650391 0.761719 0.652344 0.761719 0.648438 0.767578 0.642578 0.767578 0.638672 0.769531 0.636719 0.773438 0.640625 0.781250 0.640625
0 0.785156 0.638672 0.789062 0.642578 0.791016 0.640625 0.791016 0.638672 0.792969 0.636719 0.794922 0.636719 0.796875 0.638672 0.800781 0.638672 0.800781 0.636719 0.798828 0.634766 0.796875 0.634766 0.794922 0.632812 0.796875 0.630859 0.804688 0.630859 0.806641 0.628906 0.808594 0.628906 0.808594 0.626953 0.806641 0.628906 0.796875 0.628906 0.794922 0.626953 0.794922 0.625000 0.789062 0.625000 0.791016 0.626953 0.792969 0.626953 0.794922 0.628906 0.794922 0.632812 0.792969 0.634766 0.787109 0.634766 0.785156 0.636719
0 0.734375 0.625000 0.732422 0.626953 0.732422 0.628906 0.730469 0.630859 0.728516 0.630859 0.728516 0.632812 0.726562 0.634766 0.724609 0.634766 0.724609 0.636719 0.722656 0.638672 0.718750 0.638672 0.718750 0.640625 0.720703 0.640625 0.722656 0.642578 0.722656 0.646484 0.724609 0.648438 0.728516 0.644531 0.726562 0.642578 0.726562 0.640625 0.728516 0.638672 0.728516 0.636719 0.732422 0.632812 0.732422 0.630859 0.734375 0.628906
0 0.708984 0.623047 0.707031 0.625000 0.705078 0.625000 0.703125 0.626953 0.703125 0.628906 0.705078 0.626953 0.707031 0.628906 0.708984 0.628906 0.710938 0.630859 0.710938 0.632812 0.710938 0.630859 0.712891 0.628906 0.712891 0.625000 0.710938 0.623047
0 0.341797 0.628906 0.335938 0.632812 0.324219 0.626953 0.320312 0.632812 0.310547 0.632812 0.318359 0.632812 0.312500 0.638672 0.289062 0.638672 0.285156 0.613281 0.275391 0.607422 0.279297 0.630859 0.285156 0.632812 0.279297 0.640625 0.283203 0.652344 0.261719 0.660156 0.253906 0.652344 0.238281 0.652344 0.220703 0.660156 0.220703 0.679688 0.210938 0.697266 0.203125 0.697266 0.197266 0.707031 0.169922 0.720703 0.144531 0.726562 0.144531 0.734375 0.156250 0.738281 0.160156 0.746094 0.154297 0.757812 0.152344 0.753906 0.146484 0.757812 0.148438 0.765625 0.140625 0.775391 0.125000 0.753906 0.136719 0.748047 0.130859 0.740234 0.117188 0.742188 0.119141 0.759766 0.130859 0.763672 0.132812 0.785156 0.142578 0.792969 0.160156 0.792969 0.158203 0.763672 0.166016 0.744141 0.191406 0.732422 0.208984 0.789062 0.238281 0.826172 0.250000 0.822266 0.255859 0.810547 0.250000 0.798828 0.269531 0.796875 0.277344 0.779297 0.250000 0.769531 0.261719 0.787109 0.244141 0.792969 0.222656 0.755859 0.214844 0.726562 0.230469 0.705078 0.234375 0.667969 0.246094 0.660156 0.257812 0.664062 0.255859 0.724609 0.261719 0.746094 0.273438 0.765625 0.283203 0.771484 0.265625 0.738281 0.271484 0.714844 0.298828 0.712891 0.302734 0.734375 0.316406 0.748047 0.316406 0.757812 0.349609 0.736328 0.353516 0.722656 0.361328 0.722656 0.359375 0.710938 0.337891 0.708984 0.341797 0.701172 0.349609 0.701172 0.351562 0.693359 0.357422 0.695312 0.349609 0.695312 0.339844 0.679688 0.347656 0.679688 0.339844 0.666016 0.322266 0.669922 0.318359 0.664062 0.333984 0.652344 0.306641 0.650391 0.339844 0.642578
0 0.361328 0.587891 0.361328 0.595703 0.363281 0.597656 0.361328 0.599609 0.361328 0.607422 0.359375 0.609375 0.359375 0.615234 0.355469 0.621094 0.357422 0.623047 0.357422 0.625000 0.355469 0.626953 0.355469 0.632812 0.353516 0.634766 0.353516 0.636719 0.355469 0.638672 0.355469 0.642578 0.353516 0.644531 0.353516 0.652344 0.355469 0.652344 0.355469 0.650391 0.359375 0.646484 0.373047 0.646484 0.375000 0.648438 0.375000 0.667969 0.376953 0.669922 0.376953 0.679688 0.378906 0.681641 0.378906 0.687500 0.384766 0.687500 0.388672 0.691406 0.388672 0.699219 0.390625 0.699219 0.392578 0.701172 0.392578 0.691406 0.390625 0.689453 0.390625 0.685547 0.388672 0.683594 0.388672 0.677734 0.390625 0.675781 0.392578 0.675781 0.396484 0.671875 0.396484 0.669922 0.400391 0.666016 0.400391 0.662109 0.392578 0.662109 0.388672 0.658203 0.388672 0.656250 0.386719 0.656250 0.384766 0.654297 0.384766 0.652344 0.382812 0.650391 0.382812 0.638672 0.384766 0.636719 0.386719 0.636719 0.384766 0.636719 0.380859 0.632812 0.380859 0.630859 0.378906 0.628906 0.378906 0.625000 0.380859 0.623047 0.378906 0.617188 0.380859 0.615234 0.384766 0.615234 0.386719 0.613281 0.386719 0.609375 0.382812 0.609375 0.380859 0.607422 0.376953 0.607422 0.375000 0.605469 0.375000 0.601562 0.373047 0.599609 0.373047 0.597656 0.363281 0.597656 0.361328 0.595703
0 0.269531 0.587891 0.269531 0.591797 0.271484 0.593750 0.271484 0.599609 0.269531 0.601562 0.271484 0.603516 0.273438 0.603516 0.273438 0.591797 0.275391 0.589844 0.273438 0.587891
0 0.021484 0.585938 0.021484 0.587891 0.023438 0.589844 0.023438 0.591797 0.025391 0.591797 0.027344 0.593750 0.025391 0.595703 0.027344 0.597656 0.025391 0.599609 0.025391 0.601562 0.027344 0.603516 0.027344 0.597656 0.029297 0.595703 0.027344 0.593750 0.027344 0.589844 0.023438 0.585938
0 0.777344 0.576172 0.769531 0.576172 0.769531 0.583984 0.765625 0.587891 0.765625 0.589844 0.763672 0.591797 0.763672 0.593750 0.765625 0.595703 0.761719 0.599609 0.755859 0.599609 0.755859 0.601562 0.753906 0.603516 0.750000 0.603516 0.750000 0.605469 0.746094 0.609375 0.744141 0.607422 0.742188 0.607422 0.742188 0.609375 0.746094 0.613281 0.750000 0.609375 0.750000 0.607422 0.753906 0.603516 0.755859 0.603516 0.759766 0.599609 0.761719 0.599609 0.763672 0.597656 0.765625 0.599609 0.767578 0.599609 0.771484 0.603516 0.775391 0.603516 0.775391 0.599609 0.773438 0.597656 0.771484 0.597656 0.769531 0.595703 0.769531 0.593750 0.771484 0.591797 0.773438 0.591797 0.775391 0.589844 0.777344 0.589844 0.779297 0.591797 0.779297 0.589844 0.781250 0.587891 0.779297 0.585938 0.779297 0.583984 0.777344 0.582031
0 0.894531 0.570312 0.894531 0.572266 0.892578 0.574219 0.894531 0.576172 0.896484 0.576172 0.898438 0.578125 0.898438 0.580078 0.900391 0.582031 0.902344 0.582031 0.906250 0.585938 0.906250 0.583984 0.908203 0.582031 0.906250 0.582031 0.904297 0.580078 0.906250 0.578125 0.904297 0.578125 0.902344 0.576172 0.902344 0.574219 0.898438 0.574219 0.896484 0.572266 0.896484 0.570312
0 0.998047 0.541016 0.972656 0.541016 0.970703 0.542969 0.966797 0.542969 0.964844 0.544922 0.958984 0.544922 0.957031 0.546875 0.949219 0.546875 0.949219 0.548828 0.945312 0.552734 0.964844 0.552734 0.968750 0.548828 0.978516 0.548828 0.980469 0.546875 0.998047 0.546875
0 0.894531 0.544922 0.890625 0.541016 0.888672 0.541016 0.884766 0.544922 0.876953 0.544922 0.867188 0.554688 0.867188 0.556641 0.869141 0.558594 0.880859 0.558594 0.880859 0.556641 0.882812 0.554688 0.884766 0.554688 0.886719 0.552734 0.884766 0.550781 0.884766 0.548828 0.886719 0.546875 0.892578 0.546875
0 0.929688 0.527344 0.929688 0.531250 0.927734 0.533203 0.927734 0.535156 0.925781 0.537109 0.925781 0.541016 0.935547 0.541016 0.937500 0.542969 0.939453 0.541016 0.943359 0.541016 0.943359 0.531250 0.941406 0.529297 0.939453 0.531250 0.937500 0.531250 0.935547 0.529297 0.933594 0.529297 0.931641 0.527344
0 0.525391 0.525391 0.527344 0.527344 0.527344 0.533203 0.525391 0.535156 0.525391 0.539062 0.525391 0.535156 0.527344 0.533203 0.531250 0.533203 0.533203 0.535156 0.533203 0.537109 0.535156 0.537109 0.537109 0.539062 0.539062 0.539062 0.537109 0.539062 0.535156 0.537109 0.535156 0.527344 0.537109 0.525391 0.537109 0.523438 0.539062 0.521484 0.541016 0.521484 0.542969 0.523438 0.542969 0.525391 0.544922 0.527344 0.544922 0.531250 0.546875 0.531250 0.558594 0.542969 0.558594 0.541016 0.556641 0.539062 0.556641 0.537109 0.558594 0.535156 0.556641 0.533203 0.556641 0.529297 0.554688 0.529297 0.552734 0.527344 0.548828 0.527344 0.546875 0.525391 0.544922 0.525391 0.542969 0.523438 0.542969 0.521484 0.541016 0.519531 0.539062 0.521484 0.537109 0.521484 0.537109 0.525391 0.535156 0.527344 0.531250 0.527344 0.529297 0.525391
0 0.357422 0.537109 0.345703 0.539062 0.343750 0.537109 0.347656 0.533203 0.345703 0.531250 0.339844 0.531250 0.337891 0.533203 0.333984 0.527344 0.333984 0.523438 0.326172 0.517578 0.322266 0.517578 0.320312 0.529297 0.318359 0.531250 0.328125 0.531250 0.330078 0.535156 0.328125 0.537109 0.324219 0.537109 0.324219 0.548828 0.320312 0.550781 0.318359 0.548828 0.318359 0.544922 0.310547 0.554688 0.308594 0.552734 0.308594 0.541016 0.300781 0.541016 0.294922 0.533203 0.291016 0.531250 0.294922 0.525391 0.300781 0.525391 0.294922 0.515625 0.294922 0.511719 0.292969 0.511719 0.292969 0.515625 0.291016 0.517578 0.285156 0.517578 0.285156 0.519531 0.289062 0.521484 0.289062 0.525391 0.292969 0.533203 0.292969 0.537109 0.291016 0.539062 0.287109 0.539062 0.283203 0.535156 0.283203 0.531250 0.283203 0.533203 0.277344 0.537109 0.273438 0.533203 0.279297 0.529297 0.277344 0.529297 0.271484 0.521484 0.269531 0.523438 0.265625 0.523438 0.263672 0.519531 0.261719 0.519531 0.267578 0.531250 0.259766 0.537109 0.250000 0.531250 0.250000 0.537109 0.253906 0.537109 0.255859 0.535156 0.257812 0.537109 0.255859 0.542969 0.248047 0.546875 0.242188 0.546875 0.238281 0.550781 0.238281 0.558594 0.236328 0.560547 0.238281 0.562500 0.240234 0.576172 0.244141 0.578125 0.242188 0.583984 0.248047 0.580078 0.253906 0.580078 0.253906 0.574219 0.255859 0.572266 0.261719 0.572266 0.267578 0.576172 0.271484 0.576172 0.273438 0.578125 0.271484 0.580078 0.277344 0.580078 0.279297 0.576172 0.283203 0.576172 0.283203 0.570312 0.287109 0.566406 0.296875 0.564453 0.300781 0.560547 0.304688 0.560547 0.306641 0.562500 0.316406 0.562500 0.318359 0.564453 0.322266 0.564453 0.326172 0.568359 0.335938 0.568359 0.339844 0.560547 0.337891 0.550781 0.339844 0.548828 0.343750 0.548828 0.351562 0.542969 0.355469 0.542969 0.357422 0.541016
0 0.816406 0.505859 0.818359 0.507812 0.818359 0.513672 0.822266 0.517578 0.822266 0.519531 0.820312 0.521484 0.818359 0.521484 0.818359 0.523438 0.816406 0.525391 0.822266 0.531250 0.824219 0.531250 0.826172 0.533203 0.826172 0.535156 0.828125 0.537109 0.828125 0.542969 0.835938 0.542969 0.837891 0.541016 0.837891 0.537109 0.839844 0.535156 0.839844 0.527344 0.841797 0.525391 0.843750 0.525391 0.845703 0.523438 0.847656 0.525391 0.849609 0.525391 0.851562 0.527344 0.851562 0.531250 0.853516 0.533203 0.853516 0.535156 0.849609 0.539062 0.855469 0.544922 0.855469 0.546875 0.859375 0.550781 0.859375 0.552734 0.861328 0.550781 0.865234 0.550781 0.865234 0.548828 0.867188 0.546875 0.869141 0.546875 0.871094 0.544922 0.871094 0.542969 0.873047 0.541016 0.873047 0.539062 0.867188 0.533203 0.865234 0.533203 0.863281 0.531250 0.865234 0.529297 0.867188 0.529297 0.869141 0.527344 0.871094 0.529297 0.871094 0.531250 0.873047 0.533203 0.871094 0.531250 0.873047 0.529297 0.875000 0.529297 0.869141 0.523438 0.867188 0.525391 0.859375 0.525391 0.857422 0.523438 0.853516 0.523438 0.851562 0.521484 0.849609 0.521484 0.847656 0.519531 0.845703 0.521484 0.841797 0.517578 0.837891 0.517578 0.835938 0.515625 0.835938 0.513672 0.833984 0.511719 0.833984 0.509766 0.832031 0.507812 0.832031 0.505859 0.830078 0.503906 0.832031 0.501953 0.832031 0.500000 0.830078 0.500000 0.830078 0.501953 0.824219 0.507812 0.820312 0.507812 0.818359 0.505859
0 0.511719 0.494141 0.511719 0.486328 0.509766 0.488281 0.503906 0.488281 0.501953 0.490234 0.503906 0.490234 0.505859 0.492188 0.505859 0.494141
0 0.824219 0.486328 0.820312 0.486328 0.818359 0.484375 0.816406 0.486328 0.816406 0.492188 0.812500 0.496094 0.810547 0.496094 0.808594 0.494141 0.808594 0.488281 0.800781 0.488281 0.798828 0.486328 0.798828 0.490234 0.800781 0.492188 0.806641 0.492188 0.810547 0.496094 0.812500 0.496094 0.814453 0.498047 0.814453 0.501953 0.816406 0.501953 0.814453 0.500000 0.814453 0.496094 0.816406 0.494141 0.822266 0.494141 0.824219 0.492188
0 0.291016 0.482422 0.292969 0.484375 0.292969 0.488281 0.294922 0.490234 0.292969 0.492188 0.292969 0.494141 0.294922 0.496094 0.294922 0.500000 0.296875 0.501953 0.296875 0.507812 0.298828 0.509766 0.298828 0.511719 0.298828 0.509766 0.302734 0.505859 0.304688 0.505859 0.302734 0.505859 0.300781 0.507812 0.298828 0.505859 0.298828 0.503906 0.296875 0.501953 0.300781 0.498047 0.300781 0.496094 0.302734 0.494141 0.304688 0.494141 0.306641 0.496094 0.306641 0.498047 0.308594 0.498047 0.310547 0.500000 0.312500 0.500000 0.312500 0.496094 0.310547 0.494141 0.310547 0.492188 0.304688 0.486328 0.304688 0.482422
0 0.876953 0.429688 0.871094 0.429688 0.867188 0.433594 0.867188 0.437500 0.871094 0.437500 0.871094 0.435547 0.873047 0.433594 0.875000 0.433594 0.875000 0.431641
0 0.082031 0.412109 0.085938 0.416016 0.089844 0.416016 0.091797 0.417969 0.095703 0.417969 0.095703 0.414062 0.093750 0.414062 0.089844 0.410156 0.083984 0.410156
0 0.937500 0.406250 0.935547 0.404297 0.929688 0.404297 0.929688 0.406250 0.927734 0.408203 0.925781 0.408203 0.923828 0.410156 0.919922 0.410156 0.917969 0.412109 0.917969 0.416016 0.919922 0.417969 0.925781 0.412109 0.927734 0.412109 0.929688 0.414062 0.929688 0.416016 0.933594 0.416016 0.937500 0.412109 0.937500 0.410156 0.935547 0.408203
0 0.968750 0.390625 0.968750 0.394531 0.970703 0.396484 0.972656 0.396484 0.974609 0.398438 0.976562 0.398438 0.976562 0.394531 0.974609 0.394531 0.972656 0.392578 0.972656 0.388672 0.970703 0.390625
0 0.000000 0.388672 0.000000 0.396484 0.003906 0.396484 0.005859 0.394531 0.007812 0.396484 0.007812 0.392578 0.003906 0.388672
0 0.830078 0.376953 0.832031 0.378906 0.833984 0.378906 0.835938 0.380859 0.837891 0.380859 0.839844 0.378906 0.845703 0.378906 0.839844 0.373047 0.837891 0.373047 0.833984 0.376953
0 0.515625 0.378906 0.515625 0.380859 0.519531 0.380859 0.523438 0.384766 0.525391 0.384766 0.527344 0.386719 0.531250 0.386719 0.533203 0.388672 0.539062 0.388672 0.541016 0.390625 0.544922 0.390625 0.546875 0.392578 0.550781 0.392578 0.550781 0.390625 0.552734 0.388672 0.550781 0.388672 0.542969 0.380859 0.542969 0.378906 0.546875 0.375000 0.548828 0.376953 0.548828 0.380859 0.552734 0.384766 0.552734 0.380859 0.554688 0.378906 0.556641 0.378906 0.554688 0.378906 0.550781 0.375000 0.533203 0.375000 0.529297 0.371094 0.529297 0.367188 0.525391 0.367188 0.523438 0.369141 0.523438 0.371094 0.521484 0.373047 0.521484 0.375000 0.519531 0.376953 0.517578 0.376953
0 0.173828 0.365234 0.171875 0.365234 0.171875 0.367188 0.169922 0.369141 0.169922 0.371094 0.167969 0.373047 0.166016 0.373047 0.166016 0.376953 0.164062 0.378906 0.164062 0.380859 0.162109 0.382812 0.162109 0.390625 0.160156 0.392578 0.160156 0.398438 0.162109 0.400391 0.162109 0.406250 0.164062 0.408203 0.164062 0.410156 0.166016 0.412109 0.169922 0.412109 0.169922 0.406250 0.167969 0.406250 0.166016 0.404297 0.167969 0.402344 0.169922 0.402344 0.169922 0.376953 0.171875 0.375000 0.171875 0.371094 0.173828 0.369141
0 0.447266 0.357422 0.445312 0.359375 0.441406 0.359375 0.439453 0.357422 0.441406 0.355469 0.443359 0.355469 0.443359 0.351562 0.441406 0.351562 0.439453 0.353516 0.437500 0.353516 0.435547 0.355469 0.433594 0.355469 0.431641 0.357422 0.429688 0.357422 0.429688 0.361328 0.435547 0.361328 0.437500 0.363281 0.439453 0.363281 0.441406 0.361328 0.445312 0.361328 0.445312 0.359375
0 0.931641 0.357422 0.933594 0.359375 0.939453 0.359375 0.941406 0.357422 0.943359 0.357422 0.949219 0.351562 0.951172 0.353516 0.953125 0.353516 0.951172 0.353516 0.947266 0.349609 0.935547 0.349609 0.931641 0.353516
0 0.455078 0.355469 0.455078 0.361328 0.457031 0.363281 0.457031 0.361328 0.458984 0.359375 0.464844 0.359375 0.466797 0.361328 0.466797 0.363281 0.468750 0.365234 0.470703 0.365234 0.468750 0.363281 0.472656 0.359375 0.474609 0.361328 0.478516 0.361328 0.480469 0.363281 0.480469 0.369141 0.482422 0.369141 0.484375 0.371094 0.486328 0.371094 0.488281 0.373047 0.486328 0.375000 0.488281 0.376953 0.492188 0.376953 0.494141 0.378906 0.496094 0.378906 0.498047 0.380859 0.501953 0.380859 0.503906 0.378906 0.503906 0.376953 0.505859 0.375000 0.505859 0.371094 0.503906 0.371094 0.501953 0.369141 0.501953 0.367188 0.503906 0.365234 0.507812 0.365234 0.509766 0.367188 0.511719 0.367188 0.513672 0.369141 0.515625 0.369141 0.517578 0.367188 0.519531 0.367188 0.521484 0.365234 0.521484 0.363281 0.521484 0.365234 0.519531 0.367188 0.515625 0.367188 0.513672 0.369141 0.511719 0.367188 0.511719 0.365234 0.513672 0.363281 0.513672 0.361328 0.515625 0.359375 0.517578 0.359375 0.515625 0.359375 0.511719 0.355469 0.511719 0.353516 0.509766 0.355469 0.505859 0.355469 0.503906 0.353516 0.501953 0.353516 0.501953 0.355469 0.500000 0.357422 0.498047 0.357422 0.498047 0.359375 0.496094 0.361328 0.488281 0.361328 0.486328 0.359375 0.486328 0.357422 0.484375 0.357422 0.486328 0.359375 0.484375 0.361328 0.480469 0.361328 0.478516 0.359375 0.480469 0.357422 0.478516 0.357422 0.476562 0.355469 0.474609 0.355469 0.472656 0.353516 0.472656 0.351562 0.466797 0.345703 0.464844 0.345703 0.462891 0.347656 0.460938 0.347656 0.458984 0.349609 0.458984 0.351562
0 0.916016 0.332031 0.914062 0.333984 0.914062 0.345703 0.919922 0.345703 0.917969 0.343750 0.917969 0.337891 0.919922 0.335938 0.919922 0.333984 0.917969 0.333984
0 0.648438 0.332031 0.650391 0.333984 0.652344 0.333984 0.654297 0.335938 0.658203 0.335938 0.660156 0.333984 0.667969 0.333984 0.669922 0.335938 0.669922 0.337891 0.673828 0.333984 0.675781 0.333984 0.679688 0.337891 0.683594 0.337891 0.683594 0.333984 0.679688 0.333984 0.675781 0.330078 0.671875 0.330078 0.669922 0.328125 0.660156 0.328125 0.656250 0.332031 0.654297 0.330078 0.650391 0.330078
0 0.398438 0.328125 0.398438 0.332031 0.400391 0.332031 0.402344 0.333984 0.402344 0.335938 0.404297 0.337891 0.406250 0.337891 0.410156 0.341797 0.414062 0.341797 0.417969 0.345703 0.421875 0.345703 0.423828 0.347656 0.423828 0.349609 0.427734 0.349609 0.427734 0.347656 0.431641 0.343750 0.433594 0.345703 0.435547 0.345703 0.439453 0.341797 0.439453 0.337891 0.439453 0.341797 0.437500 0.343750 0.427734 0.343750 0.425781 0.341797 0.423828 0.341797 0.421875 0.343750 0.419922 0.341797 0.417969 0.341797 0.416016 0.339844 0.412109 0.339844 0.410156 0.337891 0.410156 0.335938 0.412109 0.333984 0.410156 0.332031 0.410156 0.330078 0.404297 0.330078 0.402344 0.328125
0 0.318359 0.314453 0.324219 0.314453 0.326172 0.316406 0.328125 0.316406 0.330078 0.318359 0.333984 0.318359 0.335938 0.320312 0.339844 0.320312 0.341797 0.322266 0.345703 0.322266 0.347656 0.324219 0.351562 0.324219 0.353516 0.326172 0.365234 0.326172 0.363281 0.324219 0.361328 0.324219 0.359375 0.322266 0.355469 0.322266 0.353516 0.320312 0.345703 0.320312 0.343750 0.318359 0.337891 0.318359 0.335938 0.316406 0.328125 0.316406 0.326172 0.314453
0 0.578125 0.312500 0.578125 0.316406 0.580078 0.318359 0.582031 0.318359 0.583984 0.320312 0.585938 0.320312 0.587891 0.322266 0.591797 0.322266 0.593750 0.324219 0.595703 0.324219 0.597656 0.326172 0.599609 0.326172 0.607422 0.333984 0.609375 0.333984 0.611328 0.335938 0.615234 0.335938 0.617188 0.337891 0.619141 0.337891 0.621094 0.339844 0.625000 0.339844 0.626953 0.341797 0.630859 0.341797 0.632812 0.343750 0.634766 0.341797 0.634766 0.339844 0.630859 0.339844 0.628906 0.337891 0.625000 0.337891 0.621094 0.333984 0.615234 0.333984 0.613281 0.332031 0.607422 0.332031 0.603516 0.328125 0.603516 0.326172 0.601562 0.324219 0.599609 0.324219 0.595703 0.320312 0.593750 0.320312 0.591797 0.318359 0.587891 0.318359 0.582031 0.312500
0 0.126953 0.353516 0.113281 0.431641 0.181641 0.541016 0.193359 0.646484 0.171875 0.648438 0.175781 0.613281 0.167969 0.679688 0.138672 0.687500 0.150391 0.667969 0.126953 0.687500 0.085938 0.681641 0.031250 0.632812 0.000000 0.544922 0.013672 0.648438 0.119141 0.716797 0.189453 0.701172 0.220703 0.650391 0.181641 0.439453 0.181641 0.478516 0.164062 0.453125 0.152344 0.392578 0.146484 0.437500 0.177734 0.494141 0.138672 0.433594 0.140625 0.380859 0.179688 0.332031 0.281250 0.330078 0.365234 0.390625 0.457031 0.423828 0.529297 0.425781 0.677734 0.390625 0.726562 0.429688 0.718750 0.404297 0.736328 0.398438 0.753906 0.437500 0.734375 0.507812 0.636719 0.605469 0.593750 0.716797 0.595703 0.927734 0.615234 0.958984 0.728516 0.935547 0.802734 0.998047 0.863281 0.998047 0.812500 0.917969 0.761719 0.886719 0.722656 0.882812 0.638672 0.931641 0.609375 0.914062 0.621094 0.734375 0.687500 0.580078 0.742188 0.550781 0.767578 0.509766 0.779297 0.373047 0.691406 0.343750 0.679688 0.349609 0.693359 0.361328 0.578125 0.398438 0.445312 0.404297 0.339844 0.330078 0.263672 0.302734 0.175781 0.314453
0 0.998047 0.300781 0.998047 0.304688 0.996094 0.306641 0.994141 0.306641 0.990234 0.310547 0.992188 0.312500 0.990234 0.314453 0.986328 0.314453 0.986328 0.316406 0.988281 0.316406 0.990234 0.318359 0.990234 0.320312 0.988281 0.322266 0.990234 0.324219 0.998047 0.324219
0 0.582031 0.335938 0.580078 0.337891 0.578125 0.337891 0.576172 0.335938 0.576172 0.332031 0.574219 0.330078 0.568359 0.333984 0.566406 0.333984 0.564453 0.332031 0.562500 0.333984 0.552734 0.335938 0.546875 0.332031 0.550781 0.328125 0.552734 0.328125 0.552734 0.326172 0.556641 0.322266 0.560547 0.322266 0.562500 0.324219 0.564453 0.324219 0.564453 0.320312 0.560547 0.320312 0.558594 0.322266 0.548828 0.322266 0.546875 0.324219 0.539062 0.324219 0.535156 0.318359 0.541016 0.312500 0.544922 0.312500 0.544922 0.308594 0.548828 0.304688 0.570312 0.304688 0.572266 0.302734 0.572266 0.300781 0.560547 0.300781 0.558594 0.302734 0.550781 0.302734 0.548828 0.304688 0.539062 0.306641 0.537109 0.308594 0.537109 0.314453 0.535156 0.316406 0.531250 0.316406 0.527344 0.312500 0.525391 0.312500 0.523438 0.314453 0.519531 0.314453 0.511719 0.308594 0.511719 0.302734 0.505859 0.302734 0.507812 0.308594 0.505859 0.310547 0.500000 0.312500 0.503906 0.312500 0.511719 0.320312 0.517578 0.320312 0.521484 0.324219 0.523438 0.322266 0.525391 0.324219 0.525391 0.326172 0.527344 0.326172 0.531250 0.330078 0.529297 0.332031 0.529297 0.333984 0.531250 0.335938 0.535156 0.335938 0.537109 0.337891 0.535156 0.339844 0.531250 0.339844 0.535156 0.339844 0.537109 0.337891 0.546875 0.337891 0.548828 0.339844 0.548828 0.345703 0.550781 0.345703 0.552734 0.347656 0.552734 0.349609 0.558594 0.349609 0.558594 0.345703 0.560547 0.343750 0.562500 0.343750 0.564453 0.345703 0.566406 0.343750 0.568359 0.343750 0.570312 0.345703 0.570312 0.347656 0.572266 0.347656
0 0.427734 0.285156 0.425781 0.287109 0.425781 0.289062 0.421875 0.292969 0.417969 0.292969 0.421875 0.292969 0.423828 0.294922 0.423828 0.296875 0.425781 0.296875 0.427734 0.298828 0.431641 0.298828 0.433594 0.300781 0.433594 0.306641 0.433594 0.298828 0.431641 0.296875 0.433594 0.294922 0.429688 0.294922 0.427734 0.292969 0.427734 0.291016 0.429688 0.289062 0.431641 0.289062 0.431641 0.285156
0 0.779297 0.279297 0.779297 0.283203 0.777344 0.285156 0.777344 0.287109 0.781250 0.287109 0.783203 0.285156 0.785156 0.285156 0.785156 0.283203 0.787109 0.281250 0.787109 0.279297
0 0.964844 0.275391 0.966797 0.277344 0.964844 0.279297 0.964844 0.281250 0.966797 0.283203 0.966797 0.291016 0.962891 0.294922 0.960938 0.294922 0.958984 0.296875 0.957031 0.296875 0.955078 0.298828 0.957031 0.300781 0.964844 0.300781 0.966797 0.302734 0.968750 0.300781 0.970703 0.300781 0.972656 0.302734 0.972656 0.306641 0.970703 0.308594 0.972656 0.306641 0.974609 0.308594 0.974609 0.314453 0.976562 0.316406 0.974609 0.318359 0.976562 0.316406 0.978516 0.316406 0.978516 0.314453 0.980469 0.312500 0.980469 0.308594 0.982422 0.306641 0.982422 0.300781 0.972656 0.300781 0.970703 0.298828 0.968750 0.298828 0.966797 0.296875 0.966797 0.292969 0.968750 0.291016 0.970703 0.291016 0.968750 0.289062 0.970703 0.287109 0.970703 0.285156 0.966797 0.281250 0.966797 0.277344
0 0.726562 0.267578 0.724609 0.269531 0.722656 0.269531 0.722656 0.271484 0.724609 0.273438 0.722656 0.275391 0.722656 0.279297 0.724609 0.281250 0.724609 0.283203 0.728516 0.283203 0.730469 0.285156 0.732422 0.285156 0.732422 0.283203 0.730469 0.283203 0.726562 0.279297 0.728516 0.277344 0.724609 0.273438 0.724609 0.271484 0.726562 0.269531
0 0.308594 0.267578 0.310547 0.267578 0.314453 0.271484 0.312500 0.273438 0.308594 0.273438 0.314453 0.273438 0.318359 0.277344 0.322266 0.277344 0.324219 0.279297 0.328125 0.279297 0.330078 0.277344 0.332031 0.277344 0.332031 0.275391 0.330078 0.273438 0.326172 0.273438 0.324219 0.275391 0.322266 0.275391 0.320312 0.273438 0.320312 0.271484 0.318359 0.269531 0.318359 0.263672 0.316406 0.263672 0.314453 0.261719 0.312500 0.261719 0.314453 0.263672 0.314453 0.265625 0.312500 0.267578
0 0.740234 0.255859 0.738281 0.255859 0.736328 0.253906 0.732422 0.253906 0.734375 0.253906 0.736328 0.255859 0.734375 0.257812 0.730469 0.257812 0.730469 0.263672 0.734375 0.263672 0.734375 0.261719
0 0.718750 0.253906 0.716797 0.255859 0.712891 0.255859 0.710938 0.257812 0.710938 0.259766 0.708984 0.261719 0.705078 0.261719 0.703125 0.263672 0.701172 0.263672 0.699219 0.265625 0.697266 0.263672 0.697266 0.261719 0.695312 0.261719 0.693359 0.263672 0.691406 0.263672 0.693359 0.265625 0.693359 0.275391 0.695312 0.277344 0.697266 0.275391 0.699219 0.275391 0.701172 0.273438 0.705078 0.273438 0.707031 0.275391 0.707031 0.273438 0.708984 0.271484 0.708984 0.267578 0.707031 0.265625 0.708984 0.263672 0.710938 0.263672 0.708984 0.261719 0.712891 0.257812 0.716797 0.257812 0.716797 0.255859
0 0.388672 0.253906 0.390625 0.255859 0.390625 0.261719 0.394531 0.265625 0.394531 0.267578 0.392578 0.269531 0.388672 0.269531 0.390625 0.271484 0.390625 0.273438 0.388672 0.275391 0.388672 0.289062 0.398438 0.289062 0.400391 0.291016 0.402344 0.289062 0.404297 0.289062 0.402344 0.287109 0.400391 0.287109 0.394531 0.281250 0.394531 0.277344 0.396484 0.275391 0.396484 0.271484 0.394531 0.269531 0.394531 0.265625 0.392578 0.263672 0.398438 0.257812 0.394531 0.253906
0 0.382812 0.261719 0.380859 0.261719 0.378906 0.259766 0.378906 0.253906 0.376953 0.253906 0.375000 0.251953 0.375000 0.250000 0.371094 0.250000 0.371094 0.251953 0.373047 0.251953 0.375000 0.253906 0.375000 0.257812 0.373047 0.259766 0.367188 0.259766 0.367188 0.261719 0.365234 0.263672 0.361328 0.263672 0.361328 0.265625 0.367188 0.265625 0.369141 0.263672 0.371094 0.263672 0.373047 0.265625 0.375000 0.263672 0.378906 0.263672 0.380859 0.261719
0 0.273438 0.255859 0.275391 0.255859 0.277344 0.253906 0.279297 0.255859 0.281250 0.255859 0.285156 0.251953 0.292969 0.251953 0.285156 0.251953 0.283203 0.250000 0.283203 0.246094 0.281250 0.246094 0.279297 0.248047 0.277344 0.248047 0.273438 0.251953
0 0.386719 0.246094 0.400391 0.246094 0.402344 0.248047 0.406250 0.248047 0.408203 0.250000 0.410156 0.250000 0.412109 0.251953 0.414062 0.251953 0.416016 0.253906 0.417969 0.251953 0.419922 0.251953 0.419922 0.250000 0.414062 0.250000 0.412109 0.248047 0.410156 0.248047 0.408203 0.246094 0.404297 0.246094 0.402344 0.244141 0.394531 0.244141 0.392578 0.246094
0 0.708984 0.248047 0.710938 0.250000 0.718750 0.250000 0.718750 0.248047 0.716797 0.246094 0.716797 0.244141 0.714844 0.242188 0.712891 0.242188 0.710938 0.244141 0.710938 0.246094
0 0.103516 0.240234 0.103516 0.242188 0.105469 0.242188 0.109375 0.246094 0.115234 0.246094 0.119141 0.250000 0.119141 0.271484 0.125000 0.271484 0.126953 0.273438 0.128906 0.273438 0.130859 0.271484 0.130859 0.267578 0.128906 0.265625 0.128906 0.259766 0.126953 0.257812 0.126953 0.253906 0.125000 0.251953 0.126953 0.250000 0.125000 0.248047 0.125000 0.246094 0.123047 0.244141 0.123047 0.242188 0.119141 0.242188 0.115234 0.238281 0.113281 0.240234
0 0.531250 0.224609 0.531250 0.228516 0.529297 0.230469 0.527344 0.230469 0.527344 0.232422 0.525391 0.234375 0.525391 0.236328 0.527344 0.238281 0.527344 0.242188 0.535156 0.242188 0.537109 0.240234 0.539062 0.240234 0.541016 0.238281 0.542969 0.240234 0.544922 0.238281 0.542969 0.236328 0.542969 0.234375 0.541016 0.232422 0.539062 0.232422 0.537109 0.230469 0.535156 0.230469 0.531250 0.226562
0 0.347656 0.214844 0.345703 0.214844 0.343750 0.216797 0.339844 0.216797 0.337891 0.218750 0.335938 0.218750 0.333984 0.220703 0.332031 0.220703 0.330078 0.222656 0.328125 0.222656 0.326172 0.224609 0.324219 0.224609 0.324219 0.226562 0.322266 0.228516 0.320312 0.228516 0.318359 0.230469 0.314453 0.230469 0.312500 0.232422 0.306641 0.232422 0.304688 0.234375 0.304688 0.236328 0.306641 0.234375 0.314453 0.234375 0.316406 0.232422 0.318359 0.234375 0.318359 0.240234 0.320312 0.242188 0.320312 0.248047 0.318359 0.250000 0.316406 0.250000 0.318359 0.251953 0.324219 0.246094 0.326172 0.246094 0.328125 0.244141 0.328125 0.242188 0.330078 0.240234 0.330078 0.238281 0.337891 0.230469 0.345703 0.230469 0.345703 0.228516 0.343750 0.226562 0.343750 0.218750
0 0.365234 0.212891 0.359375 0.212891 0.359375 0.216797 0.357422 0.218750 0.359375 0.220703 0.357422 0.222656 0.357422 0.228516 0.355469 0.230469 0.357422 0.230469 0.361328 0.226562 0.363281 0.226562 0.363281 0.220703 0.365234 0.218750
0 0.001953 0.203125 0.001953 0.205078 0.000000 0.207031 0.000000 0.224609 0.005859 0.224609 0.005859 0.220703 0.007812 0.218750 0.011719 0.218750 0.011719 0.216797 0.013672 0.214844 0.015625 0.216797 0.015625 0.208984 0.013672 0.208984 0.011719 0.207031 0.007812 0.207031 0.003906 0.203125
0 0.591797 0.187500 0.591797 0.189453 0.593750 0.191406 0.597656 0.191406 0.599609 0.193359 0.601562 0.193359 0.603516 0.191406 0.605469 0.193359 0.607422 0.191406 0.609375 0.191406 0.609375 0.189453 0.597656 0.189453 0.595703 0.191406 0.593750 0.189453 0.593750 0.187500
0 0.251953 0.183594 0.253906 0.185547 0.257812 0.185547 0.259766 0.183594 0.267578 0.183594 0.269531 0.181641 0.273438 0.181641 0.275391 0.179688 0.261719 0.179688 0.259766 0.181641 0.251953 0.181641
0 0.703125 0.177734 0.703125 0.183594 0.705078 0.183594 0.707031 0.185547 0.710938 0.185547 0.710938 0.183594 0.714844 0.179688 0.716797 0.181641 0.716797 0.183594 0.714844 0.185547 0.716797 0.187500 0.720703 0.187500 0.720703 0.183594 0.722656 0.181641 0.722656 0.179688 0.720703 0.177734 0.718750 0.179688 0.716797 0.177734 0.714844 0.177734 0.710938 0.173828 0.708984 0.173828 0.707031 0.175781 0.705078 0.175781
0 0.380859 0.171875 0.378906 0.173828 0.376953 0.173828 0.376953 0.175781 0.375000 0.177734 0.375000 0.179688 0.378906 0.179688 0.380859 0.181641 0.380859 0.187500 0.384766 0.187500 0.388672 0.183594 0.388672 0.179688 0.384766 0.179688 0.382812 0.177734 0.382812 0.171875
0 0.273438 0.166016 0.263672 0.166016 0.261719 0.167969 0.251953 0.167969 0.250000 0.169922 0.246094 0.169922 0.251953 0.169922 0.253906 0.167969 0.257812 0.167969 0.259766 0.169922 0.263672 0.169922 0.265625 0.171875 0.271484 0.171875 0.273438 0.169922
0 0.503906 0.156250 0.501953 0.158203 0.496094 0.158203 0.496094 0.167969 0.503906 0.167969 0.503906 0.164062 0.505859 0.162109 0.503906 0.160156
0 0.292969 0.134766 0.292969 0.136719 0.294922 0.138672 0.294922 0.140625 0.298828 0.144531 0.300781 0.142578 0.304688 0.142578 0.308594 0.146484 0.314453 0.146484 0.316406 0.144531 0.316406 0.130859 0.318359 0.128906 0.320312 0.128906 0.322266 0.130859 0.322266 0.134766 0.324219 0.136719 0.324219 0.142578 0.326172 0.144531 0.339844 0.144531 0.341797 0.142578 0.343750 0.142578 0.347656 0.138672 0.347656 0.134766 0.343750 0.134766 0.341797 0.136719 0.335938 0.136719 0.335938 0.138672 0.332031 0.142578 0.330078 0.142578 0.328125 0.140625 0.328125 0.132812 0.326172 0.130859 0.326172 0.128906 0.324219 0.126953 0.324219 0.121094 0.322266 0.119141 0.318359 0.119141 0.316406 0.117188 0.318359 0.115234 0.316406 0.115234 0.316406 0.117188 0.318359 0.119141 0.318359 0.125000 0.320312 0.125000 0.322266 0.126953 0.320312 0.128906 0.318359 0.128906 0.316406 0.130859 0.306641 0.130859 0.304688 0.132812 0.302734 0.130859 0.294922 0.130859 0.294922 0.132812
0 0.341797 0.099609 0.337891 0.103516 0.335938 0.103516 0.337891 0.103516 0.339844 0.101562 0.341797 0.103516 0.341797 0.105469 0.343750 0.107422 0.343750 0.121094 0.347656 0.121094 0.347656 0.119141 0.345703 0.117188 0.345703 0.109375 0.343750 0.107422 0.343750 0.101562
0 0.830078 0.093750 0.832031 0.093750 0.833984 0.095703 0.833984 0.097656 0.835938 0.097656 0.835938 0.093750 0.837891 0.091797 0.839844 0.091797 0.841797 0.093750 0.841797 0.097656 0.843750 0.095703 0.845703 0.097656 0.845703 0.095703 0.843750 0.093750 0.843750 0.091797 0.841797 0.091797 0.839844 0.089844 0.837891 0.091797 0.835938 0.089844 0.832031 0.093750
0 0.316406 0.087891 0.316406 0.091797 0.318359 0.091797 0.320312 0.093750 0.320312 0.097656 0.322266 0.099609 0.322266 0.101562 0.324219 0.103516 0.324219 0.105469 0.330078 0.105469 0.332031 0.103516 0.330078 0.101562 0.330078 0.093750 0.332031 0.091797 0.330078 0.089844 0.328125 0.089844 0.326172 0.087891
0 0.302734 0.091797 0.300781 0.091797 0.298828 0.089844 0.296875 0.089844 0.292969 0.085938 0.285156 0.085938 0.287109 0.085938 0.289062 0.087891 0.289062 0.089844 0.287109 0.091797 0.289062 0.093750 0.289062 0.097656 0.287109 0.099609 0.281250 0.093750 0.279297 0.093750 0.277344 0.091797 0.277344 0.089844 0.273438 0.089844 0.275391 0.089844 0.277344 0.091797 0.277344 0.093750 0.275391 0.095703 0.275391 0.101562 0.277344 0.103516 0.273438 0.107422 0.265625 0.107422 0.263672 0.109375 0.261719 0.109375 0.257812 0.105469 0.257812 0.099609 0.253906 0.105469 0.246094 0.105469 0.246094 0.107422 0.248047 0.109375 0.250000 0.109375 0.253906 0.115234 0.251953 0.117188 0.251953 0.125000 0.253906 0.123047 0.263672 0.123047 0.265625 0.121094 0.267578 0.121094 0.267578 0.117188 0.269531 0.115234 0.269531 0.111328 0.271484 0.109375 0.275391 0.109375 0.277344 0.111328 0.277344 0.113281 0.281250 0.119141 0.281250 0.125000 0.283203 0.125000 0.285156 0.123047 0.287109 0.125000 0.289062 0.125000 0.289062 0.123047 0.292969 0.119141 0.292969 0.111328 0.289062 0.115234 0.291016 0.117188 0.291016 0.121094 0.289062 0.123047 0.285156 0.123047 0.283203 0.121094 0.283203 0.117188 0.281250 0.117188 0.279297 0.115234 0.289062 0.105469 0.291016 0.105469 0.292969 0.107422 0.291016 0.105469 0.291016 0.103516 0.292969 0.101562 0.294922 0.101562 0.294922 0.097656 0.292969 0.095703 0.292969 0.093750 0.296875 0.089844 0.298828 0.089844 0.302734 0.093750
0 0.017578 0.070312 0.027344 0.070312 0.029297 0.072266 0.029297 0.068359 0.031250 0.066406 0.033203 0.066406 0.033203 0.064453 0.031250 0.064453 0.031250 0.066406 0.029297 0.068359 0.027344 0.068359 0.023438 0.064453 0.019531 0.064453 0.019531 0.068359
0 0.316406 0.037109 0.314453 0.035156 0.312500 0.035156 0.310547 0.037109 0.308594 0.035156 0.306641 0.037109 0.308594 0.039062 0.308594 0.041016 0.306641 0.042969 0.304688 0.042969 0.302734 0.041016 0.302734 0.037109 0.302734 0.042969 0.308594 0.042969 0.310547 0.041016 0.312500 0.042969 0.314453 0.042969 0.312500 0.042969 0.310547 0.041016 0.312500 0.039062 0.314453 0.039062
0 0.621094 0.025391 0.621094 0.031250 0.623047 0.033203 0.619141 0.037109 0.619141 0.041016 0.621094 0.041016 0.623047 0.039062 0.625000 0.039062 0.626953 0.041016 0.626953 0.042969 0.632812 0.042969 0.634766 0.044922 0.632812 0.046875 0.630859 0.046875 0.632812 0.046875 0.634766 0.048828 0.636719 0.048828 0.634766 0.046875 0.636719 0.044922 0.640625 0.044922 0.642578 0.046875 0.642578 0.042969 0.644531 0.041016 0.646484 0.041016 0.648438 0.042969 0.648438 0.041016 0.650391 0.039062 0.650391 0.027344 0.648438 0.027344 0.646484 0.029297 0.644531 0.029297 0.642578 0.027344 0.640625 0.027344 0.638672 0.029297 0.638672 0.031250 0.636719 0.033203 0.630859 0.027344 0.628906 0.027344 0.626953 0.025391 0.625000 0.025391 0.623047 0.023438
0 0.732422 0.042969 0.726562 0.037109 0.726562 0.031250 0.724609 0.031250 0.722656 0.029297 0.722656 0.027344 0.718750 0.027344 0.716797 0.025391 0.716797 0.021484 0.714844 0.019531 0.710938 0.019531 0.710938 0.021484 0.707031 0.025391 0.705078 0.025391 0.701172 0.021484 0.701172 0.019531 0.697266 0.019531 0.699219 0.021484 0.699219 0.027344 0.693359 0.031250 0.689453 0.031250 0.687500 0.033203 0.685547 0.033203 0.683594 0.031250 0.681641 0.031250 0.679688 0.033203 0.677734 0.033203 0.675781 0.031250 0.671875 0.031250 0.669922 0.033203 0.667969 0.031250 0.667969 0.029297 0.667969 0.033203 0.666016 0.035156 0.662109 0.035156 0.662109 0.039062 0.658203 0.044922 0.658203 0.048828 0.660156 0.050781 0.660156 0.052734 0.662109 0.052734 0.667969 0.056641 0.669922 0.054688 0.669922 0.046875 0.671875 0.044922 0.669922 0.042969 0.669922 0.041016 0.671875 0.039062 0.671875 0.035156 0.673828 0.033203 0.675781 0.035156 0.683594 0.035156 0.685547 0.033203 0.687500 0.033203 0.689453 0.035156 0.689453 0.042969 0.693359 0.039062 0.693359 0.033203 0.699219 0.029297 0.701172 0.029297 0.703125 0.031250 0.699219 0.035156 0.697266 0.035156 0.699219 0.037109 0.699219 0.039062 0.701172 0.037109 0.703125 0.037109 0.710938 0.044922 0.710938 0.046875 0.712891 0.044922 0.720703 0.044922 0.724609 0.048828 0.726562 0.048828 0.728516 0.046875 0.732422 0.046875
0 0.076172 0.017578 0.070312 0.017578 0.068359 0.015625 0.066406 0.015625 0.066406 0.017578 0.064453 0.019531 0.062500 0.019531 0.060547 0.017578 0.062500 0.015625 0.060547 0.017578 0.058594 0.017578 0.056641 0.019531 0.058594 0.021484 0.058594 0.027344 0.060547 0.027344 0.062500 0.029297 0.062500 0.033203 0.066406 0.033203 0.064453 0.031250 0.064453 0.029297 0.066406 0.027344 0.066406 0.025391 0.068359 0.023438 0.074219 0.023438 0.076172 0.021484
