0 0.582031 0.953125 0.580078 0.955078 0.576172 0.955078 0.576172 0.957031 0.574219 0.958984 0.572266 0.957031 0.566406 0.957031 0.564453 0.958984 0.560547 0.958984 0.558594 0.960938 0.556641 0.960938 0.560547 0.960938 0.562500 0.958984 0.564453 0.960938 0.570312 0.960938 0.572266 0.958984 0.574219 0.958984 0.576172 0.957031 0.578125 0.957031 0.580078 0.955078 0.582031 0.955078
0 0.998047 0.939453 0.990234 0.939453 0.988281 0.941406 0.986328 0.941406 0.984375 0.943359 0.982422 0.943359 0.982422 0.945312 0.980469 0.947266 0.978516 0.947266 0.978516 0.949219 0.974609 0.953125 0.972656 0.953125 0.972656 0.958984 0.968750 0.962891 0.968750 0.976562 0.970703 0.978516 0.970703 0.982422 0.972656 0.984375 0.972656 0.988281 0.974609 0.990234 0.974609 0.994141 0.976562 0.994141 0.980469 0.998047 0.986328 0.998047 0.986328 0.996094 0.980469 0.990234 0.980469 0.988281 0.978516 0.988281 0.976562 0.986328 0.976562 0.984375 0.974609 0.984375 0.972656 0.982422 0.974609 0.980469 0.974609 0.972656 0.972656 0.972656 0.970703 0.970703 0.970703 0.966797 0.972656 0.964844 0.974609 0.964844 0.974609 0.962891 0.976562 0.960938 0.976562 0.957031 0.982422 0.951172 0.982422 0.949219 0.990234 0.941406 0.996094 0.941406 0.998047 0.943359
0 0.892578 0.937500 0.890625 0.939453 0.888672 0.939453 0.875000 0.953125 0.875000 0.958984 0.873047 0.960938 0.875000 0.962891 0.875000 0.966797 0.873047 0.968750 0.875000 0.970703 0.875000 0.972656 0.873047 0.974609 0.873047 0.986328 0.875000 0.988281 0.875000 0.992188 0.876953 0.994141 0.876953 0.998047 0.880859 0.998047 0.880859 0.992188 0.878906 0.990234 0.878906 0.986328 0.876953 0.986328 0.875000 0.984375 0.875000 0.964844 0.876953 0.962891 0.878906 0.962891 0.878906 0.960938 0.876953 0.960938 0.875000 0.958984 0.875000 0.955078 0.876953 0.953125 0.878906 0.953125 0.882812 0.949219 0.884766 0.949219 0.892578 0.941406 0.896484 0.941406 0.898438 0.939453 0.900391 0.939453 0.902344 0.941406 0.904297 0.941406 0.910156 0.947266 0.910156 0.953125 0.904297 0.958984 0.904297 0.960938 0.900391 0.964844 0.900391 0.966797 0.898438 0.968750 0.896484 0.968750 0.896484 0.972656 0.894531 0.974609 0.894531 0.986328 0.896484 0.988281 0.896484 0.992188 0.898438 0.992188 0.902344 0.998047 0.910156 0.998047 0.908203 0.996094 0.906250 0.996094 0.902344 0.992188 0.902344 0.988281 0.898438 0.982422 0.898438 0.974609 0.900391 0.972656 0.902344 0.966797 0.906250 0.962891 0.906250 0.958984 0.908203 0.957031 0.910156 0.957031 0.910156 0.951172 0.912109 0.949219 0.912109 0.941406 0.906250 0.937500
0 0.878906 0.919922 0.878906 0.925781 0.880859 0.927734 0.880859 0.935547 0.882812 0.937500 0.884766 0.937500 0.884766 0.935547 0.886719 0.933594 0.886719 0.927734 0.888672 0.925781 0.888672 0.921875 0.886719 0.921875 0.884766 0.923828 0.880859 0.923828 0.878906 0.921875
0 0.580078 0.917969 0.578125 0.916016 0.576172 0.916016 0.572266 0.919922 0.570312 0.919922 0.570312 0.921875 0.572266 0.921875 0.574219 0.923828 0.576172 0.921875 0.578125 0.921875 0.580078 0.919922
0 0.650391 0.912109 0.652344 0.914062 0.652344 0.916016 0.646484 0.921875 0.646484 0.923828 0.644531 0.925781 0.642578 0.925781 0.642578 0.927734 0.646484 0.927734 0.650391 0.923828 0.652344 0.923828 0.650391 0.921875 0.650391 0.919922 0.652344 0.917969 0.652344 0.914062
0 0.437500 0.908203 0.435547 0.910156 0.435547 0.916016 0.441406 0.921875 0.443359 0.921875 0.443359 0.919922 0.445312 0.917969 0.445312 0.916016
0 0.964844 0.898438 0.958984 0.898438 0.960938 0.900391 0.960938 0.902344 0.958984 0.904297 0.958984 0.908203 0.960938 0.908203 0.960938 0.906250 0.964844 0.902344 0.966797 0.902344 0.966797 0.900391
0 0.912109 0.896484 0.912109 0.898438 0.916016 0.898438 0.917969 0.900391 0.919922 0.900391 0.921875 0.902344 0.919922 0.904297 0.917969 0.904297 0.923828 0.910156 0.925781 0.908203 0.925781 0.902344 0.923828 0.900391 0.923828 0.896484
0 0.494141 0.892578 0.484375 0.892578 0.480469 0.888672 0.476562 0.888672 0.476562 0.890625 0.474609 0.892578 0.472656 0.892578 0.470703 0.894531 0.464844 0.894531 0.462891 0.892578 0.457031 0.898438 0.464844 0.898438 0.468750 0.894531 0.472656 0.894531 0.474609 0.896484 0.474609 0.898438 0.474609 0.896484 0.476562 0.894531 0.478516 0.894531 0.480469 0.896484 0.480469 0.900391 0.478516 0.902344 0.478516 0.908203 0.476562 0.910156 0.474609 0.910156 0.476562 0.912109 0.476562 0.914062 0.478516 0.916016 0.480469 0.914062 0.478516 0.912109 0.478516 0.910156 0.480469 0.908203 0.482422 0.908203 0.486328 0.904297 0.492188 0.904297 0.494141 0.902344 0.494141 0.900391 0.492188 0.898438 0.494141 0.896484
0 0.363281 0.894531 0.365234 0.896484 0.378906 0.896484 0.378906 0.890625 0.376953 0.888672 0.369141 0.888672
0 0.652344 0.898438 0.650391 0.898438 0.650391 0.900391 0.648438 0.902344 0.646484 0.900391 0.646484 0.898438 0.644531 0.896484 0.642578 0.896484 0.640625 0.894531 0.640625 0.890625 0.638672 0.888672 0.636719 0.888672 0.634766 0.886719 0.634766 0.894531 0.636719 0.896484 0.636719 0.900391 0.634766 0.902344 0.632812 0.902344 0.628906 0.906250 0.626953 0.906250 0.625000 0.908203 0.623047 0.908203 0.619141 0.912109 0.625000 0.912109 0.625000 0.910156 0.630859 0.904297 0.632812 0.904297 0.634766 0.902344 0.636719 0.902344 0.638672 0.904297 0.640625 0.902344 0.650391 0.902344 0.652344 0.900391
0 0.455078 0.880859 0.453125 0.880859 0.451172 0.878906 0.449219 0.880859 0.447266 0.880859 0.445312 0.882812 0.445312 0.886719 0.443359 0.888672 0.443359 0.892578 0.445312 0.894531 0.447266 0.894531 0.447266 0.892578 0.449219 0.890625 0.451172 0.890625 0.455078 0.886719
0 0.388672 0.857422 0.386719 0.859375 0.386719 0.861328 0.384766 0.863281 0.384766 0.867188 0.386719 0.869141 0.386719 0.871094 0.392578 0.871094 0.396484 0.867188 0.394531 0.865234 0.390625 0.865234 0.388672 0.863281 0.390625 0.861328 0.392578 0.861328 0.390625 0.861328 0.388672 0.859375 0.390625 0.857422
0 0.611328 0.863281 0.619141 0.863281 0.621094 0.865234 0.621094 0.867188 0.625000 0.867188 0.628906 0.863281 0.626953 0.861328 0.626953 0.859375 0.625000 0.857422 0.625000 0.855469 0.619141 0.855469 0.615234 0.859375 0.613281 0.859375 0.613281 0.861328
0 0.496094 0.855469 0.496094 0.857422 0.494141 0.859375 0.494141 0.867188 0.498047 0.867188 0.498047 0.861328 0.500000 0.859375
0 0.537109 0.873047 0.539062 0.871094 0.550781 0.871094 0.552734 0.873047 0.554688 0.873047 0.556641 0.875000 0.558594 0.875000 0.560547 0.873047 0.562500 0.873047 0.564453 0.871094 0.566406 0.871094 0.560547 0.871094 0.558594 0.869141 0.558594 0.867188 0.560547 0.865234 0.562500 0.867188 0.564453 0.865234 0.566406 0.865234 0.568359 0.867188 0.572266 0.867188 0.574219 0.869141 0.572266 0.871094 0.574219 0.869141 0.576172 0.869141 0.578125 0.871094 0.578125 0.873047 0.578125 0.869141 0.576172 0.867188 0.576172 0.861328 0.574219 0.861328 0.570312 0.857422 0.568359 0.857422 0.568359 0.859375 0.566406 0.861328 0.564453 0.861328 0.562500 0.859375 0.562500 0.857422 0.560547 0.857422 0.556641 0.861328 0.554688 0.861328 0.552734 0.859375 0.552734 0.855469 0.550781 0.853516 0.550781 0.849609 0.548828 0.849609 0.548828 0.851562 0.546875 0.853516 0.544922 0.853516 0.546875 0.853516 0.548828 0.855469 0.548828 0.857422 0.546875 0.859375 0.544922 0.859375 0.546875 0.859375 0.548828 0.861328 0.548828 0.869141 0.546875 0.871094 0.539062 0.871094
0 0.576172 0.849609 0.576172 0.851562 0.578125 0.853516 0.578125 0.855469 0.580078 0.855469 0.580078 0.853516 0.582031 0.851562 0.589844 0.851562 0.591797 0.853516 0.591797 0.861328 0.593750 0.859375 0.595703 0.861328 0.595703 0.863281 0.593750 0.865234 0.587891 0.865234 0.589844 0.867188 0.591797 0.867188 0.593750 0.865234 0.597656 0.869141 0.599609 0.869141 0.597656 0.869141 0.595703 0.867188 0.595703 0.863281 0.599609 0.859375 0.599609 0.849609 0.597656 0.847656 0.593750 0.847656 0.591797 0.845703 0.591797 0.843750 0.589844 0.841797 0.587891 0.841797 0.587891 0.843750 0.585938 0.845703 0.585938 0.847656 0.583984 0.849609 0.582031 0.849609 0.580078 0.847656 0.578125 0.847656
0 0.453125 0.839844 0.453125 0.843750 0.449219 0.847656 0.445312 0.847656 0.443359 0.849609 0.443359 0.851562 0.455078 0.851562 0.457031 0.853516 0.458984 0.853516 0.460938 0.855469 0.462891 0.855469 0.464844 0.857422 0.464844 0.859375 0.462891 0.861328 0.460938 0.859375 0.458984 0.859375 0.457031 0.861328 0.457031 0.863281 0.458984 0.863281 0.460938 0.861328 0.464844 0.861328 0.466797 0.863281 0.466797 0.869141 0.464844 0.871094 0.464844 0.873047 0.462891 0.875000 0.462891 0.876953 0.464844 0.878906 0.464844 0.880859 0.468750 0.880859 0.468750 0.876953 0.470703 0.875000 0.472656 0.875000 0.472656 0.873047 0.470703 0.873047 0.468750 0.871094 0.472656 0.867188 0.472656 0.857422 0.474609 0.855469 0.470703 0.851562 0.474609 0.847656 0.474609 0.845703 0.462891 0.845703 0.460938 0.843750 0.462891 0.841797 0.470703 0.841797 0.470703 0.839844 0.466797 0.839844 0.464844 0.841797 0.462891 0.839844 0.460938 0.841797 0.460938 0.845703 0.457031 0.849609 0.455078 0.849609 0.453125 0.847656
0 0.523438 0.835938 0.519531 0.837891 0.515625 0.845703 0.511719 0.839844 0.505859 0.843750 0.513672 0.847656 0.513672 0.853516 0.509766 0.857422 0.503906 0.857422 0.503906 0.869141 0.498047 0.873047 0.509766 0.878906 0.509766 0.884766 0.505859 0.886719 0.509766 0.890625 0.500000 0.894531 0.501953 0.904297 0.498047 0.914062 0.501953 0.925781 0.488281 0.931641 0.494141 0.937500 0.492188 0.945312 0.494141 0.943359 0.500000 0.945312 0.500000 0.951172 0.503906 0.955078 0.503906 0.958984 0.519531 0.958984 0.523438 0.943359 0.517578 0.937500 0.521484 0.935547 0.521484 0.931641 0.519531 0.935547 0.513672 0.933594 0.517578 0.929688 0.511719 0.923828 0.511719 0.919922 0.517578 0.914062 0.523438 0.916016 0.525391 0.910156 0.531250 0.910156 0.535156 0.904297 0.542969 0.900391 0.539062 0.896484 0.539062 0.892578 0.546875 0.888672 0.542969 0.884766 0.544922 0.882812 0.554688 0.882812 0.562500 0.900391 0.568359 0.898438 0.570312 0.894531 0.576172 0.894531 0.578125 0.896484 0.576172 0.900391 0.585938 0.900391 0.576172 0.890625 0.578125 0.888672 0.580078 0.890625 0.583984 0.884766 0.593750 0.884766 0.589844 0.882812 0.589844 0.873047 0.589844 0.880859 0.582031 0.886719 0.578125 0.884766 0.572266 0.890625 0.562500 0.894531 0.558594 0.892578 0.558594 0.888672 0.562500 0.886719 0.560547 0.884766 0.562500 0.882812 0.566406 0.882812 0.566406 0.876953 0.562500 0.876953 0.556641 0.884766 0.554688 0.878906 0.552734 0.880859 0.548828 0.876953 0.539062 0.880859 0.537109 0.888672 0.527344 0.892578 0.521484 0.890625 0.515625 0.882812 0.517578 0.880859 0.527344 0.882812 0.535156 0.878906 0.531250 0.875000 0.529297 0.878906 0.523438 0.880859 0.515625 0.876953 0.519531 0.875000 0.519531 0.871094 0.523438 0.867188 0.527344 0.867188 0.531250 0.871094 0.535156 0.869141 0.531250 0.865234 0.523438 0.867188 0.519531 0.865234 0.521484 0.857422 0.517578 0.853516 0.517578 0.845703 0.521484 0.843750 0.523438 0.837891 0.529297 0.839844 0.529297 0.837891
0 0.503906 0.830078 0.501953 0.828125 0.500000 0.828125 0.498047 0.830078 0.498047 0.832031 0.494141 0.835938 0.492188 0.833984 0.488281 0.837891 0.484375 0.837891 0.484375 0.843750 0.482422 0.845703 0.484375 0.845703 0.486328 0.847656 0.488281 0.847656 0.492188 0.843750 0.494141 0.845703 0.496094 0.845703 0.496094 0.839844 0.498047 0.837891 0.498047 0.832031 0.500000 0.830078
0 0.449219 0.822266 0.447266 0.822266 0.445312 0.820312 0.443359 0.822266 0.441406 0.822266 0.439453 0.824219 0.439453 0.833984 0.441406 0.833984 0.443359 0.832031 0.451172 0.832031 0.451172 0.830078 0.449219 0.828125
0 0.113281 0.783203 0.113281 0.808594 0.115234 0.810547 0.126953 0.810547 0.128906 0.808594 0.125000 0.804688 0.125000 0.794922 0.126953 0.792969 0.128906 0.792969 0.128906 0.789062 0.126953 0.787109 0.126953 0.783203
0 0.054688 0.777344 0.046875 0.777344 0.044922 0.779297 0.044922 0.785156 0.041016 0.789062 0.039062 0.789062 0.039062 0.791016 0.037109 0.792969 0.037109 0.804688 0.031250 0.810547 0.031250 0.812500 0.029297 0.814453 0.027344 0.814453 0.025391 0.816406 0.021484 0.816406 0.019531 0.818359 0.013672 0.818359 0.009766 0.814453 0.007812 0.814453 0.000000 0.806641 0.000000 0.816406 0.001953 0.818359 0.003906 0.818359 0.007812 0.822266 0.009766 0.822266 0.011719 0.824219 0.033203 0.824219 0.035156 0.822266 0.042969 0.822266 0.042969 0.818359 0.044922 0.816406 0.044922 0.808594 0.048828 0.804688 0.048828 0.796875 0.050781 0.794922 0.050781 0.787109 0.052734 0.785156 0.052734 0.783203 0.054688 0.781250
0 0.000000 0.722656 0.000000 0.726562 0.035156 0.722656 0.044922 0.724609 0.052734 0.732422 0.080078 0.732422 0.091797 0.744141 0.093750 0.757812 0.111328 0.771484 0.203125 0.773438 0.222656 0.777344 0.253906 0.800781 0.261719 0.812500 0.259766 0.835938 0.244141 0.851562 0.240234 0.861328 0.246094 0.878906 0.255859 0.888672 0.267578 0.892578 0.300781 0.890625 0.310547 0.896484 0.308594 0.900391 0.292969 0.900391 0.339844 0.904297 0.353516 0.923828 0.388672 0.953125 0.386719 0.964844 0.373047 0.972656 0.365234 0.998047 0.371094 0.994141 0.369141 0.980469 0.376953 0.972656 0.382812 0.976562 0.396484 0.960938 0.396484 0.955078 0.376953 0.935547 0.365234 0.929688 0.347656 0.904297 0.337891 0.904297 0.302734 0.886719 0.267578 0.888672 0.246094 0.873047 0.246094 0.859375 0.263672 0.837891 0.267578 0.824219 0.261719 0.804688 0.238281 0.781250 0.228516 0.775391 0.197266 0.769531 0.158203 0.771484 0.109375 0.765625 0.095703 0.753906 0.091797 0.738281 0.080078 0.730469 0.054688 0.730469 0.033203 0.718750
0 0.439453 0.716797 0.435547 0.712891 0.435547 0.710938 0.433594 0.712891 0.427734 0.712891 0.427734 0.718750 0.429688 0.718750 0.431641 0.716797
0 0.416016 0.681641 0.414062 0.681641 0.414062 0.683594 0.412109 0.685547 0.412109 0.687500 0.410156 0.689453 0.410156 0.691406 0.408203 0.693359 0.408203 0.699219 0.419922 0.699219 0.419922 0.697266 0.421875 0.695312 0.419922 0.695312 0.416016 0.699219 0.412109 0.695312 0.412109 0.691406 0.414062 0.689453 0.416016 0.689453 0.414062 0.687500 0.414062 0.685547 0.416016 0.683594
