0 0.125000 0.984375 0.123047 0.982422 0.119141 0.982422 0.117188 0.980469 0.113281 0.980469 0.111328 0.982422 0.109375 0.982422 0.107422 0.984375 0.103516 0.984375 0.101562 0.986328 0.097656 0.986328 0.095703 0.988281 0.091797 0.988281 0.089844 0.990234 0.087891 0.990234 0.085938 0.992188 0.082031 0.992188 0.080078 0.994141 0.078125 0.994141 0.076172 0.996094 0.074219 0.996094 0.072266 0.998047 0.070312 0.998047 0.109375 0.998047 0.115234 0.992188 0.117188 0.992188 0.123047 0.986328 0.125000 0.986328
0 0.039062 0.986328 0.041016 0.986328 0.042969 0.984375 0.042969 0.982422 0.044922 0.980469 0.050781 0.980469 0.052734 0.978516 0.050781 0.976562 0.039062 0.976562
0 0.156250 0.962891 0.152344 0.962891 0.148438 0.966797 0.148438 0.968750 0.140625 0.976562 0.140625 0.978516 0.132812 0.986328 0.132812 0.990234 0.130859 0.992188 0.130859 0.994141 0.128906 0.996094 0.128906 0.998047 0.162109 0.998047 0.160156 0.996094 0.160156 0.968750 0.156250 0.964844
0 0.560547 0.960938 0.558594 0.960938 0.556641 0.958984 0.554688 0.960938 0.554688 0.966797 0.552734 0.968750 0.552734 0.970703 0.550781 0.972656 0.542969 0.972656 0.541016 0.974609 0.537109 0.974609 0.535156 0.972656 0.537109 0.970703 0.537109 0.968750 0.539062 0.966797 0.537109 0.964844 0.533203 0.964844 0.531250 0.966797 0.527344 0.966797 0.527344 0.974609 0.529297 0.976562 0.527344 0.978516 0.525391 0.978516 0.521484 0.982422 0.519531 0.980469 0.519531 0.978516 0.500000 0.978516 0.500000 0.990234 0.503906 0.990234 0.507812 0.994141 0.507812 0.996094 0.505859 0.998047 0.500000 0.998047 0.542969 0.998047 0.539062 0.998047 0.537109 0.996094 0.539062 0.994141 0.539062 0.990234 0.541016 0.988281 0.558594 0.988281 0.558594 0.978516 0.560547 0.976562 0.560547 0.972656 0.562500 0.970703 0.562500 0.966797 0.560547 0.964844
0 0.023438 0.957031 0.025391 0.958984 0.025391 0.960938 0.027344 0.962891 0.027344 0.964844 0.029297 0.964844 0.031250 0.966797 0.031250 0.968750 0.037109 0.968750 0.041016 0.964844 0.039062 0.964844 0.037109 0.962891 0.037109 0.958984 0.035156 0.957031 0.033203 0.958984 0.029297 0.958984 0.027344 0.957031 0.027344 0.955078 0.025391 0.955078
0 0.587891 0.955078 0.599609 0.955078 0.599609 0.953125 0.601562 0.951172 0.603516 0.951172 0.589844 0.951172 0.587891 0.953125
0 0.125000 0.951172 0.115234 0.951172 0.113281 0.949219 0.109375 0.949219 0.103516 0.955078 0.093750 0.955078 0.091797 0.957031 0.089844 0.957031 0.087891 0.958984 0.085938 0.958984 0.082031 0.962891 0.082031 0.964844 0.085938 0.964844 0.087891 0.966797 0.091797 0.966797 0.093750 0.968750 0.089844 0.972656 0.087891 0.972656 0.085938 0.974609 0.083984 0.974609 0.083984 0.982422 0.085938 0.982422 0.087891 0.980469 0.105469 0.980469 0.105469 0.978516 0.107422 0.976562 0.107422 0.974609 0.109375 0.972656 0.109375 0.970703 0.111328 0.968750 0.111328 0.962891 0.113281 0.960938 0.117188 0.960938 0.123047 0.955078 0.123047 0.953125
0 0.490234 0.947266 0.478516 0.947266 0.472656 0.953125 0.472656 0.955078 0.470703 0.957031 0.460938 0.957031 0.460938 0.966797 0.464844 0.966797 0.466797 0.968750 0.466797 0.978516 0.462891 0.982422 0.462891 0.990234 0.460938 0.992188 0.464844 0.992188 0.466797 0.990234 0.466797 0.980469 0.468750 0.978516 0.474609 0.978516 0.476562 0.980469 0.488281 0.980469 0.488281 0.976562 0.490234 0.974609 0.492188 0.974609 0.492188 0.968750 0.488281 0.968750 0.486328 0.966797 0.486328 0.964844 0.488281 0.962891 0.490234 0.962891
0 0.539062 0.945312 0.539062 0.947266 0.537109 0.949219 0.533203 0.949219 0.533203 0.953125 0.535156 0.955078 0.535156 0.958984 0.539062 0.958984 0.541016 0.957031 0.542969 0.957031 0.542969 0.953125 0.541016 0.953125 0.539062 0.951172
0 0.525391 0.929688 0.523438 0.929688 0.521484 0.931641 0.521484 0.933594 0.519531 0.935547 0.517578 0.935547 0.513672 0.931641 0.513672 0.929688 0.511719 0.929688 0.511719 0.935547 0.509766 0.937500 0.507812 0.937500 0.507812 0.939453 0.505859 0.941406 0.503906 0.941406 0.503906 0.949219 0.505859 0.949219 0.507812 0.951172 0.509766 0.951172 0.509766 0.949219 0.513672 0.945312 0.513672 0.941406 0.515625 0.939453 0.515625 0.937500 0.517578 0.935547 0.519531 0.937500 0.521484 0.935547 0.523438 0.937500 0.525391 0.937500 0.523438 0.937500 0.521484 0.935547 0.521484 0.931641 0.523438 0.929688
0 0.572266 0.917969 0.572266 0.919922 0.570312 0.921875 0.558594 0.921875 0.558594 0.923828 0.568359 0.923828 0.570312 0.925781 0.570312 0.927734 0.566406 0.931641 0.564453 0.931641 0.564453 0.933594 0.562500 0.935547 0.560547 0.933594 0.558594 0.933594 0.556641 0.935547 0.554688 0.935547 0.554688 0.937500 0.552734 0.939453 0.552734 0.941406 0.550781 0.943359 0.554688 0.947266 0.556641 0.945312 0.566406 0.945312 0.568359 0.943359 0.570312 0.943359 0.570312 0.941406 0.568359 0.941406 0.566406 0.939453 0.566406 0.937500 0.568359 0.935547 0.570312 0.935547 0.570312 0.933594 0.572266 0.931641 0.574219 0.931641 0.572266 0.931641 0.570312 0.929688 0.572266 0.927734 0.574219 0.927734 0.574219 0.923828 0.572266 0.921875
0 0.132812 0.919922 0.132812 0.921875 0.136719 0.925781 0.136719 0.927734 0.142578 0.933594 0.142578 0.935547 0.152344 0.935547 0.154297 0.937500 0.156250 0.937500 0.158203 0.935547 0.158203 0.931641 0.160156 0.929688 0.160156 0.925781 0.162109 0.923828 0.162109 0.921875 0.160156 0.921875 0.158203 0.919922 0.154297 0.919922 0.152344 0.917969 0.134766 0.917969
0 0.583984 0.902344 0.582031 0.902344 0.580078 0.900391 0.580078 0.898438 0.576172 0.898438 0.576172 0.900391 0.574219 0.902344 0.572266 0.902344 0.572266 0.908203 0.574219 0.908203 0.574219 0.906250 0.576172 0.904297 0.580078 0.904297 0.582031 0.902344
0 0.628906 0.892578 0.628906 0.906250 0.634766 0.906250 0.636719 0.908203 0.634766 0.910156 0.634766 0.916016 0.636719 0.916016 0.638672 0.917969 0.648438 0.917969 0.654297 0.912109 0.654297 0.910156 0.650391 0.906250 0.644531 0.906250 0.642578 0.904297 0.640625 0.904297 0.638672 0.902344 0.640625 0.900391 0.640625 0.898438 0.634766 0.892578
0 0.636719 0.863281 0.628906 0.863281 0.626953 0.861328 0.615234 0.861328 0.613281 0.863281 0.611328 0.863281 0.613281 0.865234 0.611328 0.867188 0.613281 0.869141 0.613281 0.871094 0.615234 0.873047 0.615234 0.876953 0.617188 0.878906 0.617188 0.888672 0.615234 0.890625 0.615234 0.892578 0.609375 0.898438 0.609375 0.904297 0.607422 0.906250 0.607422 0.908203 0.605469 0.910156 0.605469 0.912109 0.603516 0.914062 0.603516 0.916016 0.605469 0.916016 0.605469 0.914062 0.607422 0.912109 0.607422 0.910156 0.609375 0.908203 0.609375 0.906250 0.613281 0.902344 0.615234 0.902344 0.613281 0.900391 0.615234 0.898438 0.615234 0.896484 0.617188 0.894531 0.617188 0.892578 0.621094 0.888672 0.621094 0.886719 0.623047 0.884766 0.626953 0.884766 0.626953 0.880859 0.625000 0.878906 0.625000 0.875000 0.626953 0.873047 0.630859 0.873047 0.632812 0.871094 0.636719 0.871094 0.638672 0.869141 0.638672 0.865234
0 0.753906 0.855469 0.748047 0.855469 0.746094 0.853516 0.738281 0.853516 0.734375 0.857422 0.734375 0.859375 0.732422 0.861328 0.732422 0.865234 0.730469 0.867188 0.730469 0.875000 0.732422 0.876953 0.736328 0.876953 0.738281 0.875000 0.740234 0.875000 0.744141 0.871094 0.746094 0.871094 0.750000 0.867188 0.750000 0.865234 0.751953 0.863281 0.751953 0.857422
0 0.664062 0.851562 0.664062 0.861328 0.671875 0.861328 0.673828 0.863281 0.675781 0.863281 0.681641 0.869141 0.683594 0.869141 0.687500 0.873047 0.697266 0.873047 0.701172 0.869141 0.703125 0.869141 0.703125 0.857422 0.701172 0.859375 0.695312 0.859375 0.693359 0.861328 0.689453 0.861328 0.685547 0.857422 0.685547 0.855469 0.681641 0.851562 0.681641 0.849609 0.677734 0.845703 0.677734 0.843750 0.669922 0.851562
0 0.693359 0.833984 0.691406 0.832031 0.689453 0.833984 0.681641 0.833984 0.681641 0.835938 0.683594 0.837891 0.683594 0.839844 0.693359 0.839844
0 0.664062 0.828125 0.666016 0.830078 0.666016 0.833984 0.673828 0.833984 0.675781 0.835938 0.677734 0.835938 0.677734 0.830078 0.675781 0.828125 0.673828 0.828125 0.671875 0.826172 0.669922 0.826172 0.667969 0.824219
0 0.769531 0.808594 0.769531 0.816406 0.771484 0.816406 0.773438 0.818359 0.775391 0.818359 0.777344 0.820312 0.777344 0.822266 0.779297 0.824219 0.785156 0.824219 0.785156 0.822266 0.783203 0.822266 0.781250 0.820312 0.781250 0.812500 0.783203 0.810547 0.777344 0.810547 0.775391 0.808594
0 0.882812 0.796875 0.880859 0.794922 0.878906 0.796875 0.876953 0.796875 0.875000 0.798828 0.867188 0.798828 0.865234 0.800781 0.867188 0.802734 0.867188 0.804688 0.869141 0.806641 0.865234 0.810547 0.867188 0.810547 0.869141 0.808594 0.873047 0.808594 0.875000 0.810547 0.875000 0.812500 0.876953 0.812500 0.878906 0.810547 0.880859 0.810547 0.880859 0.800781 0.882812 0.798828
0 0.761719 0.791016 0.759766 0.791016 0.759766 0.792969 0.755859 0.796875 0.755859 0.800781 0.753906 0.802734 0.753906 0.806641 0.751953 0.808594 0.750000 0.808594 0.748047 0.810547 0.748047 0.814453 0.746094 0.816406 0.750000 0.820312 0.753906 0.820312 0.753906 0.812500 0.755859 0.810547 0.757812 0.810547 0.757812 0.802734 0.759766 0.800781 0.761719 0.800781 0.761719 0.794922 0.763672 0.792969
0 0.601562 0.785156 0.599609 0.785156 0.597656 0.787109 0.593750 0.783203 0.593750 0.781250 0.589844 0.781250 0.587891 0.783203 0.585938 0.783203 0.578125 0.791016 0.572266 0.791016 0.572266 0.794922 0.574219 0.796875 0.576172 0.794922 0.583984 0.794922 0.587891 0.791016 0.601562 0.791016
0 0.818359 0.763672 0.820312 0.765625 0.828125 0.765625 0.830078 0.767578 0.832031 0.767578 0.833984 0.765625 0.835938 0.765625 0.837891 0.763672 0.824219 0.763672 0.822266 0.761719 0.820312 0.763672
0 0.896484 0.761719 0.896484 0.763672 0.898438 0.765625 0.900391 0.765625 0.902344 0.767578 0.904297 0.767578 0.904297 0.765625 0.906250 0.763672 0.908203 0.763672 0.906250 0.763672 0.904297 0.761719 0.906250 0.759766 0.908203 0.759766 0.902344 0.759766 0.900391 0.761719
0 0.699219 0.730469 0.699219 0.732422 0.697266 0.734375 0.697266 0.742188 0.693359 0.746094 0.693359 0.748047 0.689453 0.751953 0.687500 0.751953 0.687500 0.757812 0.685547 0.759766 0.687500 0.761719 0.685547 0.763672 0.683594 0.763672 0.685547 0.763672 0.687500 0.761719 0.691406 0.761719 0.691406 0.757812 0.693359 0.755859 0.695312 0.757812 0.695312 0.759766 0.695312 0.748047 0.697266 0.746094 0.697266 0.744141 0.701172 0.740234 0.705078 0.740234 0.707031 0.742188 0.707031 0.746094 0.708984 0.746094 0.708984 0.744141 0.710938 0.742188 0.708984 0.740234 0.708984 0.738281 0.707031 0.738281 0.705078 0.740234 0.701172 0.740234 0.699219 0.738281 0.699219 0.734375 0.701172 0.732422
0 0.730469 0.712891 0.732422 0.714844 0.734375 0.714844 0.734375 0.712891 0.738281 0.708984 0.740234 0.708984 0.742188 0.710938 0.742188 0.712891 0.744141 0.712891 0.746094 0.714844 0.746094 0.718750 0.744141 0.720703 0.740234 0.720703 0.742188 0.722656 0.740234 0.724609 0.740234 0.726562 0.751953 0.726562 0.753906 0.728516 0.751953 0.730469 0.750000 0.730469 0.751953 0.732422 0.751953 0.734375 0.753906 0.734375 0.757812 0.730469 0.759766 0.732422 0.763672 0.732422 0.765625 0.734375 0.765625 0.730469 0.767578 0.728516 0.765625 0.728516 0.763672 0.726562 0.761719 0.726562 0.759766 0.724609 0.757812 0.724609 0.753906 0.720703 0.751953 0.720703 0.748047 0.716797 0.750000 0.714844 0.750000 0.712891 0.748047 0.712891 0.746094 0.710938 0.742188 0.710938 0.740234 0.708984 0.736328 0.708984 0.734375 0.710938 0.732422 0.710938
0 0.763672 0.677734 0.763672 0.671875 0.759766 0.671875 0.757812 0.669922 0.757812 0.667969 0.757812 0.671875 0.755859 0.673828 0.753906 0.673828 0.751953 0.675781 0.750000 0.673828 0.750000 0.671875 0.748047 0.673828 0.750000 0.673828 0.751953 0.675781 0.757812 0.675781 0.759766 0.677734
0 0.785156 0.666016 0.785156 0.671875 0.791016 0.677734 0.791016 0.681641 0.794922 0.685547 0.794922 0.689453 0.798828 0.689453 0.798828 0.677734 0.796875 0.677734 0.794922 0.675781 0.794922 0.667969 0.789062 0.667969 0.787109 0.666016
0 0.244141 0.658203 0.248047 0.660156 0.238281 0.669922 0.230469 0.669922 0.226562 0.677734 0.244141 0.681641 0.251953 0.693359 0.248047 0.718750 0.240234 0.724609 0.244141 0.732422 0.238281 0.748047 0.279297 0.814453 0.273438 0.865234 0.251953 0.878906 0.232422 0.882812 0.230469 0.888672 0.238281 0.888672 0.240234 0.896484 0.226562 0.902344 0.230469 0.863281 0.199219 0.830078 0.154297 0.867188 0.154297 0.855469 0.126953 0.871094 0.132812 0.875000 0.117188 0.875000 0.117188 0.880859 0.125000 0.878906 0.179688 0.894531 0.228516 0.929688 0.261719 0.984375 0.232422 0.945312 0.218750 0.937500 0.208984 0.943359 0.207031 0.972656 0.226562 0.976562 0.207031 0.982422 0.208984 0.998047 0.257812 0.998047 0.261719 0.984375 0.265625 0.998047 0.300781 0.998047 0.298828 0.990234 0.322266 0.953125 0.339844 0.998047 0.388672 0.998047 0.390625 0.966797 0.408203 0.925781 0.429688 0.896484 0.425781 0.867188 0.417969 0.853516 0.412109 0.853516 0.386719 0.802734 0.384766 0.806641 0.351562 0.755859 0.330078 0.734375 0.333984 0.732422 0.292969 0.693359 0.261719 0.671875 0.259766 0.658203
0 0.792969 0.650391 0.792969 0.652344 0.796875 0.656250 0.796875 0.658203 0.798828 0.658203 0.800781 0.660156 0.800781 0.662109 0.802734 0.664062 0.808594 0.664062 0.810547 0.666016 0.812500 0.666016 0.816406 0.662109 0.820312 0.662109 0.822266 0.660156 0.822266 0.658203 0.816406 0.658203 0.814453 0.656250 0.812500 0.656250 0.810547 0.658203 0.806641 0.658203 0.804688 0.656250 0.804688 0.650391
0 0.029297 0.652344 0.029297 0.685547 0.033203 0.705078 0.023438 0.728516 0.000000 0.710938 0.000000 0.777344 0.015625 0.806641 0.033203 0.820312 0.050781 0.839844 0.054688 0.839844 0.068359 0.855469 0.068359 0.859375 0.076172 0.865234 0.082031 0.863281 0.083984 0.873047 0.091797 0.873047 0.093750 0.876953 0.089844 0.869141 0.097656 0.869141 0.097656 0.859375 0.095703 0.863281 0.093750 0.855469 0.097656 0.855469 0.099609 0.849609 0.091797 0.812500 0.072266 0.812500 0.060547 0.808594 0.041016 0.781250 0.044922 0.767578 0.064453 0.777344 0.076172 0.804688 0.130859 0.779297 0.136719 0.779297 0.171875 0.796875 0.179688 0.794922 0.158203 0.767578 0.132812 0.746094 0.123047 0.724609 0.109375 0.712891 0.085938 0.705078 0.085938 0.718750 0.080078 0.724609 0.070312 0.726562 0.064453 0.722656 0.060547 0.708984 0.076172 0.699219 0.076172 0.687500 0.068359 0.677734 0.050781 0.667969 0.064453 0.662109 0.072266 0.654297 0.072266 0.650391 0.056641 0.650391 0.046875 0.656250
0 0.716797 0.650391 0.716797 0.654297 0.720703 0.654297 0.722656 0.656250 0.726562 0.656250 0.726562 0.654297 0.728516 0.652344 0.728516 0.650391 0.730469 0.648438 0.732422 0.650391 0.732422 0.654297 0.734375 0.656250 0.736328 0.656250 0.736328 0.654297 0.738281 0.652344 0.740234 0.652344 0.740234 0.650391 0.742188 0.648438 0.757812 0.648438 0.761719 0.652344 0.757812 0.656250 0.757812 0.658203 0.763672 0.658203 0.765625 0.656250 0.769531 0.656250 0.771484 0.658203 0.771484 0.662109 0.773438 0.662109 0.773438 0.654297 0.775391 0.652344 0.777344 0.654297 0.777344 0.658203 0.781250 0.658203 0.783203 0.660156 0.787109 0.660156 0.787109 0.658203 0.789062 0.656250 0.789062 0.654297 0.787109 0.652344 0.785156 0.652344 0.783203 0.650391 0.783203 0.648438 0.779297 0.648438 0.777344 0.646484 0.777344 0.644531 0.779297 0.642578 0.781250 0.642578 0.783203 0.644531 0.781250 0.642578 0.781250 0.640625 0.779297 0.640625 0.777344 0.642578 0.773438 0.642578 0.771484 0.640625 0.771484 0.634766 0.757812 0.634766 0.755859 0.632812 0.755859 0.634766 0.753906 0.636719 0.750000 0.636719 0.748047 0.634766 0.750000 0.632812 0.748047 0.630859 0.728516 0.630859 0.726562 0.632812 0.724609 0.632812 0.724609 0.634766 0.722656 0.636719 0.722656 0.638672 0.720703 0.640625 0.720703 0.642578 0.718750 0.644531 0.718750 0.648438
0 0.761719 0.619141 0.761719 0.621094 0.767578 0.621094 0.769531 0.619141 0.773438 0.623047 0.773438 0.621094 0.771484 0.619141 0.771484 0.617188 0.767578 0.613281 0.765625 0.615234 0.765625 0.617188 0.763672 0.619141
0 0.814453 0.644531 0.812500 0.642578 0.812500 0.640625 0.810547 0.642578 0.808594 0.640625 0.808594 0.638672 0.806641 0.638672 0.802734 0.634766 0.804688 0.632812 0.804688 0.630859 0.806641 0.628906 0.806641 0.625000 0.814453 0.617188 0.816406 0.619141 0.820312 0.619141 0.822266 0.617188 0.822266 0.613281 0.820312 0.611328 0.820312 0.609375 0.818359 0.607422 0.816406 0.607422 0.816406 0.609375 0.814453 0.611328 0.808594 0.611328 0.806641 0.613281 0.804688 0.611328 0.796875 0.611328 0.792969 0.615234 0.791016 0.615234 0.789062 0.613281 0.775391 0.613281 0.775391 0.615234 0.777344 0.617188 0.777344 0.619141 0.779297 0.621094 0.779297 0.623047 0.781250 0.623047 0.783203 0.625000 0.783203 0.628906 0.785156 0.628906 0.787109 0.626953 0.792969 0.632812 0.792969 0.634766 0.794922 0.636719 0.800781 0.636719 0.802734 0.634766 0.808594 0.640625 0.808594 0.642578 0.810547 0.644531
0 0.859375 0.603516 0.859375 0.605469 0.861328 0.607422 0.859375 0.609375 0.859375 0.611328 0.861328 0.613281 0.865234 0.613281 0.867188 0.615234 0.869141 0.615234 0.869141 0.607422 0.865234 0.607422 0.863281 0.605469 0.861328 0.605469
0 0.691406 0.603516 0.685547 0.603516 0.683594 0.601562 0.683594 0.599609 0.675781 0.607422 0.677734 0.609375 0.679688 0.609375 0.681641 0.611328 0.685547 0.611328 0.687500 0.609375 0.687500 0.605469 0.689453 0.603516
0 0.658203 0.601562 0.652344 0.601562 0.650391 0.599609 0.648438 0.601562 0.646484 0.599609 0.644531 0.601562 0.640625 0.601562 0.638672 0.603516 0.634766 0.603516 0.634766 0.605469 0.632812 0.607422 0.632812 0.609375 0.626953 0.615234 0.626953 0.617188 0.625000 0.619141 0.625000 0.623047 0.626953 0.621094 0.628906 0.621094 0.628906 0.619141 0.634766 0.613281 0.640625 0.613281 0.642578 0.615234 0.654297 0.615234 0.658203 0.611328 0.660156 0.611328 0.660156 0.607422 0.658203 0.605469
0 0.658203 0.587891 0.656250 0.585938 0.656250 0.587891 0.654297 0.589844 0.652344 0.589844 0.650391 0.587891 0.650391 0.585938 0.642578 0.593750 0.644531 0.591797 0.654297 0.591797 0.656250 0.593750 0.658203 0.591797
0 0.796875 0.562500 0.794922 0.560547 0.792969 0.560547 0.789062 0.564453 0.785156 0.564453 0.783203 0.562500 0.781250 0.562500 0.779297 0.564453 0.785156 0.564453 0.787109 0.566406 0.787109 0.570312 0.789062 0.570312 0.791016 0.572266 0.792969 0.572266 0.792969 0.568359 0.794922 0.566406 0.794922 0.564453
0 0.669922 0.566406 0.669922 0.570312 0.675781 0.570312 0.677734 0.568359 0.681641 0.568359 0.683594 0.570312 0.681641 0.572266 0.679688 0.572266 0.683594 0.572266 0.685547 0.574219 0.685547 0.580078 0.683594 0.582031 0.679688 0.582031 0.681641 0.583984 0.685547 0.583984 0.687500 0.582031 0.689453 0.582031 0.695312 0.587891 0.695312 0.589844 0.697266 0.589844 0.697266 0.585938 0.699219 0.583984 0.701172 0.583984 0.703125 0.582031 0.705078 0.583984 0.707031 0.582031 0.708984 0.582031 0.708984 0.574219 0.710938 0.572266 0.710938 0.566406 0.712891 0.564453 0.712891 0.560547 0.710938 0.558594 0.708984 0.560547 0.703125 0.560547 0.705078 0.562500 0.703125 0.564453 0.703125 0.568359 0.701172 0.570312 0.701172 0.574219 0.699219 0.576172 0.697266 0.574219 0.695312 0.574219 0.693359 0.572266 0.695312 0.570312 0.695312 0.566406 0.697266 0.564453 0.697266 0.562500 0.695312 0.560547 0.695312 0.556641 0.691406 0.560547 0.689453 0.560547 0.689453 0.564453 0.687500 0.566406 0.685547 0.564453 0.685547 0.562500 0.683594 0.562500 0.681641 0.560547 0.679688 0.562500 0.677734 0.562500 0.677734 0.564453 0.675781 0.566406
0 0.480469 0.550781 0.480469 0.560547 0.482422 0.562500 0.486328 0.562500 0.486328 0.558594 0.488281 0.556641 0.486328 0.554688 0.486328 0.552734 0.482422 0.552734
0 0.824219 0.501953 0.824219 0.503906 0.826172 0.505859 0.826172 0.509766 0.830078 0.505859 0.832031 0.505859 0.833984 0.507812 0.839844 0.507812 0.839844 0.505859 0.837891 0.503906 0.833984 0.503906 0.832031 0.505859 0.830078 0.503906 0.830078 0.501953 0.828125 0.501953 0.826172 0.500000
0 0.642578 0.488281 0.638672 0.484375 0.638672 0.482422 0.630859 0.482422 0.630859 0.484375 0.626953 0.488281 0.621094 0.488281 0.619141 0.486328 0.611328 0.486328 0.609375 0.484375 0.607422 0.486328 0.607422 0.494141 0.605469 0.496094 0.605469 0.498047 0.603516 0.500000 0.601562 0.498047 0.593750 0.498047 0.593750 0.501953 0.595703 0.503906 0.595703 0.505859 0.593750 0.507812 0.591797 0.505859 0.589844 0.505859 0.589844 0.507812 0.591797 0.507812 0.593750 0.509766 0.593750 0.511719 0.601562 0.511719 0.603516 0.513672 0.605469 0.513672 0.605469 0.509766 0.607422 0.507812 0.607422 0.503906 0.609375 0.501953 0.609375 0.500000 0.611328 0.498047 0.613281 0.500000 0.619141 0.500000 0.621094 0.501953 0.623047 0.501953 0.628906 0.507812 0.628906 0.511719 0.630859 0.511719 0.628906 0.509766 0.630859 0.507812 0.632812 0.507812 0.634766 0.505859 0.636719 0.505859 0.638672 0.503906 0.640625 0.503906 0.642578 0.505859 0.642578 0.503906 0.640625 0.501953 0.630859 0.501953 0.628906 0.500000 0.628906 0.494141 0.630859 0.492188 0.632812 0.492188 0.630859 0.490234 0.632812 0.488281
0 0.550781 0.472656 0.552734 0.472656 0.554688 0.474609 0.558594 0.474609 0.560547 0.472656 0.566406 0.472656 0.568359 0.474609 0.566406 0.476562 0.568359 0.476562 0.570312 0.474609 0.583984 0.474609 0.580078 0.474609 0.578125 0.472656 0.570312 0.472656 0.568359 0.474609 0.566406 0.472656 0.556641 0.472656 0.554688 0.470703 0.552734 0.472656
0 0.947266 0.257812 0.941406 0.257812 0.939453 0.259766 0.939453 0.261719 0.935547 0.265625 0.937500 0.263672 0.939453 0.265625 0.939453 0.267578 0.939453 0.265625 0.943359 0.261719 0.947266 0.261719
0 0.886719 0.251953 0.886719 0.257812 0.888672 0.257812 0.890625 0.259766 0.894531 0.259766 0.896484 0.257812 0.900391 0.257812 0.902344 0.259766 0.902344 0.263672 0.904297 0.263672 0.906250 0.265625 0.906250 0.259766 0.904297 0.257812 0.900391 0.257812 0.898438 0.255859 0.898438 0.251953
0 0.943359 0.251953 0.945312 0.253906 0.949219 0.253906 0.951172 0.255859 0.953125 0.253906 0.955078 0.253906 0.957031 0.255859 0.962891 0.255859 0.962891 0.253906 0.960938 0.253906 0.958984 0.251953 0.955078 0.251953 0.953125 0.250000 0.951172 0.251953 0.949219 0.251953 0.947266 0.250000 0.945312 0.250000
0 0.955078 0.240234 0.955078 0.242188 0.957031 0.244141 0.962891 0.244141 0.964844 0.246094 0.964844 0.248047 0.970703 0.248047 0.966797 0.244141 0.964844 0.244141 0.962891 0.242188 0.964844 0.240234 0.966797 0.240234 0.968750 0.238281 0.962891 0.238281 0.960938 0.236328 0.958984 0.236328
0 0.943359 0.234375 0.943359 0.236328 0.941406 0.238281 0.935547 0.238281 0.931641 0.234375 0.931641 0.228516 0.931641 0.234375 0.929688 0.236328 0.927734 0.236328 0.925781 0.238281 0.921875 0.238281 0.921875 0.240234 0.923828 0.240234 0.927734 0.244141 0.929688 0.244141 0.931641 0.242188 0.939453 0.242188 0.939453 0.240234 0.943359 0.236328
0 0.000000 0.216797 0.000000 0.275391 0.005859 0.291016 0.005859 0.308594 0.000000 0.312500 0.000000 0.376953 0.007812 0.388672 0.021484 0.433594 0.062500 0.486328 0.083984 0.423828 0.078125 0.357422 0.097656 0.343750 0.136719 0.435547 0.142578 0.410156 0.138672 0.390625 0.128906 0.361328 0.103516 0.333984 0.130859 0.298828 0.130859 0.294922 0.109375 0.283203 0.099609 0.320312 0.076172 0.341797 0.060547 0.304688 0.076172 0.275391 0.052734 0.267578 0.031250 0.224609 0.025391 0.226562 0.023438 0.234375
0 0.958984 0.212891 0.957031 0.214844 0.947266 0.214844 0.947266 0.218750 0.945312 0.220703 0.943359 0.220703 0.943359 0.222656 0.945312 0.224609 0.945312 0.228516 0.947266 0.230469 0.947266 0.234375 0.949219 0.234375 0.953125 0.230469 0.953125 0.228516 0.958984 0.222656 0.958984 0.218750 0.960938 0.216797 0.960938 0.214844
0 0.285156 0.000000 0.277344 0.000000 0.277344 0.003906 0.273438 0.011719 0.265625 0.007812 0.265625 0.005859 0.271484 0.000000 0.222656 0.000000 0.224609 0.009766 0.222656 0.011719 0.220703 0.027344 0.216797 0.037109 0.216797 0.044922 0.212891 0.054688 0.212891 0.062500 0.210938 0.064453 0.210938 0.072266 0.208984 0.074219 0.207031 0.095703 0.220703 0.095703 0.224609 0.093750 0.224609 0.087891 0.226562 0.085938 0.226562 0.050781 0.228516 0.048828 0.228516 0.039062 0.248047 0.017578 0.251953 0.019531 0.261719 0.019531 0.263672 0.021484 0.263672 0.025391 0.261719 0.027344 0.261719 0.044922 0.259766 0.046875 0.259766 0.056641 0.232422 0.093750 0.248047 0.093750 0.251953 0.097656 0.255859 0.095703 0.255859 0.091797 0.259766 0.087891 0.257812 0.085938 0.269531 0.068359 0.271484 0.031250 0.277344 0.023438 0.275391 0.021484 0.277344 0.019531 0.277344 0.015625 0.279297 0.013672 0.281250 0.015625 0.279297 0.011719 0.285156 0.001953 0.287109 0.003906
0 0.164062 0.000000 0.158203 0.000000 0.158203 0.007812 0.156250 0.009766 0.156250 0.021484 0.154297 0.023438 0.154297 0.027344 0.148438 0.033203 0.148438 0.035156 0.125000 0.058594 0.123047 0.058594 0.117188 0.064453 0.115234 0.064453 0.111328 0.068359 0.109375 0.068359 0.101562 0.076172 0.101562 0.078125 0.095703 0.083984 0.103516 0.083984 0.105469 0.082031 0.109375 0.082031 0.113281 0.078125 0.115234 0.078125 0.117188 0.076172 0.119141 0.076172 0.121094 0.074219 0.125000 0.074219 0.126953 0.072266 0.126953 0.068359 0.128906 0.066406 0.128906 0.062500 0.130859 0.060547 0.132812 0.060547 0.132812 0.058594 0.142578 0.048828 0.144531 0.048828 0.148438 0.044922 0.152344 0.044922 0.154297 0.046875 0.158203 0.046875 0.158203 0.042969 0.160156 0.041016 0.160156 0.035156 0.162109 0.033203 0.162109 0.001953
0 0.000000 0.000000 0.000000 0.076172 0.001953 0.058594 0.003906 0.056641 0.003906 0.042969 0.005859 0.041016 0.007812 0.015625 0.009766 0.013672 0.013672 0.013672 0.015625 0.015625 0.015625 0.027344 0.017578 0.029297 0.017578 0.035156 0.023438 0.041016 0.023438 0.044922 0.025391 0.046875 0.025391 0.085938 0.027344 0.087891 0.021484 0.097656 0.017578 0.097656 0.015625 0.099609 0.003906 0.099609 0.000000 0.101562 0.000000 0.107422 0.003906 0.107422 0.005859 0.105469 0.019531 0.105469 0.023438 0.103516 0.025391 0.105469 0.025391 0.115234 0.023438 0.117188 0.025391 0.117188 0.037109 0.111328 0.041016 0.111328 0.074219 0.093750 0.078125 0.093750 0.085938 0.089844 0.078125 0.074219 0.074219 0.070312 0.070312 0.060547 0.066406 0.056641 0.064453 0.050781 0.056641 0.046875 0.056641 0.041016 0.054688 0.039062 0.054688 0.000000
