0 0.179688 0.947266 0.175781 0.951172 0.177734 0.953125 0.177734 0.968750 0.179688 0.970703 0.179688 0.998047 0.205078 0.998047 0.207031 0.996094 0.207031 0.990234 0.210938 0.986328 0.210938 0.984375 0.212891 0.982422 0.212891 0.980469 0.214844 0.978516 0.214844 0.976562 0.216797 0.974609 0.216797 0.972656 0.214844 0.972656 0.212891 0.974609 0.208984 0.974609 0.207031 0.976562 0.203125 0.976562 0.201172 0.978516 0.197266 0.978516 0.195312 0.976562 0.195312 0.972656 0.197266 0.970703 0.197266 0.966797 0.195312 0.964844 0.197266 0.962891 0.197266 0.957031 0.199219 0.955078 0.199219 0.953125 0.197266 0.951172 0.193359 0.951172 0.191406 0.949219 0.187500 0.949219 0.185547 0.947266
0 0.580078 0.630859 0.578125 0.628906 0.572266 0.634766 0.566406 0.634766 0.568359 0.636719 0.560547 0.640625 0.560547 0.648438 0.548828 0.658203 0.542969 0.658203 0.542969 0.660156 0.539062 0.662109 0.537109 0.666016 0.533203 0.666016 0.531250 0.669922 0.523438 0.669922 0.525391 0.675781 0.521484 0.677734 0.519531 0.673828 0.511719 0.673828 0.509766 0.677734 0.503906 0.677734 0.500000 0.681641 0.490234 0.681641 0.484375 0.685547 0.480469 0.685547 0.486328 0.683594 0.492188 0.683594 0.494141 0.685547 0.484375 0.693359 0.480469 0.693359 0.470703 0.699219 0.460938 0.699219 0.458984 0.705078 0.451172 0.710938 0.447266 0.716797 0.445312 0.714844 0.441406 0.716797 0.443359 0.720703 0.441406 0.726562 0.435547 0.728516 0.433594 0.724609 0.431641 0.728516 0.437500 0.734375 0.437500 0.738281 0.449219 0.734375 0.449219 0.732422 0.453125 0.730469 0.453125 0.724609 0.455078 0.722656 0.457031 0.726562 0.457031 0.718750 0.460938 0.712891 0.464844 0.712891 0.468750 0.716797 0.468750 0.726562 0.462891 0.728516 0.462891 0.732422 0.470703 0.730469 0.480469 0.718750 0.484375 0.718750 0.484375 0.712891 0.488281 0.710938 0.488281 0.707031 0.484375 0.703125 0.484375 0.697266 0.488281 0.695312 0.498047 0.683594 0.505859 0.683594 0.507812 0.679688 0.527344 0.679688 0.523438 0.677734 0.525391 0.675781 0.537109 0.675781 0.539062 0.671875 0.544922 0.671875 0.548828 0.677734 0.546875 0.679688 0.546875 0.687500 0.542969 0.689453 0.542969 0.699219 0.546875 0.689453 0.558594 0.687500 0.558594 0.683594 0.562500 0.681641 0.556641 0.681641 0.548828 0.675781 0.554688 0.671875 0.550781 0.669922 0.550781 0.664062 0.554688 0.662109 0.554688 0.658203 0.558594 0.654297 0.558594 0.650391 0.568359 0.636719 0.570312 0.640625 0.576172 0.640625 0.576172 0.634766 0.578125 0.632812 0.580078 0.636719
0 0.476562 0.625000 0.472656 0.628906 0.470703 0.625000 0.464844 0.632812 0.464844 0.636719 0.458984 0.640625 0.470703 0.648438 0.468750 0.652344 0.458984 0.658203 0.457031 0.656250 0.457031 0.646484 0.455078 0.646484 0.455078 0.652344 0.451172 0.656250 0.451172 0.664062 0.447266 0.666016 0.447266 0.671875 0.445312 0.673828 0.441406 0.673828 0.441406 0.679688 0.439453 0.681641 0.437500 0.677734 0.437500 0.683594 0.433594 0.685547 0.431641 0.689453 0.429688 0.689453 0.429688 0.695312 0.427734 0.697266 0.425781 0.697266 0.423828 0.693359 0.423828 0.697266 0.427734 0.697266 0.429688 0.699219 0.429688 0.701172 0.423828 0.705078 0.425781 0.703125 0.429688 0.703125 0.431641 0.707031 0.429688 0.708984 0.423828 0.708984 0.423828 0.712891 0.419922 0.716797 0.414062 0.718750 0.414062 0.726562 0.417969 0.722656 0.419922 0.722656 0.419922 0.720703 0.425781 0.714844 0.445312 0.705078 0.449219 0.701172 0.457031 0.697266 0.457031 0.695312 0.460938 0.693359 0.462891 0.689453 0.466797 0.689453 0.466797 0.685547 0.468750 0.683594 0.462891 0.689453 0.457031 0.689453 0.457031 0.691406 0.453125 0.695312 0.447266 0.697266 0.445312 0.701172 0.441406 0.701172 0.435547 0.705078 0.431641 0.705078 0.429688 0.703125 0.429688 0.701172 0.433594 0.697266 0.435547 0.697266 0.435547 0.689453 0.443359 0.679688 0.451172 0.677734 0.455078 0.681641 0.455078 0.683594 0.458984 0.677734 0.462891 0.677734 0.466797 0.673828 0.466797 0.667969 0.468750 0.664062 0.472656 0.660156 0.474609 0.662109 0.478516 0.660156 0.478516 0.654297 0.480469 0.652344 0.480469 0.636719 0.478516 0.636719 0.476562 0.640625 0.472656 0.638672 0.472656 0.634766 0.476562 0.628906
0 0.664062 0.572266 0.660156 0.572266 0.660156 0.574219 0.658203 0.576172 0.652344 0.576172 0.652344 0.578125 0.650391 0.580078 0.648438 0.580078 0.648438 0.582031 0.646484 0.583984 0.642578 0.583984 0.642578 0.585938 0.640625 0.587891 0.638672 0.587891 0.638672 0.589844 0.636719 0.591797 0.634766 0.591797 0.634766 0.593750 0.632812 0.595703 0.630859 0.595703 0.630859 0.597656 0.628906 0.599609 0.621094 0.599609 0.621094 0.601562 0.619141 0.603516 0.617188 0.601562 0.617188 0.599609 0.617188 0.609375 0.615234 0.611328 0.613281 0.609375 0.613281 0.607422 0.613281 0.617188 0.611328 0.619141 0.607422 0.619141 0.607422 0.628906 0.605469 0.630859 0.603516 0.630859 0.603516 0.632812 0.611328 0.632812 0.611328 0.630859 0.609375 0.628906 0.613281 0.625000 0.615234 0.626953 0.615234 0.628906 0.619141 0.628906 0.617188 0.628906 0.615234 0.626953 0.617188 0.625000 0.623047 0.625000 0.623047 0.621094 0.625000 0.619141 0.626953 0.619141 0.628906 0.621094 0.628906 0.615234 0.630859 0.613281 0.632812 0.613281 0.632812 0.611328 0.634766 0.609375 0.636719 0.609375 0.636719 0.607422 0.638672 0.605469 0.640625 0.605469 0.640625 0.597656 0.642578 0.595703 0.644531 0.595703 0.646484 0.593750 0.646484 0.587891 0.648438 0.585938 0.650391 0.585938 0.650391 0.583984 0.652344 0.582031 0.654297 0.582031 0.654297 0.580078 0.656250 0.578125 0.658203 0.578125 0.658203 0.576172 0.660156 0.574219 0.664062 0.574219
0 0.421875 0.591797 0.412109 0.591797 0.408203 0.587891 0.390625 0.587891 0.394531 0.589844 0.392578 0.591797 0.380859 0.591797 0.378906 0.589844 0.378906 0.583984 0.382812 0.582031 0.382812 0.576172 0.388672 0.574219 0.388672 0.568359 0.392578 0.566406 0.392578 0.560547 0.396484 0.558594 0.396484 0.552734 0.400391 0.550781 0.400391 0.544922 0.398438 0.544922 0.398438 0.546875 0.394531 0.548828 0.394531 0.554688 0.390625 0.556641 0.390625 0.562500 0.380859 0.568359 0.380859 0.574219 0.373047 0.580078 0.373047 0.585938 0.367188 0.587891 0.357422 0.599609 0.349609 0.599609 0.347656 0.603516 0.314453 0.603516 0.310547 0.599609 0.300781 0.599609 0.298828 0.597656 0.300781 0.593750 0.308594 0.587891 0.310547 0.589844 0.322266 0.589844 0.322266 0.587891 0.326172 0.585938 0.326172 0.583984 0.316406 0.583984 0.314453 0.587891 0.298828 0.587891 0.298828 0.589844 0.292969 0.591797 0.287109 0.599609 0.283203 0.599609 0.285156 0.601562 0.281250 0.603516 0.279297 0.607422 0.275391 0.607422 0.277344 0.611328 0.275391 0.617188 0.308594 0.617188 0.312500 0.615234 0.314453 0.611328 0.322266 0.611328 0.324219 0.613281 0.326172 0.611328 0.330078 0.617188 0.324219 0.625000 0.326172 0.623047 0.330078 0.626953 0.328125 0.630859 0.332031 0.634766 0.332031 0.636719 0.328125 0.638672 0.328125 0.656250 0.330078 0.656250 0.330078 0.654297 0.339844 0.646484 0.339844 0.644531 0.337891 0.646484 0.335938 0.644531 0.335938 0.634766 0.339844 0.630859 0.335938 0.628906 0.335938 0.619141 0.330078 0.617188 0.330078 0.615234 0.333984 0.613281 0.330078 0.611328 0.337891 0.607422 0.341797 0.609375 0.345703 0.605469 0.357422 0.605469 0.367188 0.599609 0.375000 0.599609 0.376953 0.597656 0.392578 0.597656 0.394531 0.593750 0.417969 0.593750 0.419922 0.591797 0.421875 0.593750
0 0.998047 0.388672 0.988281 0.412109 0.955078 0.423828 0.964844 0.429688 0.876953 0.482422 0.861328 0.453125 0.882812 0.394531 0.875000 0.388672 0.857422 0.435547 0.857422 0.468750 0.867188 0.474609 0.738281 0.611328 0.548828 0.744141 0.427734 0.763672 0.259766 0.705078 0.197266 0.701172 0.166016 0.712891 0.177734 0.722656 0.283203 0.726562 0.289062 0.736328 0.277344 0.744141 0.191406 0.732422 0.265625 0.765625 0.263672 0.785156 0.289062 0.802734 0.363281 0.826172 0.361328 0.841797 0.302734 0.878906 0.308594 0.912109 0.330078 0.939453 0.316406 0.962891 0.324219 0.990234 0.339844 0.998047 0.998047 0.998047 0.994141 0.980469 0.994141 0.990234 0.962891 0.982422 0.998047 0.935547 0.994141 0.921875 0.982422 0.921875 0.996094 0.871094 0.964844 0.878906 0.986328 0.843750 0.953125 0.845703 0.970703 0.798828 0.998047 0.804688
0 0.810547 0.380859 0.806641 0.380859 0.806641 0.382812 0.800781 0.386719 0.800781 0.394531 0.796875 0.396484 0.796875 0.398438 0.792969 0.400391 0.792969 0.402344 0.789062 0.404297 0.787109 0.408203 0.783203 0.408203 0.781250 0.412109 0.771484 0.412109 0.771484 0.414062 0.773438 0.412109 0.777344 0.414062 0.777344 0.417969 0.771484 0.425781 0.777344 0.425781 0.783203 0.421875 0.789062 0.421875 0.796875 0.427734 0.794922 0.431641 0.789062 0.431641 0.791016 0.437500 0.794922 0.439453 0.791016 0.443359 0.787109 0.441406 0.779297 0.441406 0.775391 0.443359 0.771484 0.451172 0.771484 0.457031 0.773438 0.458984 0.771484 0.460938 0.775391 0.457031 0.789062 0.457031 0.791016 0.455078 0.789062 0.451172 0.785156 0.451172 0.783203 0.449219 0.785156 0.445312 0.791016 0.445312 0.792969 0.447266 0.798828 0.447266 0.800781 0.449219 0.808594 0.449219 0.810547 0.453125 0.816406 0.453125 0.816406 0.451172 0.810547 0.451172 0.808594 0.449219 0.808594 0.443359 0.810547 0.441406 0.826172 0.441406 0.814453 0.441406 0.812500 0.439453 0.814453 0.437500 0.832031 0.437500 0.835938 0.433594 0.837891 0.433594 0.837891 0.431641 0.835938 0.431641 0.828125 0.435547 0.826172 0.433594 0.814453 0.431641 0.812500 0.429688 0.798828 0.429688 0.794922 0.425781 0.796875 0.423828 0.802734 0.423828 0.810547 0.417969 0.816406 0.417969 0.822266 0.406250 0.824219 0.406250 0.826172 0.410156 0.826172 0.404297 0.816406 0.404297 0.810547 0.408203 0.808594 0.408203 0.804688 0.404297 0.808594 0.402344 0.808594 0.400391 0.812500 0.396484 0.812500 0.392578 0.808594 0.390625 0.808594 0.384766
0 0.837891 0.490234 0.804688 0.490234 0.791016 0.501953 0.769531 0.501953 0.791016 0.488281 0.783203 0.482422 0.738281 0.498047 0.705078 0.496094 0.707031 0.501953 0.687500 0.505859 0.685547 0.513672 0.664062 0.507812 0.660156 0.482422 0.671875 0.466797 0.667969 0.365234 0.681641 0.355469 0.697266 0.306641 0.675781 0.289062 0.652344 0.359375 0.648438 0.425781 0.662109 0.453125 0.652344 0.462891 0.646484 0.498047 0.607422 0.509766 0.560547 0.505859 0.535156 0.513672 0.501953 0.482422 0.453125 0.460938 0.458984 0.458984 0.431641 0.455078 0.423828 0.445312 0.402344 0.449219 0.310547 0.496094 0.236328 0.572266 0.226562 0.607422 0.181641 0.630859 0.166016 0.626953 0.171875 0.628906 0.126953 0.650391 0.126953 0.660156 0.132812 0.658203 0.126953 0.667969 0.123047 0.658203 0.113281 0.666016 0.148438 0.669922 0.179688 0.654297 0.195312 0.664062 0.185547 0.650391 0.246094 0.640625 0.265625 0.619141 0.255859 0.617188 0.261719 0.599609 0.251953 0.601562 0.248047 0.580078 0.261719 0.574219 0.273438 0.544922 0.296875 0.531250 0.302734 0.515625 0.398438 0.458984 0.568359 0.531250 0.580078 0.531250 0.585938 0.519531 0.615234 0.519531 0.617188 0.527344 0.642578 0.523438 0.648438 0.511719 0.666016 0.519531 0.771484 0.515625 0.833984 0.500000
0 0.896484 0.226562 0.894531 0.228516 0.888672 0.228516 0.888672 0.232422 0.886719 0.234375 0.876953 0.234375 0.876953 0.240234 0.878906 0.240234 0.880859 0.242188 0.880859 0.248047 0.882812 0.248047 0.884766 0.250000 0.884766 0.251953 0.886719 0.251953 0.888672 0.253906 0.888672 0.261719 0.892578 0.261719 0.894531 0.263672 0.892578 0.265625 0.896484 0.265625 0.898438 0.267578 0.898438 0.277344 0.896484 0.279297 0.892578 0.279297 0.892578 0.296875 0.890625 0.298828 0.888672 0.298828 0.888672 0.310547 0.882812 0.316406 0.880859 0.316406 0.880859 0.318359 0.878906 0.320312 0.878906 0.335938 0.876953 0.337891 0.876953 0.373047 0.875000 0.375000 0.875000 0.384766 0.884766 0.382812 0.884766 0.373047 0.882812 0.371094 0.882812 0.369141 0.886719 0.365234 0.884766 0.363281 0.888672 0.357422 0.888672 0.349609 0.886719 0.347656 0.886719 0.339844 0.884766 0.337891 0.886719 0.328125 0.892578 0.320312 0.896484 0.320312 0.896484 0.318359 0.898438 0.316406 0.900391 0.316406 0.900391 0.267578 0.902344 0.265625 0.904297 0.265625 0.904297 0.259766 0.902344 0.259766 0.900391 0.257812 0.900391 0.242188 0.902344 0.240234 0.904297 0.240234 0.904297 0.234375 0.902344 0.234375 0.900391 0.232422 0.900391 0.230469 0.898438 0.230469 0.896484 0.228516
0 0.757812 0.175781 0.757812 0.183594 0.759766 0.181641 0.761719 0.183594 0.761719 0.185547 0.763672 0.185547 0.765625 0.187500 0.765625 0.189453 0.763672 0.191406 0.765625 0.193359 0.765625 0.195312 0.769531 0.199219 0.769531 0.201172 0.773438 0.205078 0.773438 0.207031 0.775391 0.208984 0.775391 0.210938 0.777344 0.210938 0.779297 0.212891 0.781250 0.212891 0.783203 0.214844 0.785156 0.214844 0.787109 0.216797 0.789062 0.216797 0.794922 0.220703 0.808594 0.220703 0.808594 0.218750 0.806641 0.218750 0.804688 0.216797 0.804688 0.214844 0.804688 0.216797 0.802734 0.218750 0.800781 0.216797 0.798828 0.216797 0.794922 0.212891 0.792969 0.212891 0.791016 0.210938 0.789062 0.210938 0.783203 0.205078 0.781250 0.205078 0.779297 0.203125 0.781250 0.201172 0.792969 0.201172 0.796875 0.205078 0.800781 0.205078 0.800781 0.203125 0.802734 0.201172 0.804688 0.203125 0.810547 0.203125 0.812500 0.205078 0.814453 0.205078 0.822266 0.197266 0.822266 0.195312 0.820312 0.193359 0.820312 0.187500 0.816406 0.187500 0.814453 0.185547 0.810547 0.185547 0.804688 0.181641 0.798828 0.181641 0.796875 0.179688 0.792969 0.179688 0.791016 0.177734 0.765625 0.177734 0.761719 0.173828 0.763672 0.171875 0.765625 0.171875 0.761719 0.171875 0.761719 0.177734 0.759766 0.179688 0.757812 0.177734
0 0.835938 0.156250 0.833984 0.156250 0.814453 0.136719 0.814453 0.134766 0.812500 0.132812 0.812500 0.130859 0.810547 0.128906 0.810547 0.126953 0.808594 0.125000 0.808594 0.123047 0.806641 0.121094 0.806641 0.119141 0.804688 0.119141 0.802734 0.121094 0.802734 0.123047 0.800781 0.125000 0.800781 0.128906 0.804688 0.132812 0.804688 0.134766 0.810547 0.140625 0.810547 0.150391 0.808594 0.152344 0.806641 0.152344 0.804688 0.154297 0.802734 0.154297 0.800781 0.156250 0.798828 0.156250 0.796875 0.158203 0.789062 0.158203 0.787109 0.160156 0.777344 0.160156 0.777344 0.164062 0.775391 0.166016 0.787109 0.166016 0.789062 0.167969 0.791016 0.166016 0.796875 0.166016 0.798828 0.164062 0.808594 0.164062 0.810547 0.162109 0.824219 0.162109 0.826172 0.160156 0.835938 0.160156
