0 0.574219 0.935547 0.574219 0.937500 0.580078 0.937500 0.582031 0.939453 0.585938 0.939453 0.587891 0.941406 0.589844 0.941406 0.589844 0.937500 0.585938 0.933594 0.583984 0.933594 0.582031 0.931641 0.578125 0.931641
0 0.314453 0.865234 0.314453 0.867188 0.318359 0.867188 0.330078 0.878906 0.333984 0.878906 0.335938 0.880859 0.337891 0.878906 0.341797 0.878906 0.343750 0.876953 0.343750 0.875000 0.341797 0.873047 0.343750 0.871094 0.343750 0.869141 0.339844 0.869141 0.337891 0.867188 0.335938 0.867188 0.333984 0.865234 0.332031 0.865234 0.330078 0.863281 0.322266 0.863281 0.320312 0.865234
0 0.457031 0.851562 0.449219 0.851562 0.449219 0.853516 0.447266 0.855469 0.439453 0.855469 0.441406 0.857422 0.447266 0.857422 0.449219 0.859375 0.455078 0.859375 0.455078 0.855469 0.457031 0.853516
0 0.000000 0.806641 0.000000 0.812500 0.001953 0.812500 0.003906 0.814453 0.009766 0.814453 0.011719 0.812500 0.011719 0.808594 0.003906 0.808594 0.001953 0.806641
0 0.097656 0.796875 0.097656 0.800781 0.099609 0.802734 0.099609 0.808594 0.101562 0.810547 0.111328 0.810547 0.115234 0.806641 0.115234 0.802734 0.113281 0.800781 0.113281 0.798828 0.111328 0.798828 0.109375 0.796875
0 0.480469 0.716797 0.480469 0.718750 0.478516 0.720703 0.478516 0.722656 0.480469 0.722656 0.484375 0.726562 0.484375 0.728516 0.488281 0.732422 0.490234 0.732422 0.492188 0.734375 0.496094 0.734375 0.498047 0.736328 0.501953 0.736328 0.503906 0.738281 0.507812 0.734375 0.503906 0.734375 0.501953 0.732422 0.498047 0.732422 0.496094 0.730469 0.494141 0.730469 0.488281 0.724609 0.488281 0.720703 0.484375 0.716797
0 0.167969 0.675781 0.162109 0.681641 0.162109 0.683594 0.164062 0.685547 0.164062 0.687500 0.166016 0.689453 0.171875 0.689453 0.171875 0.683594 0.169922 0.681641 0.169922 0.675781
0 0.310547 0.640625 0.308594 0.642578 0.308594 0.646484 0.312500 0.650391 0.312500 0.652344 0.314453 0.654297 0.314453 0.662109 0.312500 0.664062 0.314453 0.664062 0.316406 0.662109 0.316406 0.652344 0.314453 0.650391 0.314453 0.648438 0.312500 0.646484 0.312500 0.642578
0 0.505859 0.603516 0.507812 0.605469 0.507812 0.607422 0.509766 0.609375 0.511719 0.609375 0.513672 0.611328 0.519531 0.611328 0.521484 0.613281 0.527344 0.613281 0.529297 0.615234 0.533203 0.615234 0.535156 0.617188 0.537109 0.617188 0.542969 0.623047 0.552734 0.623047 0.554688 0.625000 0.562500 0.625000 0.564453 0.626953 0.566406 0.626953 0.568359 0.628906 0.572266 0.628906 0.572266 0.625000 0.576172 0.621094 0.587891 0.621094 0.589844 0.623047 0.589844 0.625000 0.597656 0.632812 0.605469 0.632812 0.607422 0.630859 0.613281 0.630859 0.615234 0.628906 0.609375 0.628906 0.607422 0.626953 0.599609 0.626953 0.597656 0.625000 0.593750 0.625000 0.587891 0.619141 0.585938 0.619141 0.580078 0.613281 0.576172 0.613281 0.574219 0.615234 0.572266 0.615234 0.570312 0.617188 0.568359 0.617188 0.566406 0.619141 0.564453 0.619141 0.562500 0.621094 0.560547 0.619141 0.550781 0.619141 0.542969 0.611328 0.535156 0.611328 0.533203 0.609375 0.527344 0.609375 0.525391 0.607422 0.519531 0.607422 0.517578 0.605469 0.513672 0.605469 0.511719 0.603516
0 0.384766 0.582031 0.380859 0.578125 0.380859 0.576172 0.378906 0.574219 0.378906 0.572266 0.378906 0.574219 0.376953 0.576172 0.376953 0.580078 0.380859 0.583984 0.380859 0.589844 0.378906 0.591797 0.369141 0.591797 0.365234 0.587891 0.359375 0.587891 0.359375 0.589844 0.357422 0.591797 0.345703 0.591797 0.343750 0.589844 0.343750 0.591797 0.341797 0.593750 0.341797 0.597656 0.339844 0.599609 0.337891 0.599609 0.335938 0.601562 0.328125 0.601562 0.322266 0.607422 0.322266 0.609375 0.324219 0.611328 0.326172 0.609375 0.328125 0.609375 0.333984 0.603516 0.343750 0.603516 0.343750 0.595703 0.345703 0.593750 0.347656 0.593750 0.349609 0.595703 0.359375 0.595703 0.363281 0.591797 0.365234 0.591797 0.371094 0.597656 0.373047 0.595703 0.376953 0.595703 0.380859 0.591797 0.384766 0.591797
0 0.134766 0.509766 0.130859 0.509766 0.128906 0.507812 0.125000 0.507812 0.125000 0.513672 0.123047 0.515625 0.121094 0.515625 0.119141 0.517578 0.117188 0.517578 0.109375 0.525391 0.109375 0.535156 0.117188 0.535156 0.121094 0.531250 0.121094 0.525391 0.123047 0.523438 0.126953 0.523438 0.128906 0.521484 0.134766 0.527344 0.136719 0.527344 0.136719 0.525391 0.138672 0.523438 0.138672 0.519531 0.136719 0.517578 0.136719 0.515625 0.134766 0.513672
0 0.416016 0.484375 0.414062 0.484375 0.414062 0.486328 0.412109 0.488281 0.412109 0.490234 0.410156 0.492188 0.410156 0.494141 0.414062 0.494141 0.416016 0.492188 0.417969 0.492188 0.416016 0.490234
0 0.685547 0.478516 0.685547 0.480469 0.689453 0.480469 0.693359 0.484375 0.693359 0.486328 0.695312 0.486328 0.695312 0.478516 0.693359 0.478516 0.691406 0.476562 0.689453 0.476562 0.687500 0.478516
0 0.671875 0.466797 0.671875 0.478516 0.673828 0.478516 0.675781 0.476562 0.677734 0.476562 0.677734 0.470703 0.673828 0.466797
0 0.380859 0.451172 0.375000 0.457031 0.373047 0.457031 0.373047 0.458984 0.376953 0.462891 0.376953 0.464844 0.378906 0.464844 0.380859 0.466797 0.380859 0.474609 0.378906 0.476562 0.378906 0.484375 0.380859 0.486328 0.380859 0.490234 0.388672 0.498047 0.390625 0.498047 0.392578 0.500000 0.394531 0.500000 0.396484 0.501953 0.398438 0.501953 0.400391 0.503906 0.394531 0.509766 0.394531 0.515625 0.396484 0.515625 0.398438 0.517578 0.400391 0.515625 0.398438 0.513672 0.398438 0.511719 0.404297 0.505859 0.404297 0.501953 0.402344 0.500000 0.398438 0.500000 0.394531 0.496094 0.392578 0.496094 0.390625 0.494141 0.388672 0.494141 0.384766 0.490234 0.384766 0.488281 0.382812 0.486328 0.382812 0.464844 0.380859 0.462891 0.380859 0.458984 0.386719 0.453125 0.386719 0.451172
0 0.400391 0.421875 0.386719 0.421875 0.382812 0.425781 0.380859 0.425781 0.376953 0.429688 0.376953 0.439453 0.378906 0.439453 0.380859 0.441406 0.388672 0.441406 0.390625 0.439453 0.390625 0.437500 0.388672 0.435547 0.386719 0.435547 0.384766 0.433594 0.384766 0.427734 0.386719 0.425781 0.388672 0.427734 0.396484 0.427734 0.398438 0.425781 0.398438 0.423828
0 0.570312 0.404297 0.566406 0.404297 0.564453 0.406250 0.560547 0.406250 0.560547 0.410156 0.562500 0.412109 0.570312 0.412109 0.572266 0.410156 0.572266 0.408203 0.570312 0.406250
0 0.421875 0.373047 0.427734 0.373047 0.431641 0.376953 0.431641 0.380859 0.429688 0.382812 0.427734 0.380859 0.427734 0.382812 0.429688 0.382812 0.431641 0.380859 0.435547 0.380859 0.437500 0.378906 0.439453 0.378906 0.443359 0.375000 0.445312 0.375000 0.447266 0.373047 0.447266 0.371094 0.443359 0.371094 0.441406 0.373047 0.435547 0.373047 0.433594 0.371094 0.431641 0.373047 0.427734 0.373047 0.425781 0.371094 0.423828 0.371094
0 0.531250 0.367188 0.529297 0.367188 0.527344 0.369141 0.523438 0.369141 0.521484 0.371094 0.517578 0.371094 0.515625 0.373047 0.513672 0.373047 0.513672 0.375000 0.523438 0.375000 0.525391 0.373047 0.531250 0.373047
0 0.699219 0.330078 0.699219 0.332031 0.701172 0.332031 0.703125 0.333984 0.703125 0.339844 0.701172 0.341797 0.701172 0.345703 0.705078 0.349609 0.710938 0.349609 0.710938 0.339844 0.708984 0.339844 0.707031 0.337891 0.705078 0.337891 0.703125 0.335938 0.703125 0.333984
0 0.832031 0.318359 0.832031 0.320312 0.833984 0.320312 0.839844 0.326172 0.839844 0.328125 0.835938 0.332031 0.835938 0.333984 0.833984 0.335938 0.833984 0.339844 0.835938 0.341797 0.837891 0.341797 0.839844 0.343750 0.843750 0.339844 0.843750 0.333984 0.845703 0.332031 0.845703 0.324219 0.843750 0.322266 0.841797 0.322266 0.839844 0.320312 0.835938 0.320312 0.833984 0.318359
