0 0.171875 0.976562 0.171875 0.978516 0.173828 0.978516 0.175781 0.980469 0.175781 0.982422 0.183594 0.982422 0.185547 0.984375 0.187500 0.984375 0.189453 0.986328 0.189453 0.990234 0.191406 0.992188 0.193359 0.992188 0.197266 0.996094 0.197266 0.998047 0.201172 0.998047 0.201172 0.996094 0.203125 0.994141 0.205078 0.996094 0.205078 0.998047 0.259766 0.998047 0.261719 0.996094 0.277344 0.996094 0.267578 0.996094 0.263672 0.992188 0.259766 0.992188 0.257812 0.990234 0.253906 0.996094 0.248047 0.996094 0.246094 0.994141 0.246094 0.984375 0.248047 0.982422 0.251953 0.982422 0.250000 0.982422 0.248047 0.980469 0.250000 0.978516 0.251953 0.978516 0.250000 0.978516 0.248047 0.976562 0.248047 0.972656 0.250000 0.970703 0.253906 0.970703 0.255859 0.968750 0.255859 0.966797 0.250000 0.966797 0.248047 0.968750 0.228516 0.968750 0.226562 0.966797 0.208984 0.966797 0.207031 0.964844 0.199219 0.964844 0.199219 0.966797 0.195312 0.970703 0.193359 0.968750 0.185547 0.968750 0.181641 0.974609 0.179688 0.974609 0.177734 0.976562
0 0.691406 0.916016 0.695312 0.916016 0.699219 0.919922 0.701172 0.919922 0.703125 0.921875 0.703125 0.925781 0.705078 0.925781 0.708984 0.929688 0.710938 0.929688 0.712891 0.931641 0.714844 0.931641 0.718750 0.935547 0.718750 0.941406 0.722656 0.945312 0.722656 0.947266 0.724609 0.947266 0.726562 0.949219 0.726562 0.951172 0.728516 0.953125 0.728516 0.955078 0.730469 0.957031 0.730469 0.958984 0.732422 0.958984 0.734375 0.960938 0.736328 0.960938 0.736328 0.957031 0.738281 0.955078 0.740234 0.955078 0.742188 0.957031 0.742188 0.958984 0.744141 0.958984 0.744141 0.957031 0.742188 0.957031 0.740234 0.955078 0.746094 0.949219 0.748047 0.949219 0.748047 0.947266 0.740234 0.947266 0.738281 0.945312 0.738281 0.943359 0.740234 0.941406 0.744141 0.941406 0.744141 0.935547 0.736328 0.943359 0.734375 0.943359 0.732422 0.941406 0.732422 0.939453 0.730469 0.939453 0.728516 0.937500 0.728516 0.935547 0.730469 0.933594 0.732422 0.933594 0.734375 0.931641 0.734375 0.929688 0.732422 0.931641 0.728516 0.931641 0.722656 0.925781 0.722656 0.921875 0.724609 0.919922 0.724609 0.917969 0.722656 0.917969 0.720703 0.916016 0.720703 0.914062 0.718750 0.912109 0.720703 0.910156 0.720703 0.908203 0.718750 0.908203 0.718750 0.914062 0.716797 0.916016 0.718750 0.917969 0.716797 0.919922 0.710938 0.919922 0.708984 0.917969 0.708984 0.916016 0.697266 0.916016 0.695312 0.914062 0.693359 0.914062
0 0.642578 0.933594 0.642578 0.929688 0.634766 0.929688 0.632812 0.927734 0.632812 0.925781 0.634766 0.923828 0.636719 0.923828 0.636719 0.921875 0.632812 0.921875 0.626953 0.916016 0.626953 0.914062 0.628906 0.912109 0.630859 0.912109 0.630859 0.908203 0.628906 0.908203 0.626953 0.906250 0.626953 0.902344 0.623047 0.906250 0.625000 0.908203 0.625000 0.912109 0.626953 0.914062 0.625000 0.916016 0.621094 0.916016 0.621094 0.917969 0.619141 0.919922 0.611328 0.919922 0.609375 0.917969 0.607422 0.917969 0.605469 0.916016 0.601562 0.916016 0.599609 0.914062 0.597656 0.914062 0.595703 0.912109 0.589844 0.912109 0.587891 0.910156 0.587891 0.906250 0.585938 0.906250 0.583984 0.908203 0.583984 0.910156 0.585938 0.910156 0.587891 0.912109 0.589844 0.912109 0.593750 0.916016 0.599609 0.916016 0.601562 0.917969 0.605469 0.917969 0.607422 0.919922 0.611328 0.919922 0.613281 0.921875 0.613281 0.925781 0.615234 0.927734 0.613281 0.929688 0.615234 0.931641 0.617188 0.931641 0.619141 0.933594 0.623047 0.933594 0.623047 0.931641 0.625000 0.929688 0.626953 0.931641 0.630859 0.931641 0.632812 0.933594 0.638672 0.933594 0.640625 0.935547
0 0.529297 0.904297 0.531250 0.904297 0.533203 0.906250 0.531250 0.908203 0.531250 0.910156 0.533203 0.910156 0.535156 0.908203 0.542969 0.908203 0.544922 0.910156 0.546875 0.908203 0.550781 0.908203 0.556641 0.914062 0.556641 0.917969 0.558594 0.919922 0.558594 0.923828 0.560547 0.923828 0.566406 0.929688 0.566406 0.931641 0.568359 0.933594 0.568359 0.941406 0.570312 0.943359 0.570312 0.951172 0.574219 0.951172 0.576172 0.953125 0.578125 0.953125 0.580078 0.951172 0.583984 0.951172 0.583984 0.949219 0.578125 0.949219 0.576172 0.947266 0.576172 0.945312 0.578125 0.943359 0.580078 0.943359 0.578125 0.943359 0.576172 0.941406 0.576172 0.935547 0.574219 0.935547 0.572266 0.933594 0.572266 0.923828 0.564453 0.916016 0.562500 0.916016 0.560547 0.914062 0.558594 0.914062 0.556641 0.912109 0.556641 0.906250 0.554688 0.904297 0.554688 0.902344 0.542969 0.902344 0.541016 0.904297 0.535156 0.904297 0.533203 0.906250 0.531250 0.904297
0 0.828125 0.882812 0.826172 0.884766 0.826172 0.886719 0.828125 0.888672 0.828125 0.890625 0.830078 0.890625 0.832031 0.892578 0.832031 0.894531 0.833984 0.896484 0.833984 0.900391 0.837891 0.904297 0.837891 0.906250 0.839844 0.908203 0.839844 0.912109 0.841797 0.914062 0.841797 0.916016 0.843750 0.917969 0.843750 0.921875 0.845703 0.923828 0.845703 0.931641 0.853516 0.931641 0.857422 0.935547 0.857422 0.937500 0.859375 0.939453 0.859375 0.945312 0.857422 0.947266 0.855469 0.947266 0.851562 0.951172 0.849609 0.949219 0.845703 0.949219 0.843750 0.947266 0.841797 0.949219 0.835938 0.943359 0.835938 0.945312 0.837891 0.947266 0.839844 0.947266 0.843750 0.951172 0.843750 0.955078 0.845703 0.957031 0.847656 0.957031 0.849609 0.958984 0.849609 0.957031 0.851562 0.955078 0.853516 0.955078 0.857422 0.958984 0.857422 0.960938 0.859375 0.962891 0.859375 0.966797 0.861328 0.968750 0.863281 0.974609 0.867188 0.974609 0.871094 0.968750 0.875000 0.968750 0.876953 0.966797 0.875000 0.964844 0.875000 0.960938 0.873047 0.962891 0.869141 0.962891 0.867188 0.960938 0.867188 0.958984 0.865234 0.958984 0.863281 0.957031 0.863281 0.955078 0.859375 0.949219 0.865234 0.943359 0.867188 0.943359 0.865234 0.943359 0.863281 0.941406 0.863281 0.937500 0.865234 0.935547 0.869141 0.935547 0.869141 0.929688 0.867188 0.927734 0.867188 0.925781 0.865234 0.925781 0.863281 0.923828 0.863281 0.919922 0.859375 0.916016 0.857422 0.916016 0.855469 0.914062 0.855469 0.910156 0.853516 0.908203 0.851562 0.902344 0.847656 0.902344 0.845703 0.900391 0.845703 0.898438 0.847656 0.896484 0.849609 0.896484 0.849609 0.890625 0.847656 0.890625 0.845703 0.888672 0.845703 0.886719 0.841797 0.882812
0 0.576172 0.861328 0.582031 0.863281 0.585938 0.869141 0.589844 0.869141 0.591797 0.867188 0.595703 0.867188 0.597656 0.869141 0.599609 0.869141 0.601562 0.871094 0.605469 0.871094 0.607422 0.873047 0.619141 0.873047 0.621094 0.875000 0.623047 0.875000 0.628906 0.880859 0.632812 0.880859 0.636719 0.884766 0.636719 0.886719 0.634766 0.888672 0.634766 0.896484 0.636719 0.894531 0.644531 0.894531 0.648438 0.898438 0.650391 0.898438 0.654297 0.902344 0.656250 0.902344 0.658203 0.904297 0.656250 0.906250 0.654297 0.906250 0.654297 0.908203 0.656250 0.908203 0.658203 0.910156 0.662109 0.910156 0.664062 0.912109 0.667969 0.912109 0.667969 0.910156 0.666016 0.910156 0.662109 0.906250 0.662109 0.904297 0.664062 0.902344 0.666016 0.904297 0.669922 0.904297 0.667969 0.904297 0.666016 0.902344 0.660156 0.902344 0.658203 0.900391 0.658203 0.898438 0.656250 0.898438 0.654297 0.896484 0.650391 0.896484 0.648438 0.894531 0.646484 0.894531 0.642578 0.890625 0.642578 0.888672 0.644531 0.886719 0.664062 0.886719 0.666016 0.888672 0.667969 0.888672 0.667969 0.886719 0.666016 0.884766 0.662109 0.884766 0.660156 0.886719 0.658203 0.884766 0.654297 0.884766 0.652344 0.882812 0.650391 0.884766 0.648438 0.882812 0.646484 0.882812 0.642578 0.878906 0.644531 0.876953 0.642578 0.876953 0.640625 0.875000 0.632812 0.875000 0.628906 0.871094 0.623047 0.871094 0.621094 0.869141 0.621094 0.867188 0.613281 0.867188 0.611328 0.865234 0.603516 0.865234 0.601562 0.863281 0.595703 0.867188 0.593750 0.865234 0.593750 0.863281 0.589844 0.867188 0.587891 0.867188 0.583984 0.863281 0.580078 0.863281 0.578125 0.861328
0 0.246094 0.853516 0.244141 0.853516 0.242188 0.851562 0.240234 0.853516 0.238281 0.853516 0.238281 0.861328 0.236328 0.863281 0.232422 0.863281 0.232422 0.867188 0.234375 0.867188 0.236328 0.865234 0.238281 0.865234 0.240234 0.867188 0.240234 0.875000 0.238281 0.876953 0.228516 0.876953 0.226562 0.875000 0.226562 0.873047 0.224609 0.873047 0.224609 0.875000 0.226562 0.876953 0.226562 0.878906 0.224609 0.880859 0.228516 0.884766 0.226562 0.886719 0.224609 0.886719 0.222656 0.888672 0.224609 0.890625 0.230469 0.890625 0.232422 0.892578 0.242188 0.892578 0.244141 0.890625 0.246094 0.892578 0.250000 0.888672 0.251953 0.890625 0.253906 0.890625 0.255859 0.888672 0.255859 0.882812 0.251953 0.882812 0.250000 0.880859 0.250000 0.871094 0.248047 0.871094 0.246094 0.869141 0.246094 0.859375 0.248047 0.857422 0.248047 0.855469
0 0.298828 0.851562 0.298828 0.855469 0.300781 0.857422 0.300781 0.863281 0.302734 0.865234 0.312500 0.865234 0.314453 0.867188 0.320312 0.867188 0.322266 0.869141 0.328125 0.869141 0.330078 0.867188 0.332031 0.867188 0.337891 0.861328 0.335938 0.861328 0.333984 0.859375 0.330078 0.859375 0.328125 0.857422 0.328125 0.853516 0.322266 0.853516 0.318359 0.849609 0.316406 0.851562 0.314453 0.851562 0.314453 0.853516 0.312500 0.855469 0.304688 0.855469 0.302734 0.853516 0.302734 0.851562 0.300781 0.849609
0 0.912109 0.839844 0.910156 0.837891 0.906250 0.837891 0.904297 0.839844 0.900391 0.839844 0.896484 0.835938 0.890625 0.835938 0.888672 0.837891 0.882812 0.837891 0.882812 0.839844 0.880859 0.841797 0.878906 0.841797 0.876953 0.843750 0.875000 0.843750 0.880859 0.849609 0.880859 0.853516 0.876953 0.857422 0.875000 0.857422 0.873047 0.859375 0.867188 0.859375 0.863281 0.863281 0.865234 0.865234 0.869141 0.865234 0.871094 0.863281 0.880859 0.863281 0.880859 0.855469 0.884766 0.851562 0.888672 0.851562 0.890625 0.853516 0.890625 0.855469 0.892578 0.857422 0.892578 0.859375 0.894531 0.861328 0.898438 0.861328 0.900391 0.859375 0.900391 0.853516 0.906250 0.847656 0.910156 0.847656 0.912109 0.845703
0 0.947266 0.763672 0.947266 0.765625 0.943359 0.767578 0.947266 0.777344 0.951172 0.779297 0.953125 0.787109 0.947266 0.792969 0.945312 0.792969 0.939453 0.789062 0.943359 0.785156 0.943359 0.783203 0.939453 0.779297 0.935547 0.781250 0.935547 0.785156 0.939453 0.791016 0.935547 0.798828 0.941406 0.806641 0.945312 0.816406 0.949219 0.818359 0.957031 0.833984 0.957031 0.837891 0.955078 0.839844 0.951172 0.837891 0.955078 0.843750 0.955078 0.851562 0.951172 0.855469 0.947266 0.851562 0.945312 0.851562 0.945312 0.855469 0.949219 0.857422 0.953125 0.869141 0.953125 0.863281 0.951172 0.861328 0.951172 0.855469 0.953125 0.853516 0.962891 0.873047 0.966797 0.875000 0.966797 0.869141 0.974609 0.865234 0.968750 0.857422 0.968750 0.853516 0.966797 0.851562 0.966797 0.843750 0.964844 0.843750 0.962891 0.839844 0.970703 0.835938 0.976562 0.843750 0.978516 0.849609 0.980469 0.849609 0.980469 0.845703 0.982422 0.843750 0.980469 0.837891 0.984375 0.833984 0.988281 0.833984 0.992188 0.837891 0.990234 0.849609 0.986328 0.855469 0.982422 0.855469 0.980469 0.853516 0.982422 0.859375 0.984375 0.859375 0.986328 0.863281 0.990234 0.859375 0.992188 0.859375 0.994141 0.855469 0.992188 0.843750 0.996094 0.839844 0.996094 0.835938 0.992188 0.828125 0.990234 0.830078 0.986328 0.826172 0.980469 0.826172 0.974609 0.822266 0.970703 0.814453 0.970703 0.810547 0.966797 0.804688 0.966797 0.800781 0.962891 0.798828 0.951172 0.775391 0.953125 0.771484 0.949219 0.769531 0.949219 0.763672
0 0.841797 0.716797 0.841797 0.718750 0.843750 0.720703 0.843750 0.724609 0.845703 0.726562 0.845703 0.728516 0.847656 0.730469 0.847656 0.732422 0.853516 0.732422 0.857422 0.736328 0.857422 0.738281 0.859375 0.740234 0.859375 0.746094 0.861328 0.748047 0.863281 0.746094 0.867188 0.746094 0.869141 0.748047 0.869141 0.750000 0.871094 0.748047 0.873047 0.748047 0.875000 0.746094 0.876953 0.746094 0.878906 0.748047 0.876953 0.746094 0.876953 0.742188 0.878906 0.740234 0.880859 0.740234 0.882812 0.742188 0.884766 0.742188 0.886719 0.740234 0.884766 0.738281 0.884766 0.736328 0.882812 0.734375 0.882812 0.732422 0.880859 0.730469 0.880859 0.728516 0.876953 0.724609 0.876953 0.722656 0.875000 0.720703 0.875000 0.718750 0.871094 0.718750 0.869141 0.720703 0.867188 0.720703 0.863281 0.716797 0.861328 0.716797 0.859375 0.714844 0.859375 0.712891 0.857422 0.710938 0.855469 0.710938 0.855469 0.714844 0.859375 0.718750 0.863281 0.718750 0.865234 0.720703 0.865234 0.722656 0.867188 0.724609 0.865234 0.726562 0.863281 0.726562 0.861328 0.728516 0.859375 0.728516 0.855469 0.724609 0.849609 0.724609 0.847656 0.726562 0.845703 0.724609 0.845703 0.722656 0.843750 0.720703 0.843750 0.718750 0.845703 0.716797 0.847656 0.716797 0.849609 0.718750 0.849609 0.720703 0.849609 0.714844 0.847656 0.712891 0.847656 0.714844 0.845703 0.716797
0 0.917969 0.695312 0.917969 0.697266 0.919922 0.699219 0.917969 0.701172 0.916016 0.701172 0.916016 0.703125 0.914062 0.705078 0.910156 0.705078 0.912109 0.705078 0.914062 0.707031 0.914062 0.708984 0.916016 0.710938 0.916016 0.712891 0.914062 0.714844 0.914062 0.716797 0.916016 0.718750 0.917969 0.718750 0.919922 0.716797 0.921875 0.716797 0.925781 0.720703 0.925781 0.722656 0.927734 0.724609 0.927734 0.726562 0.933594 0.726562 0.941406 0.734375 0.943359 0.734375 0.945312 0.736328 0.945312 0.742188 0.951172 0.742188 0.953125 0.744141 0.953125 0.746094 0.957031 0.750000 0.962891 0.750000 0.962891 0.748047 0.964844 0.746094 0.962891 0.746094 0.960938 0.748047 0.958984 0.748047 0.957031 0.746094 0.957031 0.744141 0.951172 0.738281 0.951172 0.734375 0.947266 0.734375 0.945312 0.732422 0.945312 0.726562 0.941406 0.722656 0.941406 0.720703 0.939453 0.718750 0.939453 0.716797 0.937500 0.714844 0.939453 0.712891 0.939453 0.710938 0.937500 0.710938 0.937500 0.712891 0.935547 0.714844 0.933594 0.714844 0.931641 0.712891 0.929688 0.712891 0.927734 0.710938 0.923828 0.710938 0.921875 0.708984 0.921875 0.705078 0.923828 0.703125 0.919922 0.699219 0.919922 0.695312
0 0.371094 0.650391 0.371094 0.654297 0.367188 0.658203 0.367188 0.660156 0.365234 0.662109 0.359375 0.662109 0.359375 0.664062 0.357422 0.666016 0.357422 0.671875 0.359375 0.673828 0.365234 0.673828 0.371094 0.679688 0.369141 0.681641 0.369141 0.683594 0.371094 0.681641 0.384766 0.681641 0.384766 0.679688 0.382812 0.681641 0.380859 0.681641 0.376953 0.677734 0.378906 0.675781 0.378906 0.671875 0.380859 0.669922 0.380859 0.667969 0.382812 0.666016 0.380859 0.664062 0.371094 0.664062 0.369141 0.662109 0.371094 0.660156 0.375000 0.660156 0.378906 0.656250 0.380859 0.656250 0.380859 0.650391
0 0.960938 0.662109 0.921875 0.660156 0.902344 0.646484 0.908203 0.638672 0.900391 0.644531 0.908203 0.662109 0.894531 0.654297 0.859375 0.662109 0.865234 0.677734 0.880859 0.666016 0.888672 0.675781 0.867188 0.687500 0.851562 0.666016 0.785156 0.679688 0.765625 0.695312 0.738281 0.691406 0.744141 0.701172 0.722656 0.691406 0.720703 0.708984 0.703125 0.708984 0.708984 0.730469 0.683594 0.734375 0.679688 0.757812 0.660156 0.742188 0.679688 0.773438 0.658203 0.787109 0.611328 0.759766 0.607422 0.769531 0.636719 0.789062 0.605469 0.779297 0.626953 0.806641 0.595703 0.798828 0.634766 0.830078 0.652344 0.814453 0.679688 0.816406 0.681641 0.830078 0.742188 0.855469 0.675781 0.812500 0.681641 0.802734 0.667969 0.785156 0.710938 0.791016 0.708984 0.777344 0.726562 0.791016 0.730469 0.777344 0.742188 0.781250 0.726562 0.761719 0.734375 0.748047 0.746094 0.757812 0.761719 0.750000 0.771484 0.810547 0.787109 0.787109 0.816406 0.818359 0.806641 0.826172 0.796875 0.816406 0.787109 0.826172 0.798828 0.830078 0.726562 0.869141 0.761719 0.853516 0.781250 0.857422 0.808594 0.828125 0.826172 0.839844 0.855469 0.824219 0.869141 0.835938 0.833984 0.841797 0.740234 0.892578 0.759766 0.882812 0.781250 0.890625 0.787109 0.875000 0.826172 0.861328 0.849609 0.865234 0.859375 0.851562 0.843750 0.855469 0.841797 0.845703 0.873047 0.837891 0.861328 0.798828 0.880859 0.810547 0.896484 0.791016 0.847656 0.802734 0.843750 0.779297 0.835938 0.798828 0.814453 0.769531 0.837891 0.785156 0.826172 0.775391 0.824219 0.753906 0.839844 0.757812 0.832031 0.740234 0.849609 0.746094 0.857422 0.791016 0.871094 0.785156 0.869141 0.773438 0.880859 0.779297 0.867188 0.759766 0.855469 0.765625 0.841797 0.728516 0.820312 0.736328 0.804688 0.728516 0.808594 0.742188 0.800781 0.732422 0.779297 0.736328 0.789062 0.750000 0.783203 0.769531 0.748047 0.716797 0.818359 0.714844 0.816406 0.701172 0.822266 0.710938 0.837891 0.703125 0.845703 0.681641 0.861328 0.697266 0.878906 0.683594 0.960938 0.681641
0 0.394531 0.591797 0.390625 0.601562 0.400391 0.603516 0.404297 0.613281 0.408203 0.615234 0.419922 0.615234 0.423828 0.619141 0.419922 0.634766 0.425781 0.636719 0.423828 0.628906 0.429688 0.623047 0.435547 0.623047 0.429688 0.619141 0.431641 0.617188 0.437500 0.617188 0.447266 0.623047 0.449219 0.630859 0.453125 0.630859 0.460938 0.636719 0.466797 0.644531 0.464844 0.656250 0.472656 0.660156 0.464844 0.667969 0.457031 0.660156 0.455078 0.646484 0.447266 0.646484 0.445312 0.644531 0.449219 0.638672 0.437500 0.634766 0.439453 0.638672 0.437500 0.642578 0.427734 0.642578 0.421875 0.648438 0.425781 0.646484 0.429688 0.652344 0.433594 0.652344 0.437500 0.656250 0.437500 0.660156 0.445312 0.660156 0.449219 0.664062 0.458984 0.664062 0.464844 0.667969 0.474609 0.667969 0.480469 0.658203 0.492188 0.658203 0.494141 0.660156 0.496094 0.654297 0.498047 0.658203 0.501953 0.658203 0.507812 0.664062 0.517578 0.664062 0.517578 0.656250 0.519531 0.654297 0.517578 0.652344 0.519531 0.648438 0.515625 0.642578 0.517578 0.634766 0.509766 0.626953 0.503906 0.626953 0.498047 0.619141 0.488281 0.617188 0.498047 0.623047 0.494141 0.628906 0.482422 0.626953 0.480469 0.628906 0.478516 0.625000 0.470703 0.625000 0.462891 0.621094 0.464844 0.625000 0.460938 0.626953 0.458984 0.621094 0.457031 0.623047 0.451172 0.623047 0.449219 0.619141 0.435547 0.613281 0.433594 0.617188 0.427734 0.619141 0.423828 0.613281 0.429688 0.611328 0.423828 0.607422 0.417969 0.613281 0.408203 0.609375 0.410156 0.607422 0.417969 0.607422 0.417969 0.605469 0.404297 0.599609 0.398438 0.593750 0.402344 0.587891 0.400391 0.585938
0 0.294922 0.572266 0.296875 0.574219 0.296875 0.580078 0.300781 0.580078 0.302734 0.582031 0.306641 0.582031 0.308594 0.580078 0.310547 0.580078 0.312500 0.582031 0.312500 0.585938 0.320312 0.585938 0.324219 0.589844 0.328125 0.589844 0.330078 0.591797 0.330078 0.593750 0.328125 0.595703 0.326172 0.595703 0.328125 0.595703 0.330078 0.597656 0.330078 0.601562 0.339844 0.601562 0.345703 0.595703 0.341797 0.591797 0.343750 0.589844 0.343750 0.587891 0.339844 0.583984 0.341797 0.582031 0.341797 0.580078 0.337891 0.580078 0.335938 0.578125 0.335938 0.576172 0.332031 0.580078 0.330078 0.578125 0.330078 0.576172 0.326172 0.576172 0.324219 0.578125 0.322266 0.578125 0.320312 0.580078 0.308594 0.580078 0.306641 0.578125 0.304688 0.580078 0.302734 0.580078 0.300781 0.578125 0.298828 0.578125 0.296875 0.576172 0.296875 0.574219
0 0.537109 0.550781 0.537109 0.554688 0.539062 0.556641 0.539062 0.560547 0.542969 0.564453 0.542969 0.568359 0.544922 0.568359 0.546875 0.570312 0.554688 0.570312 0.556641 0.572266 0.556641 0.574219 0.558594 0.574219 0.560547 0.576172 0.560547 0.578125 0.566406 0.578125 0.570312 0.582031 0.570312 0.583984 0.572266 0.585938 0.576172 0.585938 0.578125 0.587891 0.580078 0.587891 0.582031 0.589844 0.583984 0.589844 0.585938 0.587891 0.587891 0.587891 0.585938 0.587891 0.580078 0.582031 0.580078 0.578125 0.578125 0.578125 0.572266 0.572266 0.574219 0.570312 0.576172 0.570312 0.576172 0.564453 0.566406 0.564453 0.564453 0.562500 0.564453 0.560547 0.562500 0.558594 0.562500 0.552734 0.560547 0.552734 0.558594 0.550781 0.558594 0.548828 0.552734 0.548828 0.552734 0.550781 0.554688 0.552734 0.552734 0.554688 0.544922 0.554688 0.542969 0.552734 0.542969 0.550781
0 0.380859 0.531250 0.378906 0.529297 0.373047 0.529297 0.369141 0.533203 0.367188 0.533203 0.367188 0.535156 0.371094 0.535156 0.373047 0.537109 0.371094 0.539062 0.365234 0.539062 0.361328 0.535156 0.363281 0.533203 0.363281 0.525391 0.353516 0.525391 0.353516 0.527344 0.351562 0.529297 0.351562 0.531250 0.349609 0.533203 0.341797 0.533203 0.339844 0.535156 0.324219 0.535156 0.322266 0.537109 0.316406 0.537109 0.314453 0.535156 0.308594 0.535156 0.314453 0.535156 0.316406 0.537109 0.322266 0.537109 0.324219 0.539062 0.324219 0.541016 0.322266 0.542969 0.316406 0.542969 0.316406 0.544922 0.314453 0.546875 0.312500 0.546875 0.322266 0.546875 0.324219 0.544922 0.324219 0.542969 0.326172 0.541016 0.343750 0.541016 0.345703 0.539062 0.347656 0.539062 0.351562 0.542969 0.355469 0.539062 0.357422 0.541016 0.371094 0.541016 0.371094 0.539062 0.373047 0.537109 0.378906 0.537109 0.378906 0.535156 0.380859 0.533203
0 0.812500 0.513672 0.826172 0.513672 0.830078 0.517578 0.832031 0.515625 0.839844 0.517578 0.857422 0.533203 0.863281 0.535156 0.869141 0.541016 0.871094 0.541016 0.875000 0.546875 0.880859 0.546875 0.884766 0.548828 0.886719 0.552734 0.898438 0.554688 0.904297 0.558594 0.931641 0.558594 0.933594 0.556641 0.937500 0.556641 0.949219 0.562500 0.951172 0.566406 0.953125 0.566406 0.964844 0.580078 0.968750 0.587891 0.968750 0.595703 0.972656 0.595703 0.976562 0.599609 0.978516 0.611328 0.982422 0.615234 0.984375 0.636719 0.998047 0.652344 0.998047 0.646484 0.994141 0.642578 0.990234 0.626953 0.986328 0.625000 0.986328 0.621094 0.984375 0.619141 0.984375 0.609375 0.978516 0.601562 0.978516 0.597656 0.972656 0.583984 0.966797 0.580078 0.960938 0.570312 0.953125 0.562500 0.951172 0.562500 0.949219 0.558594 0.937500 0.556641 0.935547 0.554688 0.931641 0.556641 0.921875 0.556641 0.919922 0.558594 0.904297 0.556641 0.898438 0.552734 0.892578 0.552734 0.884766 0.548828 0.878906 0.542969 0.875000 0.542969 0.863281 0.533203 0.861328 0.533203 0.859375 0.529297 0.851562 0.525391 0.845703 0.519531 0.845703 0.517578 0.841797 0.515625 0.830078 0.513672 0.828125 0.511719 0.816406 0.511719
0 0.001953 0.451172 0.011719 0.451172 0.013672 0.447266 0.019531 0.447266 0.021484 0.451172 0.017578 0.453125 0.021484 0.455078 0.021484 0.460938 0.023438 0.464844 0.025391 0.462891 0.023438 0.460938 0.023438 0.457031 0.027344 0.453125 0.031250 0.455078 0.029297 0.458984 0.029297 0.462891 0.033203 0.460938 0.035156 0.462891 0.033203 0.464844 0.037109 0.464844 0.037109 0.455078 0.041016 0.453125 0.044922 0.457031 0.044922 0.462891 0.048828 0.460938 0.056641 0.460938 0.060547 0.464844 0.058594 0.470703 0.054688 0.474609 0.050781 0.474609 0.052734 0.478516 0.050781 0.480469 0.050781 0.486328 0.052734 0.486328 0.056641 0.482422 0.056641 0.478516 0.058594 0.474609 0.066406 0.470703 0.068359 0.472656 0.072266 0.472656 0.076172 0.476562 0.076172 0.486328 0.074219 0.488281 0.074219 0.492188 0.070312 0.494141 0.068359 0.498047 0.080078 0.498047 0.083984 0.492188 0.087891 0.494141 0.093750 0.494141 0.091797 0.490234 0.089844 0.490234 0.080078 0.478516 0.080078 0.472656 0.083984 0.468750 0.087891 0.468750 0.091797 0.466797 0.087891 0.464844 0.087891 0.460938 0.085938 0.458984 0.083984 0.458984 0.082031 0.462891 0.078125 0.460938 0.080078 0.464844 0.080078 0.468750 0.078125 0.470703 0.074219 0.470703 0.070312 0.466797 0.070312 0.462891 0.066406 0.458984 0.066406 0.457031 0.060547 0.457031 0.056641 0.458984 0.048828 0.453125 0.048828 0.449219 0.042969 0.449219 0.039062 0.445312 0.039062 0.441406 0.041016 0.439453 0.025391 0.439453 0.023438 0.437500 0.021484 0.439453 0.017578 0.437500 0.013672 0.439453 0.013672 0.441406 0.009766 0.443359 0.009766 0.447266 0.005859 0.451172
0 0.552734 0.427734 0.552734 0.429688 0.556641 0.429688 0.558594 0.431641 0.562500 0.431641 0.564453 0.433594 0.574219 0.433594 0.576172 0.435547 0.576172 0.437500 0.578125 0.439453 0.578125 0.441406 0.580078 0.443359 0.580078 0.445312 0.578125 0.447266 0.580078 0.449219 0.587891 0.449219 0.589844 0.447266 0.599609 0.447266 0.603516 0.443359 0.599609 0.443359 0.597656 0.441406 0.593750 0.441406 0.591797 0.439453 0.593750 0.437500 0.595703 0.437500 0.597656 0.435547 0.601562 0.435547 0.603516 0.433594 0.605469 0.433594 0.609375 0.429688 0.611328 0.429688 0.611328 0.425781 0.609375 0.425781 0.607422 0.427734 0.607422 0.429688 0.605469 0.431641 0.603516 0.429688 0.593750 0.429688 0.591797 0.427734 0.580078 0.427734 0.578125 0.425781 0.576172 0.427734 0.572266 0.427734 0.570312 0.425781 0.568359 0.425781 0.566406 0.427734
0 0.998047 0.375000 0.988281 0.373047 0.982422 0.376953 0.982422 0.380859 0.978516 0.384766 0.974609 0.384766 0.970703 0.388672 0.957031 0.382812 0.955078 0.388672 0.941406 0.398438 0.939453 0.392578 0.947266 0.382812 0.945312 0.376953 0.947266 0.373047 0.937500 0.373047 0.935547 0.365234 0.931641 0.378906 0.935547 0.382812 0.933594 0.386719 0.927734 0.382812 0.925781 0.376953 0.916016 0.375000 0.914062 0.384766 0.894531 0.384766 0.884766 0.388672 0.880859 0.380859 0.882812 0.371094 0.878906 0.371094 0.875000 0.386719 0.865234 0.386719 0.855469 0.390625 0.849609 0.386719 0.851562 0.384766 0.861328 0.384766 0.859375 0.373047 0.833984 0.375000 0.832031 0.376953 0.833984 0.378906 0.832031 0.380859 0.835938 0.384766 0.833984 0.386719 0.822266 0.386719 0.816406 0.392578 0.806641 0.392578 0.800781 0.396484 0.794922 0.394531 0.794922 0.400391 0.791016 0.404297 0.804688 0.404297 0.806641 0.410156 0.798828 0.414062 0.806641 0.414062 0.808594 0.416016 0.806641 0.419922 0.810547 0.423828 0.814453 0.423828 0.820312 0.412109 0.824219 0.414062 0.824219 0.417969 0.828125 0.417969 0.826172 0.416016 0.828125 0.414062 0.845703 0.414062 0.847656 0.410156 0.865234 0.410156 0.884766 0.417969 0.888672 0.423828 0.886719 0.427734 0.888672 0.433594 0.888672 0.425781 0.896484 0.417969 0.902344 0.416016 0.908203 0.419922 0.912109 0.417969 0.921875 0.417969 0.923828 0.419922 0.933594 0.417969 0.939453 0.421875 0.941406 0.414062 0.947266 0.406250 0.951172 0.417969 0.953125 0.404297 0.958984 0.400391 0.972656 0.406250 0.980469 0.398438 0.998047 0.402344
0 0.636719 0.365234 0.621094 0.365234 0.621094 0.367188 0.619141 0.369141 0.621094 0.371094 0.619141 0.373047 0.615234 0.373047 0.613281 0.371094 0.609375 0.371094 0.607422 0.373047 0.607422 0.375000 0.609375 0.376953 0.607422 0.378906 0.603516 0.378906 0.603516 0.380859 0.601562 0.382812 0.599609 0.382812 0.597656 0.384766 0.587891 0.384766 0.585938 0.386719 0.585938 0.388672 0.587891 0.390625 0.585938 0.392578 0.587891 0.394531 0.585938 0.396484 0.589844 0.396484 0.589844 0.392578 0.591797 0.390625 0.593750 0.390625 0.595703 0.388672 0.601562 0.388672 0.603516 0.390625 0.603516 0.392578 0.601562 0.394531 0.601562 0.398438 0.605469 0.402344 0.607422 0.400391 0.615234 0.400391 0.619141 0.404297 0.621094 0.404297 0.623047 0.402344 0.623047 0.400391 0.619141 0.400391 0.617188 0.398438 0.617188 0.390625 0.619141 0.388672 0.621094 0.388672 0.621094 0.384766 0.619141 0.382812 0.621094 0.380859 0.617188 0.376953 0.619141 0.375000 0.623047 0.375000 0.628906 0.369141 0.632812 0.369141 0.634766 0.367188 0.636719 0.367188
0 0.546875 0.345703 0.546875 0.357422 0.548828 0.357422 0.550781 0.359375 0.548828 0.361328 0.542969 0.361328 0.541016 0.359375 0.539062 0.359375 0.537109 0.361328 0.535156 0.361328 0.531250 0.365234 0.533203 0.367188 0.527344 0.373047 0.527344 0.375000 0.529297 0.375000 0.533203 0.378906 0.533203 0.384766 0.535156 0.384766 0.537109 0.386719 0.539062 0.386719 0.541016 0.388672 0.558594 0.388672 0.560547 0.386719 0.550781 0.386719 0.548828 0.384766 0.546875 0.384766 0.544922 0.382812 0.546875 0.380859 0.546875 0.378906 0.548828 0.376953 0.548828 0.375000 0.550781 0.373047 0.550781 0.367188 0.548828 0.365234 0.552734 0.361328 0.554688 0.363281 0.556641 0.363281 0.560547 0.359375 0.560547 0.357422 0.564453 0.353516 0.566406 0.353516 0.566406 0.351562 0.564453 0.349609 0.564453 0.347656 0.562500 0.345703 0.560547 0.347656 0.558594 0.347656 0.556641 0.345703
0 0.726562 0.330078 0.728516 0.330078 0.732422 0.333984 0.732422 0.337891 0.730469 0.339844 0.726562 0.339844 0.726562 0.343750 0.728516 0.343750 0.730469 0.345703 0.730469 0.347656 0.728516 0.349609 0.726562 0.349609 0.728516 0.349609 0.730469 0.347656 0.734375 0.347656 0.736328 0.349609 0.736328 0.351562 0.738281 0.353516 0.742188 0.353516 0.744141 0.355469 0.748047 0.355469 0.750000 0.353516 0.753906 0.353516 0.757812 0.349609 0.759766 0.349609 0.761719 0.347656 0.767578 0.347656 0.771484 0.351562 0.771484 0.347656 0.773438 0.345703 0.771484 0.343750 0.771484 0.341797 0.773438 0.339844 0.775391 0.339844 0.769531 0.339844 0.769531 0.341797 0.771484 0.343750 0.771484 0.345703 0.769531 0.347656 0.761719 0.347656 0.759766 0.345703 0.759766 0.341797 0.753906 0.335938 0.755859 0.333984 0.753906 0.332031 0.753906 0.324219 0.750000 0.324219 0.748047 0.322266 0.746094 0.322266 0.744141 0.324219 0.742188 0.324219 0.740234 0.326172 0.734375 0.326172 0.732422 0.328125 0.730469 0.328125 0.728516 0.330078
0 0.666016 0.298828 0.656250 0.302734 0.652344 0.308594 0.648438 0.308594 0.652344 0.308594 0.654297 0.310547 0.654297 0.318359 0.658203 0.318359 0.660156 0.322266 0.658203 0.324219 0.654297 0.322266 0.652344 0.324219 0.644531 0.324219 0.646484 0.328125 0.644531 0.332031 0.648438 0.333984 0.648438 0.335938 0.644531 0.337891 0.646484 0.341797 0.648438 0.339844 0.656250 0.339844 0.662109 0.347656 0.660156 0.349609 0.660156 0.353516 0.662109 0.355469 0.664062 0.367188 0.660156 0.371094 0.656250 0.367188 0.656250 0.359375 0.650391 0.359375 0.650391 0.361328 0.654297 0.361328 0.656250 0.363281 0.656250 0.373047 0.652344 0.376953 0.662109 0.380859 0.664062 0.384766 0.662109 0.396484 0.666016 0.396484 0.667969 0.398438 0.667969 0.408203 0.673828 0.408203 0.675781 0.410156 0.673828 0.414062 0.662109 0.414062 0.660156 0.416016 0.656250 0.416016 0.656250 0.417969 0.662109 0.421875 0.662109 0.429688 0.660156 0.431641 0.658203 0.429688 0.660156 0.431641 0.658203 0.435547 0.658203 0.445312 0.660156 0.447266 0.687500 0.447266 0.689453 0.449219 0.691406 0.447266 0.695312 0.447266 0.693359 0.445312 0.695312 0.443359 0.691406 0.439453 0.695312 0.433594 0.695312 0.431641 0.691406 0.429688 0.693359 0.427734 0.693359 0.417969 0.695312 0.416016 0.695312 0.408203 0.693359 0.406250 0.695312 0.402344 0.687500 0.402344 0.685547 0.400391 0.691406 0.396484 0.697266 0.396484 0.695312 0.394531 0.697266 0.390625 0.695312 0.382812 0.697266 0.380859 0.697266 0.371094 0.699219 0.369141 0.697266 0.367188 0.699219 0.330078 0.693359 0.326172 0.695312 0.322266 0.693359 0.320312 0.695312 0.316406 0.687500 0.312500 0.687500 0.310547 0.691406 0.308594 0.691406 0.302734 0.689453 0.302734 0.687500 0.298828
0 0.707031 0.275391 0.707031 0.291016 0.710938 0.291016 0.712891 0.292969 0.710938 0.294922 0.708984 0.294922 0.726562 0.294922 0.728516 0.292969 0.734375 0.292969 0.736328 0.291016 0.746094 0.291016 0.748047 0.289062 0.750000 0.289062 0.751953 0.287109 0.753906 0.287109 0.757812 0.283203 0.757812 0.275391 0.753906 0.271484 0.753906 0.265625 0.742188 0.265625 0.740234 0.267578 0.734375 0.267578 0.732422 0.269531 0.722656 0.269531 0.720703 0.267578 0.722656 0.265625 0.722656 0.263672 0.718750 0.263672 0.716797 0.265625 0.718750 0.267578 0.720703 0.267578 0.722656 0.269531 0.720703 0.271484 0.716797 0.271484 0.714844 0.273438 0.708984 0.273438
0 0.679688 0.259766 0.677734 0.259766 0.675781 0.261719 0.664062 0.261719 0.664062 0.263672 0.660156 0.267578 0.660156 0.273438 0.662109 0.275391 0.667969 0.275391 0.669922 0.277344 0.669922 0.279297 0.666016 0.283203 0.664062 0.283203 0.666016 0.283203 0.669922 0.287109 0.667969 0.289062 0.666016 0.289062 0.664062 0.291016 0.652344 0.291016 0.652344 0.294922 0.650391 0.296875 0.654297 0.296875 0.656250 0.294922 0.666016 0.294922 0.667969 0.292969 0.673828 0.292969 0.675781 0.294922 0.677734 0.292969 0.687500 0.292969 0.687500 0.287109 0.685547 0.289062 0.683594 0.287109 0.681641 0.287109 0.679688 0.289062 0.677734 0.289062 0.675781 0.287109 0.671875 0.287109 0.669922 0.285156 0.669922 0.283203 0.671875 0.281250 0.681641 0.281250 0.683594 0.283203 0.687500 0.283203 0.687500 0.277344 0.685547 0.275391 0.685547 0.269531 0.679688 0.263672
0 0.998047 0.244141 0.996094 0.246094 0.996094 0.248047 0.992188 0.253906 0.992188 0.257812 0.988281 0.263672 0.988281 0.265625 0.990234 0.267578 0.992188 0.273438 0.984375 0.281250 0.984375 0.285156 0.980469 0.289062 0.978516 0.289062 0.978516 0.291016 0.974609 0.294922 0.966797 0.294922 0.962891 0.291016 0.957031 0.291016 0.953125 0.296875 0.953125 0.300781 0.960938 0.300781 0.962891 0.302734 0.964844 0.302734 0.968750 0.306641 0.968750 0.308594 0.974609 0.302734 0.978516 0.302734 0.980469 0.304688 0.980469 0.308594 0.978516 0.310547 0.976562 0.310547 0.976562 0.312500 0.982422 0.312500 0.988281 0.306641 0.990234 0.308594 0.990234 0.312500 0.988281 0.314453 0.988281 0.316406 0.984375 0.322266 0.984375 0.328125 0.986328 0.328125 0.990234 0.332031 0.990234 0.337891 0.992188 0.339844 0.992188 0.343750 0.996094 0.347656 0.998047 0.347656
0 0.644531 0.240234 0.646484 0.242188 0.646484 0.244141 0.650391 0.248047 0.650391 0.251953 0.660156 0.251953 0.664062 0.248047 0.669922 0.248047 0.671875 0.250000 0.677734 0.250000 0.683594 0.255859 0.685547 0.255859 0.689453 0.259766 0.689453 0.263672 0.691406 0.265625 0.691406 0.269531 0.693359 0.269531 0.697266 0.275391 0.695312 0.277344 0.695312 0.279297 0.697266 0.281250 0.697266 0.296875 0.699219 0.298828 0.699219 0.304688 0.703125 0.308594 0.703125 0.310547 0.705078 0.312500 0.705078 0.318359 0.708984 0.324219 0.708984 0.326172 0.707031 0.328125 0.708984 0.330078 0.708984 0.333984 0.707031 0.335938 0.707031 0.337891 0.708984 0.337891 0.710938 0.339844 0.710938 0.345703 0.708984 0.347656 0.707031 0.347656 0.707031 0.363281 0.710938 0.363281 0.712891 0.361328 0.712891 0.359375 0.710938 0.357422 0.710938 0.351562 0.708984 0.349609 0.708984 0.347656 0.710938 0.345703 0.710938 0.335938 0.712891 0.333984 0.710938 0.332031 0.710938 0.318359 0.708984 0.318359 0.707031 0.316406 0.707031 0.312500 0.701172 0.302734 0.701172 0.294922 0.699219 0.292969 0.699219 0.289062 0.697266 0.287109 0.697266 0.273438 0.695312 0.271484 0.695312 0.265625 0.693359 0.263672 0.691406 0.263672 0.689453 0.261719 0.689453 0.259766 0.683594 0.253906 0.679688 0.244141 0.675781 0.244141 0.673828 0.242188 0.669922 0.242188 0.667969 0.244141 0.662109 0.244141 0.660156 0.246094 0.650391 0.246094
0 0.578125 0.244141 0.576172 0.244141 0.574219 0.242188 0.570312 0.242188 0.568359 0.240234 0.568359 0.242188 0.570312 0.244141 0.570312 0.248047 0.568359 0.250000 0.566406 0.248047 0.564453 0.250000 0.556641 0.250000 0.554688 0.248047 0.556641 0.246094 0.558594 0.246094 0.560547 0.244141 0.560547 0.242188 0.558594 0.244141 0.556641 0.244141 0.548828 0.253906 0.546875 0.251953 0.544922 0.251953 0.531250 0.263672 0.529297 0.261719 0.529297 0.257812 0.531250 0.255859 0.529297 0.255859 0.525391 0.259766 0.527344 0.259766 0.529297 0.261719 0.529297 0.263672 0.527344 0.265625 0.529297 0.267578 0.527344 0.269531 0.517578 0.273438 0.513672 0.277344 0.513672 0.279297 0.515625 0.279297 0.517578 0.281250 0.517578 0.283203 0.515625 0.285156 0.513672 0.285156 0.511719 0.283203 0.509766 0.285156 0.511719 0.285156 0.513672 0.287109 0.519531 0.287109 0.521484 0.289062 0.509766 0.296875 0.507812 0.296875 0.505859 0.294922 0.503906 0.296875 0.507812 0.306641 0.509766 0.306641 0.515625 0.300781 0.521484 0.304688 0.521484 0.306641 0.519531 0.308594 0.515625 0.308594 0.515625 0.310547 0.517578 0.312500 0.517578 0.316406 0.519531 0.318359 0.525391 0.316406 0.527344 0.314453 0.527344 0.312500 0.529297 0.310547 0.531250 0.310547 0.531250 0.308594 0.535156 0.304688 0.537109 0.304688 0.539062 0.302734 0.542969 0.302734 0.546875 0.298828 0.548828 0.298828 0.548828 0.296875 0.552734 0.292969 0.552734 0.285156 0.556641 0.281250 0.562500 0.279297 0.564453 0.281250 0.564453 0.283203 0.566406 0.283203 0.568359 0.277344 0.572266 0.273438 0.570312 0.273438 0.566406 0.277344 0.564453 0.275391 0.564453 0.269531 0.562500 0.267578 0.560547 0.269531 0.556641 0.269531 0.554688 0.267578 0.556641 0.265625 0.558594 0.265625 0.558594 0.259766 0.566406 0.251953 0.568359 0.251953 0.572266 0.248047 0.578125 0.248047 0.580078 0.246094
0 0.152344 0.218750 0.150391 0.218750 0.148438 0.214844 0.138672 0.207031 0.132812 0.207031 0.126953 0.203125 0.126953 0.205078 0.128906 0.205078 0.132812 0.208984 0.130859 0.210938 0.125000 0.210938 0.123047 0.212891 0.117188 0.212891 0.115234 0.210938 0.117188 0.208984 0.121094 0.208984 0.121094 0.207031 0.117188 0.207031 0.115234 0.205078 0.113281 0.205078 0.109375 0.208984 0.107422 0.207031 0.089844 0.207031 0.087891 0.208984 0.082031 0.207031 0.082031 0.210938 0.087891 0.210938 0.091797 0.214844 0.087891 0.218750 0.074219 0.218750 0.072266 0.216797 0.070312 0.218750 0.072266 0.220703 0.070312 0.224609 0.082031 0.230469 0.080078 0.232422 0.076172 0.232422 0.066406 0.242188 0.064453 0.242188 0.064453 0.246094 0.062500 0.248047 0.058594 0.248047 0.056641 0.246094 0.050781 0.246094 0.048828 0.248047 0.048828 0.257812 0.060547 0.257812 0.062500 0.255859 0.064453 0.257812 0.064453 0.267578 0.062500 0.269531 0.060547 0.267578 0.060547 0.271484 0.064453 0.271484 0.066406 0.273438 0.083984 0.273438 0.085938 0.275391 0.087891 0.273438 0.089844 0.275391 0.093750 0.275391 0.101562 0.279297 0.101562 0.275391 0.099609 0.277344 0.097656 0.275391 0.097656 0.269531 0.099609 0.265625 0.103516 0.263672 0.105469 0.259766 0.107422 0.259766 0.105469 0.257812 0.107422 0.255859 0.101562 0.250000 0.101562 0.248047 0.107422 0.242188 0.107422 0.240234 0.099609 0.236328 0.101562 0.234375 0.101562 0.230469 0.095703 0.226562 0.103516 0.222656 0.113281 0.222656 0.115234 0.220703 0.119141 0.220703 0.126953 0.224609 0.132812 0.224609 0.136719 0.222656 0.136719 0.220703 0.140625 0.216797 0.142578 0.218750
0 0.515625 0.199219 0.503906 0.199219 0.501953 0.197266 0.500000 0.197266 0.500000 0.199219 0.498047 0.201172 0.496094 0.201172 0.492188 0.205078 0.490234 0.205078 0.484375 0.210938 0.480469 0.210938 0.478516 0.212891 0.470703 0.212891 0.468750 0.214844 0.464844 0.214844 0.458984 0.210938 0.460938 0.208984 0.462891 0.208984 0.468750 0.203125 0.468750 0.199219 0.462891 0.201172 0.455078 0.208984 0.451172 0.208984 0.449219 0.210938 0.443359 0.212891 0.441406 0.214844 0.439453 0.220703 0.437500 0.222656 0.435547 0.222656 0.435547 0.224609 0.433594 0.226562 0.431641 0.226562 0.427734 0.230469 0.423828 0.230469 0.419922 0.234375 0.419922 0.240234 0.421875 0.242188 0.419922 0.244141 0.414062 0.244141 0.412109 0.242188 0.410156 0.242188 0.406250 0.253906 0.404297 0.255859 0.402344 0.255859 0.402344 0.257812 0.400391 0.259766 0.402344 0.261719 0.408203 0.263672 0.412109 0.267578 0.414062 0.267578 0.416016 0.269531 0.416016 0.271484 0.421875 0.263672 0.423828 0.263672 0.425781 0.261719 0.429688 0.261719 0.431641 0.259766 0.433594 0.261719 0.433594 0.263672 0.429688 0.267578 0.429688 0.269531 0.433594 0.273438 0.439453 0.273438 0.439453 0.271484 0.441406 0.269531 0.443359 0.269531 0.445312 0.267578 0.449219 0.267578 0.453125 0.263672 0.451172 0.261719 0.453125 0.259766 0.453125 0.257812 0.455078 0.255859 0.457031 0.255859 0.460938 0.250000 0.462891 0.250000 0.468750 0.244141 0.474609 0.244141 0.478516 0.238281 0.482422 0.238281 0.482422 0.230469 0.488281 0.226562 0.490234 0.228516 0.492188 0.226562 0.490234 0.224609 0.490234 0.222656 0.498047 0.214844 0.501953 0.214844 0.501953 0.212891 0.503906 0.210938 0.505859 0.210938 0.515625 0.201172
0 0.988281 0.166016 0.986328 0.167969 0.986328 0.169922 0.982422 0.173828 0.980469 0.173828 0.980469 0.175781 0.978516 0.177734 0.978516 0.179688 0.974609 0.183594 0.970703 0.183594 0.964844 0.189453 0.964844 0.193359 0.966797 0.193359 0.966797 0.191406 0.968750 0.189453 0.974609 0.189453 0.974609 0.187500 0.980469 0.181641 0.982422 0.181641 0.984375 0.179688 0.986328 0.179688 0.988281 0.181641 0.986328 0.183594 0.986328 0.187500 0.984375 0.189453 0.984375 0.191406 0.982422 0.193359 0.980469 0.193359 0.980469 0.195312 0.976562 0.199219 0.976562 0.201172 0.982422 0.201172 0.988281 0.207031 0.988281 0.208984 0.990234 0.210938 0.990234 0.212891 0.988281 0.214844 0.988281 0.216797 0.986328 0.218750 0.986328 0.224609 0.984375 0.226562 0.984375 0.228516 0.986328 0.226562 0.986328 0.224609 0.988281 0.222656 0.988281 0.220703 0.990234 0.218750 0.990234 0.216797 0.992188 0.214844 0.994141 0.216797 0.996094 0.216797 0.998047 0.218750 0.998047 0.203125 0.996094 0.201172 0.996094 0.199219 0.988281 0.199219 0.984375 0.195312 0.986328 0.193359 0.986328 0.191406 0.990234 0.187500 0.992188 0.187500 0.994141 0.189453 0.998047 0.189453 0.998047 0.175781 0.996094 0.173828 0.996094 0.171875 0.992188 0.171875 0.990234 0.169922 0.990234 0.167969
0 0.029297 0.162109 0.029297 0.166016 0.033203 0.162109 0.037109 0.166016 0.035156 0.167969 0.033203 0.167969 0.033203 0.169922 0.031250 0.171875 0.033203 0.173828 0.035156 0.171875 0.037109 0.173828 0.039062 0.171875 0.042969 0.171875 0.044922 0.173828 0.044922 0.175781 0.042969 0.177734 0.041016 0.177734 0.039062 0.179688 0.039062 0.181641 0.039062 0.179688 0.041016 0.177734 0.042969 0.177734 0.044922 0.175781 0.046875 0.175781 0.048828 0.177734 0.050781 0.177734 0.052734 0.175781 0.056641 0.179688 0.056641 0.181641 0.058594 0.181641 0.060547 0.179688 0.062500 0.179688 0.060547 0.179688 0.058594 0.177734 0.060547 0.175781 0.068359 0.175781 0.064453 0.171875 0.064453 0.169922 0.064453 0.171875 0.062500 0.173828 0.060547 0.171875 0.060547 0.169922 0.058594 0.167969 0.058594 0.166016 0.054688 0.162109 0.054688 0.160156 0.052734 0.162109 0.050781 0.160156 0.031250 0.160156
0 0.093750 0.144531 0.093750 0.156250 0.095703 0.156250 0.095703 0.150391 0.097656 0.148438 0.103516 0.148438 0.105469 0.150391 0.109375 0.150391 0.115234 0.154297 0.111328 0.158203 0.111328 0.160156 0.113281 0.160156 0.117188 0.164062 0.117188 0.166016 0.115234 0.167969 0.111328 0.164062 0.109375 0.164062 0.107422 0.166016 0.107422 0.177734 0.109375 0.179688 0.115234 0.179688 0.117188 0.181641 0.115234 0.183594 0.111328 0.183594 0.111328 0.185547 0.113281 0.187500 0.113281 0.185547 0.117188 0.181641 0.119141 0.181641 0.121094 0.179688 0.121094 0.171875 0.119141 0.169922 0.119141 0.167969 0.121094 0.166016 0.134766 0.166016 0.136719 0.167969 0.140625 0.167969 0.142578 0.166016 0.148438 0.171875 0.150391 0.171875 0.150391 0.169922 0.152344 0.167969 0.160156 0.167969 0.162109 0.169922 0.162109 0.171875 0.167969 0.175781 0.167969 0.179688 0.171875 0.185547 0.177734 0.185547 0.181641 0.181641 0.185547 0.181641 0.189453 0.177734 0.183594 0.173828 0.181641 0.175781 0.177734 0.171875 0.173828 0.171875 0.171875 0.169922 0.169922 0.169922 0.166016 0.166016 0.162109 0.166016 0.160156 0.164062 0.156250 0.164062 0.154297 0.162109 0.150391 0.162109 0.148438 0.160156 0.142578 0.160156 0.140625 0.158203 0.134766 0.158203 0.132812 0.156250 0.128906 0.156250 0.123047 0.152344 0.123047 0.148438 0.119141 0.148438 0.117188 0.146484 0.113281 0.146484 0.111328 0.144531 0.109375 0.146484 0.105469 0.146484 0.103516 0.144531 0.097656 0.144531 0.095703 0.146484
0 0.115234 0.136719 0.121094 0.136719 0.123047 0.138672 0.123047 0.140625 0.125000 0.142578 0.128906 0.142578 0.130859 0.144531 0.126953 0.148438 0.128906 0.148438 0.130859 0.146484 0.132812 0.146484 0.136719 0.142578 0.142578 0.142578 0.144531 0.144531 0.152344 0.144531 0.152344 0.142578 0.150391 0.140625 0.148438 0.140625 0.146484 0.138672 0.148438 0.136719 0.150391 0.136719 0.152344 0.134766 0.154297 0.134766 0.156250 0.136719 0.160156 0.136719 0.162109 0.138672 0.181641 0.138672 0.183594 0.140625 0.185547 0.140625 0.185547 0.138672 0.187500 0.136719 0.187500 0.134766 0.181641 0.134766 0.179688 0.132812 0.173828 0.132812 0.169922 0.128906 0.167969 0.128906 0.166016 0.130859 0.160156 0.130859 0.158203 0.132812 0.156250 0.132812 0.154297 0.134766 0.152344 0.134766 0.150391 0.132812 0.150391 0.126953 0.138672 0.126953 0.136719 0.128906 0.134766 0.128906 0.136719 0.128906 0.138672 0.130859 0.138672 0.138672 0.134766 0.142578 0.132812 0.142578 0.130859 0.140625 0.126953 0.140625 0.125000 0.138672 0.123047 0.138672 0.121094 0.136719
0 0.720703 0.119141 0.718750 0.117188 0.716797 0.117188 0.714844 0.115234 0.712891 0.115234 0.710938 0.113281 0.712891 0.111328 0.714844 0.111328 0.716797 0.109375 0.714844 0.107422 0.714844 0.105469 0.708984 0.105469 0.707031 0.103516 0.701172 0.103516 0.699219 0.105469 0.699219 0.113281 0.697266 0.115234 0.693359 0.115234 0.691406 0.113281 0.687500 0.113281 0.685547 0.115234 0.683594 0.113281 0.683594 0.109375 0.675781 0.109375 0.675781 0.121094 0.679688 0.121094 0.681641 0.119141 0.685547 0.119141 0.687500 0.121094 0.699219 0.121094 0.701172 0.123047 0.703125 0.123047 0.705078 0.125000 0.701172 0.128906 0.699219 0.128906 0.701172 0.130859 0.708984 0.130859 0.708984 0.128906 0.707031 0.128906 0.705078 0.126953 0.710938 0.121094 0.718750 0.121094
0 0.648438 0.091797 0.648438 0.095703 0.646484 0.097656 0.646484 0.101562 0.644531 0.103516 0.644531 0.105469 0.646484 0.107422 0.650391 0.107422 0.652344 0.109375 0.650391 0.111328 0.652344 0.113281 0.652344 0.115234 0.650391 0.117188 0.648438 0.117188 0.646484 0.115234 0.644531 0.117188 0.642578 0.117188 0.642578 0.121094 0.646484 0.125000 0.646484 0.126953 0.654297 0.134766 0.654297 0.136719 0.650391 0.140625 0.650391 0.146484 0.658203 0.146484 0.660156 0.144531 0.669922 0.144531 0.671875 0.146484 0.677734 0.146484 0.677734 0.142578 0.679688 0.140625 0.677734 0.138672 0.679688 0.136719 0.679688 0.134766 0.681641 0.132812 0.679688 0.130859 0.679688 0.128906 0.671875 0.128906 0.671875 0.130859 0.669922 0.132812 0.667969 0.132812 0.666016 0.130859 0.660156 0.130859 0.658203 0.128906 0.658203 0.123047 0.660156 0.121094 0.658203 0.119141 0.664062 0.113281 0.662109 0.111328 0.662109 0.109375 0.660156 0.111328 0.658203 0.109375 0.658203 0.099609 0.650391 0.099609 0.648438 0.097656
0 0.048828 0.083984 0.048828 0.085938 0.052734 0.089844 0.052734 0.091797 0.054688 0.093750 0.054688 0.095703 0.056641 0.097656 0.058594 0.097656 0.060547 0.099609 0.064453 0.099609 0.066406 0.101562 0.066406 0.103516 0.068359 0.105469 0.068359 0.109375 0.072266 0.109375 0.074219 0.111328 0.078125 0.111328 0.080078 0.113281 0.085938 0.113281 0.085938 0.111328 0.087891 0.109375 0.087891 0.105469 0.089844 0.103516 0.097656 0.103516 0.099609 0.101562 0.101562 0.101562 0.103516 0.099609 0.107422 0.099609 0.109375 0.097656 0.109375 0.095703 0.105469 0.095703 0.103516 0.093750 0.097656 0.093750 0.095703 0.091797 0.091797 0.091797 0.087891 0.095703 0.085938 0.093750 0.082031 0.093750 0.080078 0.095703 0.074219 0.095703 0.072266 0.097656 0.070312 0.097656 0.068359 0.095703 0.068359 0.093750 0.066406 0.091797 0.066406 0.085938 0.068359 0.083984 0.070312 0.083984 0.070312 0.076172 0.072266 0.074219 0.072266 0.072266 0.070312 0.074219 0.070312 0.078125 0.064453 0.083984 0.062500 0.083984 0.060547 0.082031 0.060547 0.080078 0.062500 0.078125 0.064453 0.078125 0.064453 0.076172 0.062500 0.076172 0.060547 0.078125 0.060547 0.080078 0.058594 0.082031 0.052734 0.082031 0.050781 0.080078 0.050781 0.078125 0.050781 0.082031
0 0.166016 0.062500 0.166016 0.064453 0.167969 0.066406 0.166016 0.068359 0.167969 0.070312 0.166016 0.072266 0.166016 0.074219 0.164062 0.076172 0.164062 0.087891 0.166016 0.087891 0.167969 0.089844 0.167969 0.101562 0.169922 0.103516 0.169922 0.101562 0.173828 0.097656 0.175781 0.099609 0.175781 0.101562 0.173828 0.103516 0.175781 0.105469 0.175781 0.109375 0.201172 0.109375 0.201172 0.101562 0.199219 0.099609 0.197266 0.099609 0.195312 0.097656 0.195312 0.095703 0.191406 0.091797 0.191406 0.085938 0.193359 0.083984 0.193359 0.078125 0.177734 0.078125 0.175781 0.080078 0.171875 0.076172 0.169922 0.076172 0.167969 0.074219 0.167969 0.072266 0.169922 0.070312 0.167969 0.068359 0.167969 0.062500
0 0.580078 0.023438 0.580078 0.029297 0.582031 0.027344 0.583984 0.027344 0.585938 0.029297 0.585938 0.031250 0.583984 0.033203 0.576172 0.033203 0.574219 0.035156 0.574219 0.039062 0.578125 0.035156 0.582031 0.039062 0.582031 0.042969 0.580078 0.044922 0.580078 0.046875 0.582031 0.044922 0.583984 0.044922 0.585938 0.042969 0.587891 0.042969 0.589844 0.044922 0.589844 0.048828 0.597656 0.056641 0.597656 0.060547 0.599609 0.058594 0.601562 0.058594 0.603516 0.056641 0.607422 0.060547 0.609375 0.060547 0.613281 0.064453 0.617188 0.064453 0.619141 0.066406 0.619141 0.068359 0.613281 0.074219 0.613281 0.076172 0.617188 0.076172 0.619141 0.074219 0.621094 0.074219 0.628906 0.066406 0.628906 0.064453 0.630859 0.062500 0.636719 0.062500 0.638672 0.064453 0.636719 0.066406 0.640625 0.066406 0.642578 0.068359 0.640625 0.066406 0.640625 0.062500 0.638672 0.062500 0.636719 0.060547 0.636719 0.056641 0.634766 0.056641 0.626953 0.048828 0.619141 0.048828 0.617188 0.046875 0.615234 0.046875 0.613281 0.044922 0.613281 0.042969 0.611328 0.041016 0.607422 0.041016 0.605469 0.042969 0.603516 0.042969 0.601562 0.041016 0.603516 0.039062 0.603516 0.037109 0.607422 0.033203 0.603516 0.029297 0.601562 0.029297 0.599609 0.027344 0.597656 0.027344 0.595703 0.025391 0.591797 0.029297 0.589844 0.027344 0.582031 0.027344 0.580078 0.025391
0 0.873047 0.021484 0.871094 0.023438 0.863281 0.023438 0.861328 0.021484 0.859375 0.021484 0.857422 0.023438 0.855469 0.023438 0.855469 0.025391 0.851562 0.031250 0.845703 0.031250 0.841797 0.025391 0.835938 0.025391 0.826172 0.033203 0.822266 0.029297 0.822266 0.031250 0.820312 0.033203 0.818359 0.033203 0.812500 0.039062 0.806641 0.041016 0.806641 0.046875 0.808594 0.048828 0.808594 0.056641 0.806641 0.058594 0.806641 0.060547 0.802734 0.064453 0.800781 0.062500 0.798828 0.062500 0.796875 0.064453 0.791016 0.064453 0.785156 0.070312 0.785156 0.074219 0.791016 0.080078 0.796875 0.080078 0.798828 0.082031 0.800781 0.082031 0.802734 0.080078 0.804688 0.082031 0.804688 0.072266 0.802734 0.070312 0.802734 0.066406 0.804688 0.064453 0.808594 0.068359 0.820312 0.068359 0.820312 0.062500 0.822266 0.060547 0.832031 0.060547 0.837891 0.056641 0.839844 0.056641 0.841797 0.058594 0.841797 0.066406 0.843750 0.068359 0.847656 0.068359 0.847656 0.066406 0.849609 0.064453 0.861328 0.064453 0.861328 0.062500 0.863281 0.060547 0.863281 0.052734 0.861328 0.050781 0.861328 0.044922 0.859375 0.042969 0.859375 0.033203 0.863281 0.029297 0.865234 0.031250 0.867188 0.031250 0.867188 0.029297 0.873047 0.025391
0 0.355469 0.021484 0.355469 0.031250 0.353516 0.033203 0.345703 0.033203 0.343750 0.031250 0.343750 0.029297 0.343750 0.033203 0.341797 0.035156 0.339844 0.035156 0.337891 0.033203 0.339844 0.031250 0.339844 0.027344 0.337891 0.025391 0.335938 0.025391 0.333984 0.027344 0.324219 0.027344 0.324219 0.029297 0.322266 0.031250 0.322266 0.033203 0.324219 0.035156 0.326172 0.035156 0.328125 0.037109 0.328125 0.039062 0.326172 0.041016 0.324219 0.039062 0.322266 0.039062 0.320312 0.037109 0.320312 0.041016 0.322266 0.042969 0.322266 0.044922 0.324219 0.046875 0.324219 0.056641 0.328125 0.060547 0.328125 0.062500 0.332031 0.066406 0.333984 0.066406 0.335938 0.064453 0.333984 0.066406 0.332031 0.066406 0.330078 0.064453 0.330078 0.062500 0.332031 0.060547 0.335938 0.060547 0.335938 0.056641 0.333984 0.056641 0.332031 0.058594 0.330078 0.056641 0.330078 0.054688 0.328125 0.052734 0.330078 0.050781 0.335938 0.050781 0.337891 0.048828 0.343750 0.048828 0.351562 0.041016 0.353516 0.041016 0.351562 0.041016 0.349609 0.039062 0.349609 0.037109 0.351562 0.035156 0.353516 0.035156 0.355469 0.033203 0.357422 0.033203 0.357422 0.029297 0.355469 0.027344
0 0.673828 0.035156 0.679688 0.035156 0.679688 0.033203 0.681641 0.031250 0.687500 0.037109 0.689453 0.037109 0.693359 0.033203 0.703125 0.033203 0.705078 0.035156 0.705078 0.031250 0.707031 0.029297 0.724609 0.029297 0.722656 0.027344 0.724609 0.025391 0.728516 0.025391 0.730469 0.023438 0.732422 0.025391 0.732422 0.023438 0.728516 0.023438 0.726562 0.021484 0.728516 0.019531 0.732422 0.019531 0.734375 0.017578 0.738281 0.017578 0.740234 0.015625 0.740234 0.013672 0.742188 0.011719 0.744141 0.013672 0.746094 0.013672 0.751953 0.007812 0.751953 0.005859 0.750000 0.003906 0.751953 0.001953 0.751953 0.000000 0.693359 0.000000 0.689453 0.003906 0.689453 0.007812 0.685547 0.011719 0.683594 0.011719 0.683594 0.013672 0.681641 0.015625 0.681641 0.019531 0.679688 0.021484 0.677734 0.021484 0.677734 0.027344 0.675781 0.029297 0.675781 0.031250 0.673828 0.033203
0 0.642578 0.017578 0.644531 0.017578 0.646484 0.015625 0.650391 0.015625 0.652344 0.017578 0.654297 0.017578 0.656250 0.019531 0.656250 0.021484 0.654297 0.023438 0.654297 0.029297 0.658203 0.025391 0.662109 0.025391 0.664062 0.027344 0.664062 0.025391 0.671875 0.017578 0.673828 0.017578 0.673828 0.013672 0.677734 0.009766 0.679688 0.009766 0.679688 0.007812 0.683594 0.003906 0.683594 0.000000 0.675781 0.000000 0.673828 0.001953 0.667969 0.001953 0.667969 0.005859 0.664062 0.009766 0.656250 0.009766 0.652344 0.005859 0.650391 0.005859 0.648438 0.003906 0.648438 0.001953 0.650391 0.000000 0.644531 0.000000 0.646484 0.001953 0.646484 0.007812 0.644531 0.009766 0.644531 0.013672 0.642578 0.015625
0 0.000000 0.000000 0.000000 0.033203 0.003906 0.037109 0.009766 0.035156 0.013672 0.029297 0.015625 0.037109 0.029297 0.035156 0.033203 0.039062 0.037109 0.029297 0.035156 0.025391 0.037109 0.019531 0.044922 0.027344 0.044922 0.031250 0.048828 0.033203 0.048828 0.046875 0.042969 0.050781 0.037109 0.048828 0.037109 0.052734 0.042969 0.058594 0.041016 0.054688 0.048828 0.048828 0.052734 0.050781 0.054688 0.048828 0.056641 0.056641 0.060547 0.052734 0.060547 0.048828 0.072266 0.039062 0.070312 0.037109 0.058594 0.039062 0.056641 0.037109 0.058594 0.029297 0.066406 0.027344 0.072266 0.031250 0.078125 0.031250 0.080078 0.039062 0.082031 0.039062 0.080078 0.035156 0.082031 0.031250 0.083984 0.033203 0.091797 0.031250 0.093750 0.027344 0.097656 0.027344 0.101562 0.023438 0.109375 0.027344 0.101562 0.033203 0.111328 0.039062 0.099609 0.048828 0.105469 0.050781 0.107422 0.058594 0.115234 0.050781 0.126953 0.052734 0.125000 0.056641 0.121094 0.056641 0.113281 0.062500 0.115234 0.060547 0.121094 0.064453 0.117188 0.070312 0.109375 0.068359 0.111328 0.078125 0.107422 0.085938 0.111328 0.089844 0.113281 0.082031 0.123047 0.074219 0.123047 0.070312 0.126953 0.066406 0.132812 0.064453 0.136719 0.052734 0.144531 0.050781 0.148438 0.042969 0.146484 0.044922 0.138672 0.042969 0.130859 0.044922 0.128906 0.041016 0.128906 0.044922 0.123047 0.050781 0.117188 0.048828 0.117188 0.041016 0.115234 0.042969 0.113281 0.041016 0.113281 0.031250 0.123047 0.025391 0.113281 0.023438 0.109375 0.019531 0.111328 0.017578 0.123047 0.019531 0.123047 0.013672 0.119141 0.007812 0.125000 0.005859 0.125000 0.000000 0.111328 0.000000 0.109375 0.003906 0.107422 0.000000 0.105469 0.007812 0.097656 0.007812 0.095703 0.003906 0.089844 0.001953 0.085938 0.007812 0.082031 0.007812 0.080078 0.005859 0.082031 0.003906 0.078125 0.003906 0.074219 0.000000 0.052734 0.000000 0.050781 0.001953 0.046875 0.000000
