0 0.646484 0.935547 0.642578 0.939453 0.640625 0.939453 0.638672 0.941406 0.634766 0.941406 0.634766 0.943359 0.638672 0.947266 0.638672 0.953125 0.640625 0.955078 0.640625 0.958984 0.638672 0.960938 0.638672 0.962891 0.644531 0.962891 0.646484 0.964844 0.646484 0.966797 0.644531 0.968750 0.642578 0.968750 0.646484 0.968750 0.648438 0.970703 0.648438 0.972656 0.650391 0.970703 0.654297 0.974609 0.654297 0.976562 0.656250 0.978516 0.656250 0.980469 0.658203 0.982422 0.660156 0.980469 0.664062 0.980469 0.664062 0.974609 0.662109 0.972656 0.662109 0.964844 0.660156 0.964844 0.658203 0.962891 0.656250 0.962891 0.652344 0.958984 0.650391 0.960938 0.646484 0.960938 0.644531 0.958984 0.646484 0.957031 0.646484 0.955078 0.648438 0.953125 0.650391 0.955078 0.648438 0.953125 0.648438 0.947266 0.650391 0.945312 0.650391 0.941406 0.652344 0.939453 0.650391 0.937500 0.650391 0.935547
0 0.310547 0.982422 0.326172 0.982422 0.328125 0.984375 0.328125 0.994141 0.326172 0.996094 0.324219 0.996094 0.324219 0.998047 0.326172 0.996094 0.332031 0.996094 0.333984 0.994141 0.337891 0.994141 0.337891 0.990234 0.341797 0.986328 0.345703 0.986328 0.347656 0.984375 0.349609 0.984375 0.349609 0.976562 0.345703 0.976562 0.343750 0.974609 0.343750 0.964844 0.345703 0.962891 0.347656 0.962891 0.349609 0.964844 0.347656 0.966797 0.349609 0.966797 0.349609 0.964844 0.351562 0.962891 0.353516 0.962891 0.355469 0.964844 0.355469 0.966797 0.357422 0.966797 0.359375 0.964844 0.373047 0.964844 0.376953 0.968750 0.376953 0.970703 0.378906 0.968750 0.380859 0.968750 0.382812 0.970703 0.392578 0.970703 0.394531 0.972656 0.388672 0.968750 0.388672 0.964844 0.386719 0.962891 0.386719 0.960938 0.390625 0.957031 0.388672 0.955078 0.388672 0.953125 0.386719 0.955078 0.384766 0.953125 0.382812 0.953125 0.380859 0.955078 0.380859 0.958984 0.378906 0.960938 0.365234 0.960938 0.361328 0.964844 0.359375 0.964844 0.357422 0.962891 0.357422 0.960938 0.359375 0.958984 0.361328 0.958984 0.361328 0.955078 0.355469 0.957031 0.351562 0.953125 0.351562 0.949219 0.345703 0.949219 0.343750 0.947266 0.343750 0.945312 0.345703 0.943359 0.347656 0.943359 0.347656 0.941406 0.341797 0.943359 0.339844 0.941406 0.339844 0.937500 0.337891 0.937500 0.335938 0.935547 0.335938 0.937500 0.333984 0.939453 0.332031 0.937500 0.330078 0.937500 0.328125 0.939453 0.328125 0.943359 0.330078 0.943359 0.332031 0.945312 0.332031 0.949219 0.333984 0.951172 0.332031 0.953125 0.328125 0.953125 0.328125 0.955078 0.326172 0.957031 0.328125 0.958984 0.326172 0.960938 0.324219 0.960938 0.324219 0.962891 0.326172 0.962891 0.328125 0.964844 0.328125 0.966797 0.332031 0.966797 0.333984 0.968750 0.332031 0.970703 0.328125 0.970703 0.332031 0.970703 0.333984 0.972656 0.333984 0.974609 0.332031 0.976562 0.328125 0.976562 0.328125 0.978516 0.326172 0.980469 0.324219 0.978516 0.322266 0.972656 0.316406 0.972656 0.316406 0.974609 0.314453 0.976562 0.310547 0.976562
0 0.505859 0.964844 0.505859 0.960938 0.503906 0.960938 0.501953 0.958984 0.501953 0.955078 0.498047 0.958984 0.498047 0.960938 0.492188 0.964844 0.490234 0.962891 0.490234 0.957031 0.486328 0.957031 0.486328 0.958984 0.484375 0.960938 0.472656 0.960938 0.470703 0.958984 0.470703 0.953125 0.472656 0.951172 0.476562 0.951172 0.476562 0.949219 0.478516 0.947266 0.480469 0.947266 0.480469 0.945312 0.482422 0.943359 0.484375 0.945312 0.486328 0.943359 0.488281 0.943359 0.486328 0.943359 0.484375 0.941406 0.482422 0.935547 0.480469 0.935547 0.478516 0.933594 0.478516 0.935547 0.476562 0.937500 0.468750 0.937500 0.462891 0.941406 0.457031 0.941406 0.455078 0.943359 0.453125 0.943359 0.451172 0.941406 0.451172 0.943359 0.449219 0.945312 0.447266 0.945312 0.447266 0.947266 0.445312 0.949219 0.443359 0.949219 0.441406 0.947266 0.439453 0.949219 0.437500 0.949219 0.435547 0.947266 0.435547 0.945312 0.433594 0.945312 0.431641 0.943359 0.425781 0.943359 0.423828 0.945312 0.423828 0.949219 0.421875 0.951172 0.416016 0.953125 0.416016 0.955078 0.417969 0.953125 0.419922 0.955078 0.431641 0.955078 0.433594 0.957031 0.439453 0.953125 0.443359 0.953125 0.445312 0.951172 0.451172 0.951172 0.455078 0.947266 0.458984 0.947266 0.466797 0.941406 0.468750 0.943359 0.468750 0.947266 0.466797 0.949219 0.464844 0.949219 0.464844 0.958984 0.462891 0.960938 0.460938 0.960938 0.458984 0.962891 0.455078 0.962891 0.453125 0.960938 0.453125 0.958984 0.457031 0.955078 0.458984 0.955078 0.453125 0.955078 0.451172 0.957031 0.449219 0.957031 0.443359 0.962891 0.439453 0.962891 0.439453 0.966797 0.437500 0.968750 0.433594 0.968750 0.431641 0.970703 0.429688 0.970703 0.429688 0.972656 0.437500 0.972656 0.439453 0.974609 0.445312 0.974609 0.445312 0.970703 0.453125 0.964844 0.457031 0.970703 0.462891 0.970703 0.462891 0.968750 0.464844 0.966797 0.496094 0.966797 0.498047 0.968750 0.500000 0.966797 0.501953 0.968750 0.503906 0.968750 0.503906 0.966797
0 0.664062 0.937500 0.666016 0.939453 0.666016 0.943359 0.671875 0.947266 0.671875 0.943359 0.673828 0.941406 0.681641 0.941406 0.683594 0.943359 0.683594 0.953125 0.681641 0.955078 0.673828 0.955078 0.671875 0.953125 0.671875 0.951172 0.671875 0.953125 0.673828 0.955078 0.673828 0.958984 0.685547 0.958984 0.687500 0.960938 0.687500 0.968750 0.689453 0.970703 0.693359 0.970703 0.695312 0.968750 0.695312 0.962891 0.693359 0.960938 0.693359 0.957031 0.691406 0.955078 0.691406 0.947266 0.693359 0.945312 0.695312 0.947266 0.697266 0.945312 0.701172 0.945312 0.705078 0.951172 0.705078 0.953125 0.703125 0.955078 0.705078 0.957031 0.705078 0.960938 0.708984 0.960938 0.708984 0.955078 0.707031 0.953125 0.710938 0.949219 0.712891 0.949219 0.714844 0.951172 0.714844 0.953125 0.716797 0.953125 0.724609 0.947266 0.726562 0.947266 0.726562 0.945312 0.728516 0.943359 0.730469 0.943359 0.732422 0.945312 0.736328 0.945312 0.738281 0.943359 0.740234 0.943359 0.740234 0.933594 0.738281 0.931641 0.738281 0.923828 0.742188 0.919922 0.742188 0.917969 0.732422 0.916016 0.730469 0.914062 0.730469 0.912109 0.728516 0.914062 0.722656 0.912109 0.722656 0.914062 0.718750 0.917969 0.716797 0.916016 0.712891 0.916016 0.710938 0.914062 0.712891 0.912109 0.714844 0.912109 0.712891 0.912109 0.710938 0.910156 0.710938 0.904297 0.691406 0.904297 0.689453 0.906250 0.687500 0.906250 0.685547 0.904297 0.681641 0.904297 0.677734 0.908203 0.675781 0.908203 0.675781 0.910156 0.677734 0.910156 0.679688 0.912109 0.677734 0.914062 0.675781 0.914062 0.677734 0.916016 0.677734 0.919922 0.679688 0.919922 0.681641 0.917969 0.683594 0.919922 0.683594 0.921875 0.685547 0.923828 0.685547 0.925781 0.683594 0.927734 0.683594 0.931641 0.685547 0.933594 0.683594 0.935547 0.677734 0.937500 0.675781 0.935547 0.675781 0.927734 0.666016 0.927734 0.666016 0.935547
0 0.070312 0.867188 0.066406 0.867188 0.062500 0.863281 0.060547 0.863281 0.058594 0.861328 0.056641 0.861328 0.054688 0.859375 0.052734 0.861328 0.050781 0.859375 0.044922 0.859375 0.042969 0.861328 0.041016 0.861328 0.037109 0.857422 0.033203 0.857422 0.033203 0.859375 0.031250 0.861328 0.005859 0.861328 0.003906 0.863281 0.000000 0.863281 0.000000 0.878906 0.015625 0.878906 0.017578 0.876953 0.019531 0.878906 0.021484 0.878906 0.021484 0.876953 0.023438 0.875000 0.037109 0.875000 0.039062 0.873047 0.056641 0.873047 0.058594 0.871094 0.064453 0.871094 0.064453 0.869141 0.066406 0.867188
0 0.789062 0.849609 0.785156 0.849609 0.785156 0.861328 0.787109 0.861328 0.789062 0.863281 0.789062 0.871094 0.787109 0.873047 0.777344 0.873047 0.775391 0.871094 0.775391 0.869141 0.777344 0.867188 0.777344 0.857422 0.773438 0.857422 0.771484 0.859375 0.769531 0.857422 0.767578 0.857422 0.765625 0.855469 0.765625 0.853516 0.765625 0.855469 0.767578 0.857422 0.769531 0.857422 0.771484 0.859375 0.769531 0.861328 0.767578 0.861328 0.767578 0.869141 0.769531 0.869141 0.771484 0.871094 0.771484 0.873047 0.773438 0.875000 0.773438 0.878906 0.775391 0.880859 0.777344 0.880859 0.781250 0.884766 0.785156 0.884766 0.785156 0.882812 0.787109 0.880859 0.789062 0.880859 0.794922 0.875000 0.794922 0.871094 0.792969 0.869141 0.792969 0.863281 0.787109 0.857422 0.787109 0.853516 0.789062 0.851562
0 0.906250 0.865234 0.906250 0.871094 0.908203 0.871094 0.910156 0.873047 0.910156 0.882812 0.912109 0.882812 0.914062 0.880859 0.917969 0.880859 0.914062 0.880859 0.910156 0.876953 0.912109 0.875000 0.912109 0.873047 0.917969 0.869141 0.921875 0.873047 0.919922 0.875000 0.919922 0.876953 0.923828 0.876953 0.925781 0.878906 0.925781 0.880859 0.929688 0.884766 0.929688 0.882812 0.931641 0.880859 0.937500 0.880859 0.943359 0.876953 0.949219 0.876953 0.951172 0.875000 0.957031 0.875000 0.960938 0.871094 0.962891 0.871094 0.964844 0.869141 0.964844 0.867188 0.962891 0.867188 0.960938 0.869141 0.958984 0.869141 0.958984 0.871094 0.955078 0.875000 0.951172 0.875000 0.949219 0.876953 0.945312 0.876953 0.943359 0.875000 0.939453 0.875000 0.937500 0.873047 0.927734 0.873047 0.927734 0.875000 0.925781 0.876953 0.923828 0.875000 0.923828 0.873047 0.921875 0.873047 0.919922 0.871094 0.919922 0.869141 0.925781 0.865234 0.935547 0.865234 0.937500 0.863281 0.939453 0.863281 0.939453 0.861328 0.943359 0.857422 0.941406 0.855469 0.937500 0.855469 0.935547 0.853516 0.935547 0.847656 0.933594 0.845703 0.929688 0.845703 0.929688 0.849609 0.927734 0.851562 0.927734 0.859375 0.925781 0.861328 0.923828 0.859375 0.923828 0.857422 0.923828 0.863281 0.921875 0.865234 0.919922 0.865234 0.919922 0.867188 0.917969 0.869141 0.910156 0.869141 0.908203 0.867188 0.908203 0.861328 0.908203 0.863281
0 0.000000 0.843750 0.068359 0.830078 0.162109 0.835938 0.205078 0.857422 0.236328 0.857422 0.287109 0.878906 0.431641 0.873047 0.451172 0.878906 0.593750 0.880859 0.640625 0.876953 0.679688 0.863281 0.679688 0.859375 0.671875 0.859375 0.669922 0.863281 0.619141 0.878906 0.468750 0.876953 0.431641 0.871094 0.292969 0.876953 0.234375 0.853516 0.208984 0.853516 0.205078 0.847656 0.142578 0.830078 0.080078 0.830078 0.062500 0.824219 0.054688 0.830078 0.017578 0.835938
0 0.316406 0.810547 0.318359 0.810547 0.320312 0.808594 0.326172 0.808594 0.328125 0.810547 0.332031 0.810547 0.333984 0.808594 0.341797 0.808594 0.343750 0.810547 0.347656 0.810547 0.351562 0.806641 0.357422 0.806641 0.359375 0.808594 0.361328 0.808594 0.363281 0.806641 0.373047 0.806641 0.375000 0.808594 0.375000 0.810547 0.375000 0.806641 0.373047 0.804688 0.373047 0.802734 0.375000 0.800781 0.376953 0.802734 0.384766 0.802734 0.384766 0.800781 0.382812 0.798828 0.382812 0.796875 0.359375 0.796875 0.359375 0.798828 0.357422 0.800781 0.333984 0.800781 0.332031 0.798828 0.332031 0.796875 0.330078 0.796875 0.328125 0.794922 0.328125 0.792969 0.326172 0.794922 0.326172 0.802734 0.324219 0.804688 0.316406 0.804688
0 0.646484 0.789062 0.642578 0.792969 0.640625 0.792969 0.638672 0.794922 0.634766 0.794922 0.628906 0.800781 0.626953 0.800781 0.619141 0.808594 0.615234 0.808594 0.611328 0.812500 0.609375 0.812500 0.609375 0.814453 0.607422 0.816406 0.605469 0.816406 0.605469 0.818359 0.603516 0.820312 0.599609 0.820312 0.595703 0.824219 0.595703 0.826172 0.593750 0.828125 0.589844 0.828125 0.585938 0.832031 0.585938 0.835938 0.587891 0.837891 0.587891 0.843750 0.589844 0.843750 0.591797 0.841797 0.593750 0.841797 0.599609 0.835938 0.615234 0.835938 0.617188 0.837891 0.617188 0.841797 0.619141 0.843750 0.617188 0.845703 0.613281 0.845703 0.611328 0.847656 0.609375 0.847656 0.609375 0.849609 0.611328 0.849609 0.611328 0.847656 0.613281 0.845703 0.621094 0.845703 0.621094 0.843750 0.626953 0.837891 0.625000 0.837891 0.623047 0.835938 0.625000 0.833984 0.626953 0.833984 0.625000 0.833984 0.623047 0.832031 0.623047 0.828125 0.626953 0.824219 0.626953 0.822266 0.630859 0.818359 0.630859 0.816406 0.628906 0.814453 0.628906 0.810547 0.630859 0.808594 0.632812 0.808594 0.634766 0.806641 0.638672 0.806641 0.638672 0.802734 0.642578 0.798828 0.642578 0.796875 0.644531 0.794922 0.644531 0.792969 0.646484 0.791016
0 0.328125 0.753906 0.328125 0.755859 0.330078 0.757812 0.330078 0.759766 0.328125 0.761719 0.330078 0.763672 0.330078 0.765625 0.328125 0.767578 0.326172 0.767578 0.326172 0.779297 0.337891 0.779297 0.339844 0.781250 0.343750 0.781250 0.345703 0.779297 0.347656 0.781250 0.349609 0.779297 0.351562 0.781250 0.351562 0.783203 0.353516 0.783203 0.355469 0.781250 0.359375 0.781250 0.361328 0.783203 0.369141 0.783203 0.369141 0.781250 0.371094 0.779297 0.373047 0.781250 0.373047 0.783203 0.375000 0.783203 0.375000 0.781250 0.376953 0.779297 0.378906 0.779297 0.380859 0.777344 0.384766 0.777344 0.384766 0.769531 0.386719 0.767578 0.386719 0.761719 0.382812 0.765625 0.380859 0.765625 0.378906 0.763672 0.378906 0.761719 0.376953 0.763672 0.375000 0.763672 0.375000 0.765625 0.373047 0.767578 0.369141 0.767578 0.365234 0.763672 0.363281 0.763672 0.361328 0.761719 0.363281 0.759766 0.369141 0.759766 0.371094 0.757812 0.376953 0.757812 0.380859 0.753906 0.378906 0.753906 0.376953 0.751953 0.375000 0.751953 0.373047 0.750000 0.351562 0.750000 0.349609 0.751953 0.349609 0.757812 0.345703 0.761719 0.343750 0.761719 0.341797 0.763672 0.337891 0.763672 0.335938 0.761719 0.335938 0.755859 0.333984 0.757812 0.332031 0.757812
0 0.998047 0.685547 0.996094 0.689453 0.990234 0.689453 0.990234 0.691406 0.992188 0.689453 0.994141 0.693359 0.990234 0.697266 0.986328 0.697266 0.990234 0.699219 0.988281 0.701172 0.970703 0.701172 0.966797 0.705078 0.958984 0.705078 0.960938 0.707031 0.958984 0.708984 0.941406 0.708984 0.939453 0.712891 0.933594 0.712891 0.931641 0.716797 0.927734 0.716797 0.925781 0.720703 0.921875 0.720703 0.923828 0.722656 0.921875 0.724609 0.916016 0.724609 0.919922 0.726562 0.917969 0.728516 0.902344 0.728516 0.900391 0.724609 0.888672 0.724609 0.888672 0.730469 0.896484 0.730469 0.898438 0.732422 0.898438 0.738281 0.904297 0.738281 0.908203 0.744141 0.914062 0.744141 0.917969 0.742188 0.919922 0.744141 0.917969 0.746094 0.921875 0.750000 0.921875 0.753906 0.925781 0.751953 0.929688 0.755859 0.927734 0.759766 0.941406 0.757812 0.943359 0.759766 0.943359 0.763672 0.947266 0.765625 0.955078 0.761719 0.958984 0.761719 0.960938 0.763672 0.960938 0.755859 0.962891 0.753906 0.968750 0.753906 0.970703 0.751953 0.970703 0.750000 0.966797 0.748047 0.970703 0.744141 0.976562 0.744141 0.978516 0.746094 0.980469 0.744141 0.988281 0.744141 0.990234 0.746094 0.988281 0.748047 0.984375 0.748047 0.980469 0.750000 0.982422 0.751953 0.984375 0.750000 0.998047 0.750000 0.998047 0.724609 0.996094 0.722656 0.998047 0.718750 0.996094 0.716797 0.998047 0.714844
0 0.998047 0.660156 0.990234 0.660156 0.984375 0.664062 0.972656 0.662109 0.976562 0.664062 0.947266 0.671875 0.929688 0.683594 0.925781 0.689453 0.896484 0.691406 0.888672 0.695312 0.882812 0.705078 0.878906 0.705078 0.875000 0.708984 0.865234 0.708984 0.857422 0.716797 0.853516 0.716797 0.833984 0.728516 0.822266 0.740234 0.808594 0.746094 0.773438 0.783203 0.755859 0.794922 0.744141 0.808594 0.740234 0.843750 0.732422 0.849609 0.718750 0.849609 0.714844 0.853516 0.738281 0.851562 0.744141 0.845703 0.750000 0.810547 0.796875 0.765625 0.822266 0.746094 0.828125 0.738281 0.845703 0.730469 0.851562 0.724609 0.855469 0.724609 0.859375 0.718750 0.867188 0.718750 0.869141 0.710938 0.882812 0.708984 0.900391 0.693359 0.929688 0.691406 0.935547 0.685547 0.939453 0.691406 0.937500 0.695312 0.943359 0.695312 0.943359 0.687500 0.941406 0.685547 0.939453 0.691406 0.935547 0.685547 0.941406 0.677734 0.953125 0.675781 0.962891 0.669922 0.976562 0.667969 0.980469 0.669922 0.980469 0.675781 0.986328 0.675781 0.992188 0.671875 0.992188 0.667969 0.990234 0.669922 0.982422 0.667969 0.994141 0.664062
0 0.767578 0.648438 0.767578 0.650391 0.765625 0.652344 0.753906 0.652344 0.753906 0.654297 0.751953 0.656250 0.750000 0.656250 0.748047 0.654297 0.746094 0.656250 0.744141 0.654297 0.744141 0.652344 0.736328 0.652344 0.736328 0.654297 0.734375 0.656250 0.732422 0.654297 0.732422 0.652344 0.732422 0.658203 0.738281 0.658203 0.740234 0.660156 0.740234 0.662109 0.744141 0.662109 0.746094 0.660156 0.748047 0.660156 0.750000 0.662109 0.750000 0.664062 0.751953 0.664062 0.755859 0.667969 0.755859 0.669922 0.753906 0.671875 0.755859 0.673828 0.755859 0.675781 0.751953 0.679688 0.746094 0.679688 0.744141 0.681641 0.740234 0.681641 0.740234 0.685547 0.742188 0.687500 0.744141 0.687500 0.748047 0.691406 0.748047 0.695312 0.750000 0.697266 0.750000 0.699219 0.751953 0.701172 0.751953 0.703125 0.753906 0.701172 0.755859 0.701172 0.755859 0.699219 0.757812 0.697266 0.761719 0.697266 0.761719 0.695312 0.763672 0.693359 0.765625 0.693359 0.765625 0.691406 0.767578 0.689453 0.773438 0.689453 0.775391 0.691406 0.775391 0.693359 0.785156 0.693359 0.785156 0.691406 0.783203 0.689453 0.779297 0.689453 0.777344 0.687500 0.773438 0.687500 0.771484 0.685547 0.771484 0.683594 0.769531 0.681641 0.769531 0.677734 0.763672 0.677734 0.761719 0.675781 0.763672 0.673828 0.769531 0.673828 0.769531 0.669922 0.767578 0.667969 0.767578 0.664062 0.765625 0.662109 0.765625 0.652344 0.767578 0.650391
0 0.878906 0.636719 0.863281 0.636719 0.861328 0.638672 0.857422 0.638672 0.855469 0.640625 0.830078 0.640625 0.828125 0.642578 0.814453 0.642578 0.812500 0.644531 0.810547 0.644531 0.808594 0.642578 0.808594 0.640625 0.798828 0.640625 0.796875 0.642578 0.794922 0.642578 0.794922 0.644531 0.791016 0.648438 0.789062 0.648438 0.789062 0.650391 0.787109 0.652344 0.785156 0.652344 0.787109 0.654297 0.787109 0.660156 0.789062 0.662109 0.789062 0.667969 0.791016 0.666016 0.792969 0.667969 0.792969 0.669922 0.791016 0.671875 0.791016 0.677734 0.792969 0.679688 0.792969 0.685547 0.794922 0.687500 0.794922 0.691406 0.792969 0.693359 0.792969 0.697266 0.794922 0.697266 0.796875 0.699219 0.802734 0.699219 0.808594 0.695312 0.808594 0.687500 0.802734 0.687500 0.800781 0.685547 0.800781 0.675781 0.802734 0.673828 0.824219 0.673828 0.826172 0.671875 0.826172 0.664062 0.824219 0.662109 0.824219 0.660156 0.822266 0.658203 0.820312 0.658203 0.818359 0.660156 0.814453 0.660156 0.810547 0.656250 0.810547 0.654297 0.808594 0.652344 0.808594 0.646484 0.810547 0.644531 0.820312 0.644531 0.822266 0.646484 0.828125 0.646484 0.830078 0.648438 0.835938 0.650391 0.841797 0.644531 0.851562 0.644531 0.853516 0.642578 0.861328 0.642578 0.863281 0.640625 0.878906 0.640625
0 0.017578 0.734375 0.019531 0.748047 0.027344 0.746094 0.050781 0.718750 0.056641 0.728516 0.058594 0.707031 0.070312 0.712891 0.072266 0.707031 0.083984 0.707031 0.103516 0.742188 0.123047 0.753906 0.123047 0.748047 0.136719 0.740234 0.123047 0.734375 0.113281 0.708984 0.140625 0.695312 0.134766 0.691406 0.140625 0.687500 0.146484 0.693359 0.146484 0.710938 0.154297 0.710938 0.160156 0.722656 0.146484 0.728516 0.142578 0.738281 0.152344 0.750000 0.156250 0.744141 0.167969 0.753906 0.195312 0.757812 0.183594 0.751953 0.187500 0.748047 0.203125 0.757812 0.199219 0.761719 0.283203 0.781250 0.310547 0.763672 0.310547 0.769531 0.316406 0.765625 0.287109 0.753906 0.271484 0.757812 0.263672 0.751953 0.271484 0.742188 0.306641 0.744141 0.310547 0.751953 0.314453 0.746094 0.347656 0.742188 0.339844 0.740234 0.335938 0.728516 0.349609 0.728516 0.343750 0.716797 0.359375 0.712891 0.353516 0.708984 0.357422 0.707031 0.333984 0.699219 0.328125 0.708984 0.322266 0.697266 0.328125 0.726562 0.318359 0.736328 0.291016 0.736328 0.285156 0.730469 0.246094 0.736328 0.253906 0.746094 0.236328 0.742188 0.234375 0.751953 0.218750 0.746094 0.220703 0.740234 0.210938 0.748047 0.193359 0.738281 0.166016 0.740234 0.169922 0.722656 0.181641 0.714844 0.203125 0.712891 0.208984 0.718750 0.205078 0.722656 0.218750 0.714844 0.214844 0.705078 0.197266 0.699219 0.199219 0.683594 0.195312 0.691406 0.185547 0.687500 0.203125 0.675781 0.205078 0.666016 0.175781 0.675781 0.193359 0.654297 0.158203 0.675781 0.164062 0.662109 0.144531 0.683594 0.128906 0.689453 0.126953 0.697266 0.109375 0.693359 0.107422 0.699219 0.087891 0.681641 0.082031 0.685547 0.074219 0.677734 0.062500 0.679688 0.066406 0.677734 0.052734 0.667969 0.058594 0.636719 0.042969 0.630859 0.037109 0.634766 0.029297 0.683594 0.019531 0.693359 0.023438 0.710938
0 0.931641 0.617188 0.923828 0.617188 0.923828 0.619141 0.921875 0.621094 0.919922 0.621094 0.919922 0.623047 0.917969 0.625000 0.912109 0.625000 0.910156 0.626953 0.908203 0.625000 0.904297 0.625000 0.906250 0.625000 0.908203 0.626953 0.908203 0.628906 0.910156 0.628906 0.912109 0.630859 0.910156 0.632812 0.910156 0.636719 0.908203 0.638672 0.896484 0.638672 0.900391 0.638672 0.902344 0.640625 0.902344 0.642578 0.900391 0.644531 0.894531 0.644531 0.896484 0.644531 0.898438 0.646484 0.896484 0.648438 0.884766 0.648438 0.884766 0.650391 0.882812 0.652344 0.880859 0.652344 0.880859 0.654297 0.878906 0.656250 0.867188 0.656250 0.865234 0.654297 0.865234 0.652344 0.863281 0.652344 0.861328 0.650391 0.861328 0.646484 0.857422 0.646484 0.853516 0.650391 0.851562 0.650391 0.853516 0.650391 0.855469 0.652344 0.855469 0.654297 0.853516 0.656250 0.851562 0.656250 0.853516 0.656250 0.855469 0.658203 0.853516 0.660156 0.849609 0.660156 0.849609 0.662109 0.847656 0.664062 0.845703 0.664062 0.839844 0.658203 0.839844 0.656250 0.837891 0.656250 0.837891 0.664062 0.839844 0.666016 0.839844 0.669922 0.841797 0.671875 0.841797 0.677734 0.841797 0.675781 0.843750 0.673828 0.857422 0.673828 0.859375 0.675781 0.859375 0.677734 0.869141 0.677734 0.869141 0.675781 0.871094 0.673828 0.878906 0.673828 0.880859 0.671875 0.882812 0.673828 0.882812 0.671875 0.884766 0.669922 0.890625 0.669922 0.890625 0.667969 0.892578 0.666016 0.896484 0.666016 0.896484 0.660156 0.898438 0.658203 0.900391 0.658203 0.900391 0.656250 0.902344 0.654297 0.916016 0.654297 0.917969 0.656250 0.917969 0.654297 0.916016 0.654297 0.914062 0.652344 0.916016 0.650391 0.919922 0.650391 0.921875 0.648438 0.921875 0.642578 0.919922 0.640625 0.917969 0.640625 0.916016 0.638672 0.916016 0.636719 0.919922 0.630859 0.927734 0.630859 0.929688 0.628906 0.933594 0.628906 0.935547 0.626953 0.933594 0.625000 0.933594 0.621094 0.931641 0.621094 0.929688 0.619141
0 0.505859 0.595703 0.503906 0.603516 0.507812 0.605469 0.507812 0.613281 0.517578 0.625000 0.515625 0.628906 0.517578 0.632812 0.519531 0.632812 0.523438 0.621094 0.527344 0.625000 0.533203 0.623047 0.535156 0.628906 0.548828 0.626953 0.552734 0.623047 0.560547 0.621094 0.568359 0.611328 0.576172 0.613281 0.611328 0.611328 0.613281 0.613281 0.623047 0.607422 0.625000 0.609375 0.634766 0.607422 0.650391 0.613281 0.646484 0.615234 0.658203 0.613281 0.660156 0.619141 0.658203 0.621094 0.654297 0.619141 0.654297 0.621094 0.660156 0.625000 0.664062 0.642578 0.652344 0.650391 0.654297 0.656250 0.652344 0.666016 0.654297 0.671875 0.658203 0.673828 0.662109 0.667969 0.666016 0.669922 0.666016 0.673828 0.662109 0.677734 0.666016 0.681641 0.707031 0.677734 0.708984 0.669922 0.699219 0.667969 0.695312 0.664062 0.685547 0.664062 0.681641 0.660156 0.681641 0.648438 0.693359 0.638672 0.695312 0.640625 0.695312 0.636719 0.699219 0.634766 0.703125 0.626953 0.708984 0.626953 0.714844 0.623047 0.716797 0.625000 0.716797 0.619141 0.722656 0.615234 0.722656 0.605469 0.734375 0.597656 0.730469 0.595703 0.724609 0.603516 0.710938 0.607422 0.705078 0.613281 0.705078 0.617188 0.701172 0.619141 0.695312 0.611328 0.703125 0.607422 0.697266 0.601562 0.701172 0.597656 0.705078 0.597656 0.699219 0.599609 0.687500 0.597656 0.679688 0.589844 0.671875 0.589844 0.666016 0.585938 0.640625 0.587891 0.630859 0.582031 0.601562 0.582031 0.599609 0.583984 0.593750 0.582031 0.587891 0.585938 0.562500 0.585938 0.560547 0.589844 0.548828 0.589844 0.546875 0.587891 0.548828 0.585938 0.541016 0.589844 0.539062 0.583984 0.531250 0.583984 0.523438 0.589844 0.513672 0.589844
0 0.937500 0.570312 0.935547 0.570312 0.933594 0.568359 0.929688 0.568359 0.927734 0.566406 0.917969 0.566406 0.916016 0.564453 0.916016 0.562500 0.916016 0.564453 0.914062 0.566406 0.912109 0.566406 0.908203 0.562500 0.906250 0.562500 0.906250 0.566406 0.904297 0.568359 0.902344 0.568359 0.900391 0.570312 0.898438 0.570312 0.898438 0.574219 0.896484 0.576172 0.892578 0.576172 0.890625 0.578125 0.884766 0.578125 0.882812 0.580078 0.878906 0.580078 0.904297 0.580078 0.906250 0.578125 0.908203 0.580078 0.914062 0.580078 0.916016 0.582031 0.917969 0.582031 0.919922 0.580078 0.923828 0.580078 0.923828 0.578125 0.925781 0.576172 0.929688 0.576172 0.933594 0.572266 0.935547 0.574219 0.935547 0.572266
0 0.824219 0.558594 0.824219 0.560547 0.820312 0.564453 0.820312 0.568359 0.822266 0.570312 0.822266 0.572266 0.820312 0.574219 0.820312 0.587891 0.826172 0.587891 0.828125 0.589844 0.828125 0.599609 0.835938 0.599609 0.835938 0.597656 0.837891 0.595703 0.849609 0.595703 0.849609 0.593750 0.851562 0.591797 0.851562 0.589844 0.853516 0.587891 0.857422 0.587891 0.851562 0.587891 0.849609 0.585938 0.845703 0.585938 0.843750 0.587891 0.841797 0.587891 0.839844 0.589844 0.837891 0.587891 0.837891 0.585938 0.835938 0.583984 0.835938 0.576172 0.837891 0.574219 0.837891 0.570312 0.835938 0.568359 0.835938 0.558594
0 0.742188 0.484375 0.742188 0.490234 0.744141 0.490234 0.746094 0.492188 0.746094 0.500000 0.748047 0.498047 0.750000 0.500000 0.751953 0.498047 0.753906 0.498047 0.755859 0.500000 0.755859 0.505859 0.757812 0.505859 0.763672 0.511719 0.763672 0.517578 0.769531 0.517578 0.771484 0.519531 0.775391 0.519531 0.777344 0.521484 0.779297 0.521484 0.785156 0.527344 0.785156 0.529297 0.781250 0.533203 0.779297 0.533203 0.781250 0.533203 0.783203 0.531250 0.789062 0.537109 0.792969 0.537109 0.794922 0.539062 0.796875 0.537109 0.796875 0.533203 0.794922 0.531250 0.796875 0.529297 0.796875 0.523438 0.794922 0.523438 0.792969 0.521484 0.792969 0.519531 0.789062 0.519531 0.787109 0.517578 0.785156 0.519531 0.783203 0.517578 0.781250 0.517578 0.779297 0.515625 0.775391 0.515625 0.773438 0.513672 0.769531 0.513672 0.767578 0.511719 0.767578 0.509766 0.769531 0.507812 0.769531 0.505859 0.767578 0.503906 0.763672 0.503906 0.761719 0.501953 0.761719 0.492188 0.759766 0.494141 0.757812 0.492188 0.755859 0.492188 0.753906 0.490234 0.753906 0.488281 0.750000 0.488281 0.748047 0.486328 0.748047 0.482422 0.746094 0.482422 0.744141 0.484375
0 0.337891 0.529297 0.326172 0.529297 0.324219 0.525391 0.322266 0.529297 0.318359 0.529297 0.312500 0.509766 0.308594 0.509766 0.306641 0.505859 0.296875 0.505859 0.294922 0.501953 0.273438 0.501953 0.271484 0.498047 0.230469 0.490234 0.228516 0.488281 0.232422 0.486328 0.222656 0.486328 0.214844 0.478516 0.208984 0.478516 0.203125 0.472656 0.203125 0.462891 0.199219 0.462891 0.197266 0.466797 0.187500 0.466797 0.185547 0.470703 0.167969 0.470703 0.167969 0.474609 0.156250 0.474609 0.158203 0.478516 0.154297 0.482422 0.150391 0.478516 0.134766 0.478516 0.132812 0.482422 0.125000 0.482422 0.123047 0.486328 0.117188 0.486328 0.117188 0.492188 0.113281 0.496094 0.119141 0.501953 0.111328 0.505859 0.107422 0.503906 0.105469 0.509766 0.103516 0.507812 0.103516 0.513672 0.107422 0.515625 0.103516 0.531250 0.111328 0.529297 0.123047 0.544922 0.128906 0.544922 0.138672 0.552734 0.148438 0.552734 0.164062 0.562500 0.160156 0.566406 0.162109 0.574219 0.154297 0.574219 0.152344 0.585938 0.146484 0.585938 0.136719 0.593750 0.128906 0.593750 0.130859 0.609375 0.134766 0.605469 0.138672 0.607422 0.134766 0.621094 0.136719 0.611328 0.142578 0.605469 0.162109 0.605469 0.164062 0.609375 0.179688 0.613281 0.181641 0.609375 0.201172 0.609375 0.208984 0.601562 0.220703 0.601562 0.222656 0.593750 0.232422 0.593750 0.232422 0.583984 0.224609 0.589844 0.216797 0.587891 0.210938 0.580078 0.216797 0.574219 0.228516 0.574219 0.230469 0.566406 0.253906 0.566406 0.255859 0.570312 0.259766 0.570312 0.255859 0.568359 0.257812 0.566406 0.269531 0.566406 0.273438 0.570312 0.273438 0.564453 0.279297 0.568359 0.287109 0.566406 0.289062 0.570312 0.292969 0.570312 0.292969 0.564453 0.285156 0.558594 0.285156 0.552734 0.281250 0.552734 0.281250 0.544922 0.277344 0.542969 0.279297 0.535156 0.328125 0.535156 0.330078 0.531250
0 0.775391 0.390625 0.775391 0.392578 0.769531 0.398438 0.767578 0.398438 0.761719 0.404297 0.761719 0.408203 0.759766 0.410156 0.759766 0.416016 0.755859 0.419922 0.765625 0.419922 0.767578 0.421875 0.767578 0.423828 0.769531 0.423828 0.771484 0.425781 0.771484 0.427734 0.777344 0.427734 0.781250 0.431641 0.783203 0.431641 0.783203 0.429688 0.781250 0.431641 0.779297 0.429688 0.779297 0.410156 0.777344 0.410156 0.775391 0.408203 0.775391 0.406250 0.773438 0.406250 0.771484 0.404297 0.771484 0.402344 0.773438 0.400391 0.775391 0.400391
0 0.000000 0.324219 0.000000 0.330078 0.007812 0.328125 0.009766 0.326172 0.037109 0.326172 0.042969 0.330078 0.046875 0.330078 0.056641 0.335938 0.060547 0.335938 0.072266 0.341797 0.097656 0.367188 0.097656 0.369141 0.105469 0.378906 0.109375 0.386719 0.111328 0.417969 0.103516 0.429688 0.103516 0.437500 0.097656 0.451172 0.097656 0.457031 0.095703 0.458984 0.095703 0.466797 0.097656 0.468750 0.091797 0.476562 0.091797 0.480469 0.093750 0.482422 0.089844 0.490234 0.091797 0.490234 0.091797 0.484375 0.095703 0.478516 0.095703 0.474609 0.101562 0.460938 0.101562 0.453125 0.103516 0.451172 0.103516 0.447266 0.105469 0.445312 0.105469 0.441406 0.111328 0.427734 0.111328 0.392578 0.113281 0.390625 0.111328 0.386719 0.111328 0.380859 0.107422 0.376953 0.103516 0.369141 0.095703 0.361328 0.095703 0.359375 0.085938 0.349609 0.085938 0.347656 0.070312 0.333984 0.054688 0.326172 0.050781 0.326172 0.044922 0.322266 0.039062 0.322266 0.037109 0.320312 0.033203 0.322266 0.007812 0.322266 0.005859 0.324219
0 0.080078 0.285156 0.080078 0.287109 0.078125 0.289062 0.076172 0.287109 0.076172 0.285156 0.072266 0.285156 0.070312 0.287109 0.062500 0.287109 0.060547 0.289062 0.056641 0.289062 0.054688 0.287109 0.048828 0.292969 0.042969 0.292969 0.042969 0.294922 0.041016 0.296875 0.039062 0.296875 0.039062 0.298828 0.037109 0.300781 0.035156 0.300781 0.035156 0.304688 0.037109 0.304688 0.039062 0.306641 0.042969 0.302734 0.048828 0.302734 0.050781 0.304688 0.046875 0.308594 0.044922 0.308594 0.042969 0.310547 0.046875 0.310547 0.048828 0.312500 0.048828 0.314453 0.052734 0.310547 0.056641 0.310547 0.060547 0.306641 0.068359 0.306641 0.072266 0.302734 0.076172 0.302734 0.076172 0.296875 0.078125 0.294922 0.076172 0.292969 0.078125 0.291016 0.080078 0.291016
0 0.998047 0.267578 0.929688 0.265625 0.927734 0.267578 0.884766 0.267578 0.876953 0.271484 0.873047 0.271484 0.871094 0.267578 0.869141 0.269531 0.865234 0.267578 0.861328 0.273438 0.851562 0.271484 0.847656 0.277344 0.833984 0.275391 0.830078 0.279297 0.822266 0.279297 0.820312 0.283203 0.816406 0.283203 0.814453 0.291016 0.808594 0.291016 0.812500 0.292969 0.810547 0.294922 0.804688 0.294922 0.804688 0.300781 0.806641 0.298828 0.808594 0.300781 0.808594 0.308594 0.830078 0.308594 0.832031 0.310547 0.835938 0.300781 0.845703 0.300781 0.871094 0.310547 0.917969 0.314453 0.947266 0.322266 0.998047 0.322266 0.998047 0.320312 0.978516 0.316406 0.949219 0.316406 0.947266 0.312500 0.917969 0.312500 0.900391 0.308594 0.884766 0.308594 0.863281 0.300781 0.833984 0.298828 0.832031 0.296875 0.824219 0.300781 0.822266 0.298828 0.824219 0.291016 0.830078 0.285156 0.849609 0.285156 0.851562 0.281250 0.861328 0.281250 0.859375 0.279297 0.861328 0.277344 0.875000 0.277344 0.878906 0.273438 0.888672 0.273438 0.900391 0.269531 0.906250 0.271484 0.958984 0.271484 0.960938 0.269531 0.962891 0.271484 0.994141 0.271484
0 0.126953 0.287109 0.138672 0.287109 0.140625 0.285156 0.142578 0.285156 0.144531 0.283203 0.150391 0.283203 0.152344 0.281250 0.156250 0.281250 0.158203 0.279297 0.166016 0.279297 0.167969 0.277344 0.169922 0.279297 0.177734 0.279297 0.177734 0.277344 0.179688 0.275391 0.177734 0.273438 0.179688 0.271484 0.181641 0.271484 0.179688 0.271484 0.177734 0.269531 0.175781 0.269531 0.173828 0.267578 0.173828 0.261719 0.169922 0.261719 0.169922 0.263672 0.167969 0.265625 0.152344 0.265625 0.150391 0.263672 0.152344 0.261719 0.156250 0.261719 0.148438 0.261719 0.148438 0.263672 0.146484 0.265625 0.130859 0.265625 0.130859 0.267578 0.128906 0.269531 0.126953 0.269531
0 0.091797 0.324219 0.099609 0.332031 0.117188 0.328125 0.109375 0.353516 0.130859 0.380859 0.216797 0.414062 0.230469 0.427734 0.220703 0.443359 0.156250 0.451172 0.132812 0.466797 0.121094 0.460938 0.121094 0.472656 0.248047 0.433594 0.281250 0.437500 0.312500 0.421875 0.298828 0.392578 0.320312 0.386719 0.320312 0.365234 0.298828 0.339844 0.275391 0.373047 0.296875 0.376953 0.269531 0.386719 0.269531 0.410156 0.255859 0.433594 0.255859 0.408203 0.230469 0.408203 0.228516 0.392578 0.251953 0.386719 0.263672 0.371094 0.287109 0.277344 0.314453 0.244141 0.406250 0.255859 0.384766 0.248047 0.402344 0.232422 0.441406 0.248047 0.480469 0.248047 0.501953 0.265625 0.572266 0.292969 0.644531 0.302734 0.628906 0.298828 0.705078 0.300781 0.560547 0.283203 0.472656 0.240234 0.296875 0.220703 0.263672 0.226562 0.396484 0.236328 0.375000 0.246094 0.324219 0.236328 0.296875 0.242188 0.275391 0.291016 0.271484 0.330078 0.242188 0.382812 0.128906 0.306641 0.109375 0.304688 0.101562 0.320312 0.109375 0.322266
0 0.851562 0.199219 0.851562 0.207031 0.857422 0.207031 0.859375 0.208984 0.863281 0.208984 0.865234 0.210938 0.875000 0.210938 0.876953 0.212891 0.882812 0.212891 0.884766 0.214844 0.898438 0.214844 0.900391 0.216797 0.908203 0.216797 0.910156 0.218750 0.916016 0.218750 0.917969 0.216797 0.933594 0.216797 0.937500 0.212891 0.939453 0.214844 0.949219 0.214844 0.951172 0.216797 0.968750 0.216797 0.970703 0.218750 0.976562 0.218750 0.976562 0.216797 0.980469 0.212891 0.982422 0.212891 0.962891 0.212891 0.958984 0.208984 0.949219 0.208984 0.947266 0.210938 0.935547 0.210938 0.935547 0.212891 0.933594 0.214844 0.931641 0.214844 0.929688 0.212891 0.927734 0.214844 0.917969 0.214844 0.916016 0.216797 0.914062 0.216797 0.912109 0.214844 0.888672 0.214844 0.886719 0.212891 0.884766 0.212891 0.882812 0.210938 0.880859 0.210938 0.876953 0.207031 0.869141 0.207031 0.867188 0.205078 0.861328 0.205078 0.859375 0.203125 0.859375 0.201172 0.857422 0.201172 0.855469 0.199219 0.855469 0.197266 0.857422 0.195312 0.853516 0.199219
0 0.763672 0.208984 0.757812 0.208984 0.755859 0.210938 0.748047 0.210938 0.746094 0.212891 0.734375 0.212891 0.726562 0.207031 0.724609 0.207031 0.720703 0.203125 0.718750 0.197266 0.708984 0.197266 0.705078 0.195312 0.701172 0.199219 0.699219 0.199219 0.695312 0.203125 0.687500 0.207031 0.673828 0.208984 0.664062 0.203125 0.658203 0.203125 0.656250 0.205078 0.648438 0.205078 0.638672 0.214844 0.634766 0.214844 0.626953 0.218750 0.621094 0.218750 0.623047 0.218750 0.626953 0.222656 0.630859 0.220703 0.632812 0.222656 0.640625 0.222656 0.642578 0.224609 0.650391 0.224609 0.652344 0.226562 0.666016 0.226562 0.669922 0.230469 0.671875 0.234375 0.669922 0.236328 0.666016 0.236328 0.664062 0.238281 0.658203 0.238281 0.656250 0.240234 0.650391 0.240234 0.650391 0.242188 0.646484 0.244141 0.646484 0.246094 0.648438 0.246094 0.650391 0.250000 0.658203 0.250000 0.660156 0.251953 0.662109 0.250000 0.671875 0.250000 0.673828 0.248047 0.707031 0.248047 0.708984 0.246094 0.710938 0.248047 0.710938 0.257812 0.714844 0.257812 0.716797 0.259766 0.720703 0.259766 0.722656 0.261719 0.732422 0.263672 0.742188 0.273438 0.753906 0.261719 0.748047 0.255859 0.755859 0.244141 0.755859 0.240234 0.759766 0.232422 0.759766 0.222656 0.763672 0.216797
0 0.708984 0.177734 0.710938 0.179688 0.710938 0.185547 0.730469 0.185547 0.732422 0.187500 0.732422 0.189453 0.736328 0.193359 0.740234 0.193359 0.748047 0.185547 0.753906 0.185547 0.755859 0.183594 0.767578 0.183594 0.769531 0.181641 0.771484 0.181641 0.773438 0.179688 0.775391 0.179688 0.777344 0.177734 0.779297 0.177734 0.791016 0.166016 0.791016 0.164062 0.789062 0.166016 0.748047 0.166016 0.746094 0.164062 0.744141 0.164062 0.742188 0.162109 0.740234 0.162109 0.738281 0.160156 0.736328 0.160156 0.734375 0.162109 0.724609 0.162109 0.722656 0.164062 0.712891 0.164062 0.710938 0.166016 0.708984 0.166016
0 0.578125 0.130859 0.576172 0.130859 0.560547 0.146484 0.556641 0.146484 0.554688 0.144531 0.550781 0.144531 0.531250 0.134766 0.519531 0.123047 0.515625 0.123047 0.507812 0.126953 0.507812 0.132812 0.505859 0.134766 0.505859 0.142578 0.503906 0.144531 0.503906 0.154297 0.500000 0.158203 0.498047 0.156250 0.498047 0.158203 0.494141 0.160156 0.496094 0.162109 0.496094 0.166016 0.488281 0.171875 0.486328 0.169922 0.482422 0.169922 0.480469 0.167969 0.484375 0.166016 0.484375 0.160156 0.488281 0.158203 0.486328 0.156250 0.488281 0.154297 0.488281 0.150391 0.486328 0.150391 0.486328 0.154297 0.484375 0.156250 0.480469 0.156250 0.480469 0.166016 0.476562 0.167969 0.476562 0.173828 0.472656 0.175781 0.472656 0.181641 0.476562 0.177734 0.478516 0.177734 0.480469 0.179688 0.480469 0.185547 0.476562 0.187500 0.474609 0.191406 0.472656 0.191406 0.472656 0.197266 0.474609 0.195312 0.480469 0.199219 0.488281 0.199219 0.492188 0.205078 0.490234 0.207031 0.492188 0.205078 0.498047 0.205078 0.500000 0.207031 0.523438 0.207031 0.525391 0.203125 0.529297 0.203125 0.527344 0.201172 0.529297 0.199219 0.535156 0.199219 0.537109 0.195312 0.544922 0.195312 0.548828 0.193359 0.548828 0.191406 0.554688 0.187500 0.560547 0.189453 0.562500 0.185547 0.562500 0.179688 0.564453 0.177734 0.564453 0.173828 0.574219 0.154297 0.580078 0.146484 0.580078 0.136719 0.578125 0.134766
0 0.179688 0.117188 0.181641 0.121094 0.179688 0.123047 0.187500 0.123047 0.189453 0.126953 0.195312 0.126953 0.197266 0.130859 0.203125 0.130859 0.205078 0.134766 0.212891 0.134766 0.214844 0.138672 0.220703 0.138672 0.222656 0.142578 0.226562 0.142578 0.234375 0.150391 0.244141 0.150391 0.246094 0.154297 0.261719 0.154297 0.263672 0.158203 0.269531 0.158203 0.271484 0.162109 0.283203 0.162109 0.294922 0.169922 0.300781 0.169922 0.304688 0.173828 0.312500 0.173828 0.314453 0.177734 0.326172 0.177734 0.328125 0.181641 0.341797 0.183594 0.349609 0.189453 0.357422 0.189453 0.365234 0.193359 0.367188 0.197266 0.382812 0.197266 0.384766 0.201172 0.394531 0.197266 0.412109 0.199219 0.417969 0.203125 0.425781 0.201172 0.425781 0.195312 0.416016 0.191406 0.412109 0.187500 0.408203 0.189453 0.396484 0.181641 0.394531 0.183594 0.382812 0.181641 0.369141 0.171875 0.363281 0.173828 0.353516 0.171875 0.349609 0.167969 0.353516 0.162109 0.359375 0.160156 0.361328 0.162109 0.373047 0.160156 0.382812 0.164062 0.382812 0.160156 0.380859 0.162109 0.376953 0.160156 0.378906 0.154297 0.382812 0.152344 0.367188 0.152344 0.363281 0.154297 0.361328 0.152344 0.361328 0.140625 0.355469 0.140625 0.349609 0.146484 0.345703 0.144531 0.339844 0.146484 0.335938 0.140625 0.332031 0.140625 0.324219 0.148438 0.326172 0.152344 0.320312 0.154297 0.318359 0.152344 0.310547 0.152344 0.306641 0.148438 0.294922 0.144531 0.291016 0.146484 0.283203 0.140625 0.275391 0.140625 0.271484 0.136719 0.263672 0.136719 0.253906 0.132812 0.236328 0.132812 0.234375 0.128906 0.218750 0.128906 0.210938 0.125000 0.201172 0.125000 0.197266 0.121094 0.183594 0.121094
0 0.863281 0.089844 0.863281 0.091797 0.867188 0.091797 0.869141 0.093750 0.875000 0.093750 0.878906 0.097656 0.882812 0.097656 0.884766 0.095703 0.892578 0.095703 0.894531 0.093750 0.904297 0.093750 0.908203 0.097656 0.921875 0.097656 0.921875 0.095703 0.917969 0.095703 0.916016 0.093750 0.916016 0.091797 0.914062 0.091797 0.912109 0.089844 0.910156 0.089844 0.908203 0.087891 0.888672 0.087891 0.886719 0.085938 0.882812 0.085938 0.880859 0.083984 0.878906 0.085938 0.876953 0.085938 0.875000 0.083984 0.873047 0.083984 0.871094 0.085938 0.871094 0.087891 0.869141 0.089844
0 0.777344 0.076172 0.777344 0.080078 0.779297 0.082031 0.779297 0.085938 0.781250 0.087891 0.781250 0.089844 0.787109 0.095703 0.787109 0.097656 0.792969 0.103516 0.810547 0.103516 0.816406 0.109375 0.816406 0.111328 0.820312 0.117188 0.824219 0.117188 0.828125 0.113281 0.828125 0.109375 0.830078 0.107422 0.847656 0.107422 0.849609 0.105469 0.851562 0.105469 0.851562 0.101562 0.853516 0.099609 0.853516 0.097656 0.855469 0.095703 0.857422 0.095703 0.855469 0.093750 0.855469 0.091797 0.849609 0.091797 0.847656 0.089844 0.843750 0.089844 0.841797 0.087891 0.837891 0.087891 0.835938 0.085938 0.841797 0.082031 0.847656 0.082031 0.849609 0.080078 0.845703 0.080078 0.839844 0.083984 0.835938 0.080078 0.826172 0.080078 0.824219 0.078125 0.820312 0.082031 0.816406 0.082031 0.822266 0.085938 0.818359 0.089844 0.808594 0.089844 0.806641 0.087891 0.808594 0.082031 0.814453 0.076172 0.816406 0.076172 0.814453 0.076172 0.812500 0.074219 0.812500 0.072266 0.802734 0.072266 0.804688 0.074219 0.804688 0.076172 0.802734 0.078125 0.800781 0.078125 0.802734 0.080078 0.800781 0.082031 0.796875 0.082031 0.794922 0.080078 0.796875 0.078125 0.796875 0.076172 0.792969 0.072266 0.791016 0.072266 0.789062 0.070312 0.789062 0.072266 0.785156 0.076172
0 0.152344 0.066406 0.152344 0.070312 0.148438 0.074219 0.144531 0.074219 0.142578 0.076172 0.142578 0.078125 0.140625 0.080078 0.140625 0.083984 0.142578 0.083984 0.148438 0.089844 0.148438 0.091797 0.152344 0.091797 0.154297 0.089844 0.156250 0.089844 0.160156 0.093750 0.160156 0.095703 0.162109 0.095703 0.164062 0.097656 0.167969 0.097656 0.171875 0.101562 0.171875 0.103516 0.173828 0.103516 0.173828 0.101562 0.171875 0.099609 0.173828 0.097656 0.171875 0.095703 0.173828 0.093750 0.175781 0.093750 0.175781 0.091797 0.177734 0.089844 0.177734 0.087891 0.179688 0.085938 0.177734 0.087891 0.173828 0.083984 0.169922 0.083984 0.167969 0.082031 0.167969 0.080078 0.166016 0.080078 0.164062 0.078125 0.164062 0.076172 0.156250 0.068359 0.154297 0.068359
0 0.000000 0.056641 0.000000 0.062500 0.003906 0.062500 0.005859 0.064453 0.009766 0.064453 0.011719 0.066406 0.013672 0.066406 0.017578 0.070312 0.019531 0.070312 0.027344 0.078125 0.029297 0.078125 0.037109 0.085938 0.039062 0.085938 0.050781 0.097656 0.052734 0.097656 0.054688 0.099609 0.054688 0.101562 0.068359 0.115234 0.068359 0.117188 0.080078 0.128906 0.080078 0.130859 0.089844 0.140625 0.091797 0.138672 0.091797 0.134766 0.078125 0.121094 0.078125 0.119141 0.070312 0.111328 0.070312 0.109375 0.062500 0.101562 0.062500 0.099609 0.060547 0.097656 0.058594 0.097656 0.056641 0.095703 0.056641 0.093750 0.054688 0.091797 0.052734 0.091797 0.042969 0.082031 0.041016 0.082031 0.037109 0.078125 0.035156 0.078125 0.025391 0.068359 0.023438 0.068359 0.019531 0.064453 0.017578 0.064453 0.015625 0.062500 0.013672 0.062500 0.011719 0.060547 0.009766 0.060547 0.005859 0.056641
0 0.666016 0.000000 0.648438 0.000000 0.642578 0.005859 0.640625 0.005859 0.636719 0.009766 0.634766 0.009766 0.630859 0.013672 0.628906 0.013672 0.625000 0.017578 0.623047 0.017578 0.619141 0.021484 0.617188 0.021484 0.611328 0.027344 0.609375 0.027344 0.597656 0.039062 0.595703 0.039062 0.591797 0.042969 0.589844 0.042969 0.583984 0.046875 0.580078 0.046875 0.578125 0.048828 0.576172 0.048828 0.574219 0.050781 0.572266 0.050781 0.550781 0.062500 0.546875 0.062500 0.544922 0.064453 0.539062 0.066406 0.535156 0.070312 0.533203 0.070312 0.523438 0.076172 0.507812 0.076172 0.507812 0.078125 0.503906 0.082031 0.505859 0.083984 0.513672 0.083984 0.515625 0.082031 0.523438 0.082031 0.525391 0.080078 0.535156 0.078125 0.537109 0.076172 0.539062 0.076172 0.541016 0.074219 0.542969 0.074219 0.544922 0.072266 0.546875 0.072266 0.548828 0.070312 0.550781 0.070312 0.552734 0.068359 0.554688 0.068359 0.556641 0.066406 0.558594 0.066406 0.560547 0.064453 0.562500 0.064453 0.564453 0.062500 0.566406 0.062500 0.568359 0.060547 0.570312 0.060547 0.572266 0.058594 0.574219 0.058594 0.576172 0.056641 0.578125 0.056641 0.580078 0.054688 0.582031 0.054688 0.583984 0.052734 0.585938 0.052734 0.587891 0.050781 0.589844 0.050781 0.591797 0.048828 0.593750 0.048828 0.595703 0.046875 0.597656 0.046875 0.599609 0.044922 0.601562 0.044922 0.603516 0.042969 0.605469 0.042969 0.607422 0.041016 0.621094 0.035156 0.644531 0.011719 0.654297 0.007812 0.658203 0.003906 0.660156 0.003906
0 0.003906 0.000000 0.101562 0.009766 0.150391 0.025391 0.169922 0.042969 0.195312 0.058594 0.257812 0.068359 0.271484 0.074219 0.279297 0.074219 0.289062 0.080078 0.320312 0.078125 0.291016 0.070312 0.271484 0.070312 0.255859 0.066406 0.255859 0.060547 0.197266 0.048828 0.162109 0.023438 0.257812 0.023438 0.265625 0.027344 0.277344 0.025391 0.289062 0.031250 0.310547 0.031250 0.292969 0.029297 0.261719 0.017578 0.158203 0.013672 0.103516 0.000000
