0 0.603516 0.992188 0.603516 0.994141 0.607422 0.994141 0.609375 0.996094 0.609375 0.998047 0.617188 0.998047 0.617188 0.996094 0.619141 0.994141 0.619141 0.990234 0.617188 0.988281 0.615234 0.988281 0.613281 0.986328 0.611328 0.986328 0.611328 0.988281 0.609375 0.990234 0.605469 0.990234
0 0.335938 0.984375 0.333984 0.986328 0.328125 0.986328 0.328125 0.990234 0.330078 0.992188 0.330078 0.994141 0.333984 0.994141 0.335938 0.992188 0.335938 0.990234 0.337891 0.988281 0.337891 0.986328
0 0.822266 0.972656 0.824219 0.974609 0.822266 0.976562 0.826172 0.976562 0.828125 0.978516 0.828125 0.980469 0.826172 0.982422 0.824219 0.980469 0.824219 0.982422 0.822266 0.984375 0.822266 0.988281 0.824219 0.990234 0.830078 0.990234 0.830078 0.988281 0.828125 0.986328 0.828125 0.984375 0.830078 0.982422 0.830078 0.976562 0.828125 0.974609 0.824219 0.974609
0 0.068359 0.970703 0.068359 0.976562 0.066406 0.978516 0.066406 0.980469 0.072266 0.980469 0.072266 0.978516 0.074219 0.976562 0.074219 0.970703
0 0.203125 0.957031 0.205078 0.958984 0.207031 0.958984 0.210938 0.962891 0.210938 0.964844 0.212891 0.964844 0.214844 0.966797 0.212891 0.968750 0.214844 0.970703 0.216797 0.970703 0.218750 0.972656 0.218750 0.976562 0.220703 0.978516 0.220703 0.980469 0.222656 0.980469 0.222656 0.978516 0.220703 0.978516 0.218750 0.976562 0.220703 0.974609 0.218750 0.972656 0.218750 0.968750 0.216797 0.966797 0.216797 0.964844 0.214844 0.964844 0.210938 0.960938 0.210938 0.955078 0.207031 0.955078 0.205078 0.957031
0 0.046875 0.947266 0.044922 0.947266 0.044922 0.955078 0.046875 0.955078 0.048828 0.957031 0.048828 0.958984 0.046875 0.960938 0.048828 0.962891 0.048828 0.968750 0.046875 0.970703 0.044922 0.970703 0.042969 0.972656 0.042969 0.974609 0.029297 0.988281 0.029297 0.998047 0.035156 0.998047 0.033203 0.996094 0.033203 0.992188 0.052734 0.972656 0.052734 0.968750 0.050781 0.966797 0.050781 0.960938 0.048828 0.958984 0.048828 0.951172 0.046875 0.949219
0 0.554688 0.945312 0.552734 0.945312 0.552734 0.947266 0.550781 0.949219 0.550781 0.953125 0.552734 0.955078 0.552734 0.958984 0.546875 0.964844 0.546875 0.966797 0.544922 0.968750 0.544922 0.970703 0.546875 0.970703 0.548828 0.972656 0.548828 0.978516 0.546875 0.980469 0.546875 0.982422 0.548828 0.982422 0.548828 0.978516 0.550781 0.976562 0.550781 0.974609 0.546875 0.970703 0.548828 0.968750 0.550781 0.968750 0.550781 0.962891 0.552734 0.960938 0.552734 0.957031 0.554688 0.955078 0.556641 0.955078 0.556641 0.953125 0.554688 0.951172
0 0.384766 0.937500 0.382812 0.939453 0.380859 0.939453 0.378906 0.941406 0.373047 0.941406 0.371094 0.943359 0.367188 0.943359 0.365234 0.945312 0.363281 0.945312 0.363281 0.955078 0.367188 0.958984 0.367188 0.960938 0.373047 0.960938 0.375000 0.962891 0.375000 0.964844 0.376953 0.966797 0.380859 0.966797 0.382812 0.964844 0.384766 0.964844 0.386719 0.962891 0.390625 0.962891 0.390625 0.958984 0.398438 0.951172 0.398438 0.949219 0.394531 0.945312 0.392578 0.947266 0.384766 0.947266 0.382812 0.945312 0.382812 0.941406 0.384766 0.939453
0 0.863281 0.933594 0.861328 0.933594 0.859375 0.935547 0.859375 0.945312 0.861328 0.943359 0.865234 0.943359 0.863281 0.941406
0 0.611328 0.937500 0.611328 0.939453 0.609375 0.941406 0.611328 0.943359 0.611328 0.947266 0.630859 0.947266 0.634766 0.951172 0.640625 0.951172 0.644531 0.955078 0.648438 0.955078 0.650391 0.957031 0.646484 0.960938 0.644531 0.960938 0.644531 0.966797 0.640625 0.970703 0.640625 0.972656 0.644531 0.972656 0.646484 0.970703 0.652344 0.974609 0.658203 0.974609 0.660156 0.976562 0.660156 0.980469 0.654297 0.986328 0.652344 0.986328 0.654297 0.986328 0.656250 0.988281 0.656250 0.992188 0.654297 0.994141 0.652344 0.994141 0.652344 0.998047 0.662109 0.998047 0.662109 0.996094 0.666016 0.992188 0.666016 0.990234 0.664062 0.988281 0.660156 0.988281 0.658203 0.986328 0.658203 0.982422 0.662109 0.978516 0.666016 0.982422 0.681641 0.982422 0.681641 0.972656 0.679688 0.970703 0.666016 0.970703 0.666016 0.972656 0.667969 0.972656 0.669922 0.974609 0.669922 0.976562 0.666016 0.980469 0.664062 0.980469 0.662109 0.978516 0.662109 0.976562 0.656250 0.970703 0.656250 0.964844 0.654297 0.962891 0.654297 0.958984 0.658203 0.955078 0.658203 0.953125 0.644531 0.953125 0.642578 0.951172 0.642578 0.949219 0.644531 0.947266 0.642578 0.945312 0.642578 0.941406 0.646484 0.937500 0.650391 0.937500 0.648438 0.931641 0.644531 0.931641 0.638672 0.927734 0.638672 0.931641 0.640625 0.933594 0.640625 0.937500 0.638672 0.939453 0.625000 0.939453 0.619141 0.943359 0.613281 0.943359 0.611328 0.941406
0 0.593750 0.923828 0.593750 0.927734 0.595703 0.929688 0.607422 0.929688 0.609375 0.927734 0.609375 0.923828 0.607422 0.923828 0.605469 0.925781 0.603516 0.923828
0 0.359375 0.929688 0.361328 0.929688 0.365234 0.925781 0.373047 0.925781 0.375000 0.927734 0.378906 0.927734 0.380859 0.929688 0.382812 0.929688 0.386719 0.925781 0.394531 0.925781 0.386719 0.925781 0.384766 0.923828 0.378906 0.923828 0.376953 0.925781 0.375000 0.925781 0.373047 0.923828 0.371094 0.923828 0.369141 0.925781 0.365234 0.925781 0.363281 0.923828 0.359375 0.923828 0.361328 0.925781 0.361328 0.927734
0 0.080078 0.917969 0.080078 0.921875 0.083984 0.921875 0.085938 0.923828 0.083984 0.925781 0.082031 0.925781 0.083984 0.925781 0.085938 0.927734 0.085938 0.939453 0.089844 0.939453 0.091797 0.941406 0.089844 0.943359 0.089844 0.945312 0.087891 0.947266 0.085938 0.947266 0.085938 0.949219 0.087891 0.947266 0.089844 0.949219 0.089844 0.958984 0.091797 0.958984 0.095703 0.955078 0.095703 0.951172 0.097656 0.949219 0.099609 0.951172 0.099609 0.945312 0.101562 0.943359 0.105469 0.943359 0.107422 0.941406 0.113281 0.941406 0.113281 0.939453 0.115234 0.937500 0.117188 0.937500 0.121094 0.941406 0.121094 0.943359 0.123047 0.943359 0.123047 0.937500 0.121094 0.937500 0.119141 0.939453 0.117188 0.937500 0.117188 0.927734 0.113281 0.931641 0.101562 0.931641 0.099609 0.929688 0.101562 0.931641 0.101562 0.935547 0.103516 0.935547 0.105469 0.937500 0.103516 0.939453 0.099609 0.939453 0.097656 0.937500 0.097656 0.935547 0.093750 0.935547 0.091797 0.933594 0.091797 0.931641 0.087891 0.927734 0.089844 0.925781 0.087891 0.923828 0.087891 0.921875 0.085938 0.919922 0.085938 0.917969
0 0.101562 0.916016 0.101562 0.919922 0.105469 0.919922 0.107422 0.921875 0.107422 0.927734 0.107422 0.925781 0.111328 0.921875 0.113281 0.923828 0.115234 0.921875 0.117188 0.921875 0.117188 0.917969 0.115234 0.916016 0.115234 0.914062 0.105469 0.914062 0.103516 0.916016
0 0.562500 0.910156 0.562500 0.912109 0.560547 0.914062 0.560547 0.916016 0.558594 0.917969 0.558594 0.929688 0.556641 0.931641 0.556641 0.935547 0.560547 0.935547 0.560547 0.931641 0.562500 0.929688 0.566406 0.929688 0.568359 0.931641 0.566406 0.933594 0.564453 0.933594 0.566406 0.935547 0.568359 0.935547 0.570312 0.937500 0.572266 0.935547 0.574219 0.935547 0.576172 0.937500 0.572266 0.941406 0.580078 0.941406 0.580078 0.939453 0.582031 0.937500 0.587891 0.937500 0.587891 0.931641 0.585938 0.931641 0.582031 0.927734 0.583984 0.925781 0.589844 0.925781 0.589844 0.921875 0.583984 0.921875 0.582031 0.923828 0.580078 0.923828 0.582031 0.925781 0.578125 0.929688 0.576172 0.929688 0.574219 0.931641 0.572266 0.929688 0.566406 0.929688 0.564453 0.927734 0.566406 0.925781 0.566406 0.921875 0.564453 0.919922 0.564453 0.917969 0.566406 0.916016 0.572266 0.921875 0.572266 0.917969 0.570312 0.919922 0.566406 0.916016 0.566406 0.912109 0.564453 0.912109
0 0.126953 0.914062 0.126953 0.917969 0.128906 0.919922 0.126953 0.921875 0.128906 0.923828 0.128906 0.931641 0.130859 0.931641 0.134766 0.927734 0.138672 0.929688 0.136719 0.933594 0.136719 0.941406 0.134766 0.943359 0.136719 0.947266 0.132812 0.953125 0.132812 0.958984 0.130859 0.960938 0.132812 0.962891 0.132812 0.978516 0.134766 0.980469 0.144531 0.980469 0.146484 0.982422 0.148438 0.980469 0.152344 0.980469 0.152344 0.978516 0.156250 0.974609 0.158203 0.976562 0.158203 0.980469 0.164062 0.980469 0.166016 0.982422 0.166016 0.990234 0.167969 0.992188 0.167969 0.998047 0.173828 0.998047 0.181641 0.994141 0.183594 0.994141 0.185547 0.998047 0.224609 0.998047 0.224609 0.996094 0.218750 0.988281 0.208984 0.990234 0.208984 0.994141 0.205078 0.998047 0.199219 0.992188 0.201172 0.984375 0.187500 0.986328 0.185547 0.990234 0.181641 0.988281 0.179688 0.990234 0.175781 0.990234 0.173828 0.988281 0.173828 0.982422 0.175781 0.980469 0.179688 0.980469 0.183594 0.976562 0.191406 0.972656 0.201172 0.972656 0.201172 0.968750 0.197266 0.966797 0.191406 0.960938 0.191406 0.958984 0.189453 0.960938 0.177734 0.960938 0.175781 0.958984 0.175781 0.955078 0.181641 0.951172 0.183594 0.955078 0.185547 0.955078 0.183594 0.949219 0.179688 0.945312 0.179688 0.941406 0.171875 0.939453 0.167969 0.931641 0.166016 0.931641 0.164062 0.927734 0.156250 0.921875 0.154297 0.916016 0.148438 0.910156 0.144531 0.910156 0.142578 0.908203 0.140625 0.912109 0.136719 0.912109 0.134766 0.914062
0 0.916016 0.896484 0.916016 0.898438 0.914062 0.900391 0.914062 0.902344 0.916016 0.904297 0.917969 0.904297 0.919922 0.906250 0.921875 0.906250 0.923828 0.904297 0.923828 0.900391 0.925781 0.898438 0.925781 0.896484
0 0.685547 0.914062 0.687500 0.916016 0.687500 0.919922 0.689453 0.921875 0.689453 0.912109 0.691406 0.910156 0.695312 0.910156 0.697266 0.908203 0.703125 0.908203 0.705078 0.906250 0.707031 0.906250 0.708984 0.904297 0.712891 0.904297 0.714844 0.906250 0.714844 0.908203 0.716797 0.910156 0.726562 0.910156 0.726562 0.906250 0.728516 0.904297 0.732422 0.904297 0.734375 0.906250 0.732422 0.908203 0.736328 0.908203 0.736328 0.904297 0.734375 0.902344 0.732422 0.904297 0.718750 0.904297 0.716797 0.902344 0.716797 0.898438 0.703125 0.898438 0.701172 0.896484 0.691406 0.896484 0.687500 0.900391 0.689453 0.902344 0.687500 0.904297 0.685547 0.904297
0 0.554688 0.900391 0.554688 0.902344 0.556641 0.900391 0.560547 0.900391 0.564453 0.904297 0.566406 0.904297 0.568359 0.906250 0.572266 0.906250 0.574219 0.908203 0.574219 0.912109 0.576172 0.910156 0.578125 0.910156 0.576172 0.910156 0.574219 0.908203 0.576172 0.906250 0.578125 0.906250 0.580078 0.904297 0.582031 0.904297 0.583984 0.906250 0.583984 0.908203 0.585938 0.910156 0.585938 0.912109 0.587891 0.912109 0.585938 0.910156 0.585938 0.908203 0.587891 0.906250 0.589844 0.908203 0.591797 0.906250 0.593750 0.906250 0.593750 0.900391 0.587891 0.900391 0.585938 0.902344 0.583984 0.902344 0.582031 0.900391 0.560547 0.900391 0.558594 0.898438 0.558594 0.896484 0.556641 0.896484 0.556641 0.898438
0 0.535156 0.886719 0.535156 0.888672 0.537109 0.890625 0.535156 0.892578 0.535156 0.894531 0.533203 0.896484 0.533203 0.898438 0.531250 0.900391 0.529297 0.900391 0.527344 0.902344 0.525391 0.902344 0.525391 0.904297 0.531250 0.904297 0.533203 0.906250 0.533203 0.908203 0.529297 0.912109 0.529297 0.916016 0.531250 0.917969 0.535156 0.917969 0.537109 0.919922 0.537109 0.921875 0.535156 0.923828 0.533203 0.923828 0.531250 0.921875 0.535156 0.925781 0.535156 0.929688 0.537109 0.929688 0.537109 0.925781 0.539062 0.923828 0.541016 0.923828 0.539062 0.923828 0.537109 0.921875 0.537109 0.919922 0.535156 0.917969 0.535156 0.916016 0.537109 0.914062 0.537109 0.910156 0.535156 0.910156 0.533203 0.908203 0.533203 0.906250 0.537109 0.902344 0.535156 0.900391 0.535156 0.898438 0.539062 0.894531 0.542969 0.894531 0.544922 0.892578 0.544922 0.888672 0.539062 0.888672 0.537109 0.886719
0 0.363281 0.886719 0.361328 0.888672 0.357422 0.888672 0.355469 0.886719 0.353516 0.888672 0.351562 0.888672 0.349609 0.890625 0.339844 0.890625 0.341797 0.892578 0.341797 0.894531 0.355469 0.894531 0.355469 0.892578 0.359375 0.888672 0.363281 0.888672
0 0.767578 0.880859 0.767578 0.884766 0.769531 0.884766 0.771484 0.886719 0.775391 0.886719 0.777344 0.884766 0.773438 0.880859
0 0.371094 0.878906 0.371094 0.882812 0.373047 0.884766 0.376953 0.884766 0.378906 0.886719 0.378906 0.890625 0.376953 0.892578 0.380859 0.896484 0.378906 0.894531 0.378906 0.890625 0.380859 0.888672 0.380859 0.886719 0.382812 0.884766 0.380859 0.882812 0.382812 0.880859 0.380859 0.880859 0.376953 0.884766 0.375000 0.882812 0.375000 0.878906
0 0.000000 0.876953 0.000000 0.878906 0.001953 0.880859 0.001953 0.882812 0.003906 0.884766 0.003906 0.886719 0.005859 0.888672 0.005859 0.890625 0.007812 0.890625 0.009766 0.892578 0.009766 0.894531 0.011719 0.896484 0.011719 0.898438 0.013672 0.898438 0.015625 0.900391 0.015625 0.902344 0.021484 0.902344 0.023438 0.904297 0.031250 0.904297 0.033203 0.906250 0.035156 0.906250 0.041016 0.912109 0.041016 0.910156 0.035156 0.904297 0.023438 0.904297 0.021484 0.902344 0.019531 0.902344 0.017578 0.900391 0.015625 0.900391 0.011719 0.896484 0.011719 0.894531 0.009766 0.892578 0.009766 0.890625 0.007812 0.888672 0.007812 0.884766 0.005859 0.884766 0.003906 0.882812 0.003906 0.880859 0.001953 0.880859 0.000000 0.878906
0 0.539062 0.863281 0.539062 0.865234 0.541016 0.865234 0.542969 0.867188 0.541016 0.869141 0.539062 0.869141 0.539062 0.873047 0.541016 0.873047 0.542969 0.875000 0.541016 0.876953 0.539062 0.876953 0.539062 0.878906 0.550781 0.878906 0.550781 0.876953 0.548828 0.875000 0.548828 0.873047 0.550781 0.871094 0.546875 0.867188 0.542969 0.867188 0.541016 0.865234 0.541016 0.863281
0 0.638672 0.857422 0.636719 0.859375 0.632812 0.859375 0.630859 0.861328 0.628906 0.861328 0.630859 0.863281 0.630859 0.865234 0.632812 0.867188 0.632812 0.873047 0.634766 0.873047 0.636719 0.871094 0.638672 0.873047 0.642578 0.873047 0.644531 0.871094 0.642578 0.869141 0.642578 0.865234 0.640625 0.863281 0.640625 0.861328 0.638672 0.859375
0 0.599609 0.851562 0.599609 0.863281 0.597656 0.865234 0.595703 0.865234 0.597656 0.865234 0.599609 0.867188 0.599609 0.869141 0.597656 0.871094 0.595703 0.871094 0.597656 0.871094 0.599609 0.873047 0.599609 0.876953 0.597656 0.878906 0.595703 0.878906 0.599609 0.878906 0.603516 0.882812 0.605469 0.882812 0.603516 0.880859 0.605469 0.878906 0.609375 0.878906 0.613281 0.875000 0.611328 0.875000 0.609375 0.873047 0.609375 0.869141 0.607422 0.867188 0.605469 0.867188 0.603516 0.865234 0.603516 0.863281 0.601562 0.863281 0.599609 0.861328 0.601562 0.859375 0.601562 0.853516
0 0.136719 0.880859 0.154297 0.896484 0.158203 0.908203 0.197266 0.953125 0.203125 0.951172 0.203125 0.945312 0.214844 0.949219 0.251953 0.945312 0.250000 0.953125 0.224609 0.958984 0.232422 0.964844 0.234375 0.974609 0.224609 0.984375 0.234375 0.998047 0.242188 0.998047 0.246094 0.992188 0.251953 0.998047 0.296875 0.998047 0.320312 0.992188 0.316406 0.986328 0.296875 0.988281 0.298828 0.982422 0.316406 0.978516 0.316406 0.974609 0.292969 0.966797 0.355469 0.951172 0.355469 0.937500 0.349609 0.937500 0.343750 0.923828 0.337891 0.927734 0.316406 0.925781 0.335938 0.916016 0.328125 0.912109 0.333984 0.910156 0.335938 0.900391 0.322266 0.898438 0.306641 0.908203 0.292969 0.902344 0.300781 0.898438 0.296875 0.894531 0.304688 0.898438 0.300781 0.890625 0.310547 0.880859 0.314453 0.886719 0.308594 0.890625 0.318359 0.888672 0.324219 0.878906 0.320312 0.876953 0.322266 0.865234 0.316406 0.865234 0.320312 0.857422 0.314453 0.857422 0.314453 0.867188 0.304688 0.869141 0.300781 0.863281 0.300781 0.871094 0.271484 0.880859 0.285156 0.902344 0.283203 0.910156 0.279297 0.904297 0.275391 0.906250 0.285156 0.912109 0.257812 0.917969 0.257812 0.929688 0.250000 0.921875 0.191406 0.935547 0.183594 0.923828 0.201172 0.910156 0.222656 0.912109 0.220703 0.902344 0.199219 0.900391 0.193359 0.894531 0.201172 0.886719 0.208984 0.890625 0.203125 0.882812 0.207031 0.876953 0.214844 0.886719 0.236328 0.888672 0.240234 0.904297 0.277344 0.900391 0.246094 0.890625 0.250000 0.873047 0.267578 0.871094 0.255859 0.863281 0.261719 0.857422 0.251953 0.867188 0.248047 0.863281 0.238281 0.867188 0.218750 0.853516 0.207031 0.855469 0.203125 0.851562 0.199219 0.853516 0.201172 0.873047 0.193359 0.873047 0.187500 0.865234 0.185547 0.869141 0.152344 0.871094
0 0.525391 0.851562 0.517578 0.851562 0.515625 0.849609 0.513672 0.851562 0.511719 0.851562 0.509766 0.853516 0.509766 0.859375 0.511719 0.857422 0.511719 0.855469 0.513672 0.853516 0.517578 0.853516 0.519531 0.855469 0.525391 0.855469
0 0.037109 0.845703 0.037109 0.849609 0.039062 0.851562 0.037109 0.853516 0.035156 0.853516 0.037109 0.853516 0.039062 0.855469 0.041016 0.853516 0.046875 0.853516 0.048828 0.855469 0.048828 0.849609 0.046875 0.847656 0.042969 0.847656 0.041016 0.845703
0 0.433594 0.843750 0.433594 0.849609 0.425781 0.857422 0.423828 0.857422 0.423828 0.869141 0.429688 0.869141 0.431641 0.871094 0.429688 0.873047 0.429688 0.876953 0.433594 0.876953 0.433594 0.871094 0.431641 0.869141 0.433594 0.867188 0.447266 0.867188 0.445312 0.865234 0.445312 0.861328 0.447266 0.859375 0.445312 0.857422 0.443359 0.857422 0.441406 0.855469 0.441406 0.857422 0.437500 0.861328 0.435547 0.859375 0.435547 0.857422 0.433594 0.855469 0.433594 0.849609 0.435547 0.847656 0.435547 0.845703
0 0.361328 0.841797 0.357422 0.841797 0.355469 0.843750 0.355469 0.845703 0.349609 0.851562 0.345703 0.851562 0.345703 0.855469 0.347656 0.857422 0.345703 0.859375 0.345703 0.861328 0.343750 0.863281 0.339844 0.863281 0.335938 0.867188 0.335938 0.875000 0.345703 0.875000 0.347656 0.876953 0.353516 0.876953 0.355469 0.878906 0.353516 0.880859 0.355469 0.882812 0.357422 0.880859 0.357422 0.878906 0.355469 0.876953 0.357422 0.875000 0.357422 0.873047 0.355469 0.871094 0.355469 0.863281 0.361328 0.857422 0.363281 0.857422 0.363281 0.843750
0 0.296875 0.843750 0.294922 0.841797 0.292969 0.843750 0.291016 0.843750 0.287109 0.847656 0.283203 0.847656 0.283203 0.849609 0.285156 0.851562 0.285156 0.853516 0.287109 0.853516 0.291016 0.849609 0.292969 0.849609 0.294922 0.851562 0.294922 0.849609 0.296875 0.847656
0 0.496094 0.839844 0.486328 0.845703 0.488281 0.859375 0.460938 0.865234 0.474609 0.869141 0.472656 0.878906 0.460938 0.878906 0.457031 0.875000 0.458984 0.871094 0.447266 0.878906 0.453125 0.882812 0.449219 0.896484 0.451172 0.910156 0.443359 0.910156 0.439453 0.916016 0.458984 0.916016 0.460938 0.896484 0.470703 0.890625 0.476562 0.890625 0.476562 0.896484 0.488281 0.896484 0.492188 0.910156 0.494141 0.898438 0.501953 0.892578 0.505859 0.900391 0.496094 0.912109 0.496094 0.921875 0.429688 0.923828 0.433594 0.929688 0.453125 0.927734 0.457031 0.931641 0.476562 0.925781 0.480469 0.929688 0.476562 0.943359 0.460938 0.935547 0.443359 0.935547 0.441406 0.941406 0.412109 0.937500 0.406250 0.943359 0.417969 0.960938 0.417969 0.970703 0.421875 0.968750 0.429688 0.974609 0.429688 0.982422 0.419922 0.984375 0.419922 0.988281 0.427734 0.986328 0.431641 0.996094 0.445312 0.996094 0.447266 0.990234 0.455078 0.996094 0.468750 0.996094 0.472656 0.984375 0.486328 0.992188 0.482422 0.994141 0.488281 0.994141 0.486328 0.986328 0.478516 0.984375 0.478516 0.974609 0.484375 0.970703 0.490234 0.984375 0.494141 0.982422 0.494141 0.966797 0.498047 0.964844 0.498047 0.958984 0.490234 0.955078 0.494141 0.949219 0.498047 0.953125 0.503906 0.949219 0.509766 0.964844 0.509766 0.953125 0.523438 0.951172 0.529297 0.962891 0.519531 0.970703 0.523438 0.972656 0.523438 0.980469 0.529297 0.980469 0.529297 0.970703 0.527344 0.974609 0.525391 0.968750 0.529297 0.966797 0.531250 0.951172 0.535156 0.953125 0.539062 0.947266 0.546875 0.947266 0.544922 0.941406 0.537109 0.945312 0.533203 0.939453 0.537109 0.945312 0.533203 0.947266 0.525391 0.939453 0.529297 0.933594 0.525391 0.927734 0.527344 0.919922 0.521484 0.923828 0.517578 0.919922 0.511719 0.933594 0.505859 0.916016 0.515625 0.906250 0.513672 0.894531 0.523438 0.886719 0.523438 0.876953 0.513672 0.873047 0.505859 0.880859 0.509766 0.884766 0.494141 0.892578 0.498047 0.884766 0.490234 0.888672 0.488281 0.882812 0.496094 0.876953 0.488281 0.869141 0.484375 0.873047 0.476562 0.869141 0.480469 0.863281 0.492188 0.863281
0 0.394531 0.835938 0.396484 0.837891 0.394531 0.839844 0.392578 0.839844 0.392578 0.841797 0.390625 0.843750 0.390625 0.849609 0.388672 0.851562 0.386719 0.851562 0.386719 0.855469 0.384766 0.857422 0.384766 0.859375 0.382812 0.861328 0.382812 0.863281 0.380859 0.865234 0.380859 0.869141 0.382812 0.869141 0.382812 0.867188 0.384766 0.865234 0.388672 0.865234 0.390625 0.867188 0.390625 0.875000 0.388672 0.876953 0.386719 0.876953 0.388672 0.876953 0.390625 0.878906 0.388672 0.880859 0.386719 0.880859 0.386719 0.882812 0.388672 0.882812 0.390625 0.884766 0.392578 0.882812 0.396484 0.882812 0.398438 0.884766 0.396484 0.886719 0.394531 0.886719 0.400391 0.886719 0.402344 0.888672 0.402344 0.884766 0.404297 0.882812 0.408203 0.882812 0.408203 0.880859 0.406250 0.882812 0.404297 0.882812 0.402344 0.880859 0.402344 0.878906 0.396484 0.873047 0.398438 0.871094 0.398438 0.863281 0.396484 0.861328 0.396484 0.857422 0.398438 0.855469 0.398438 0.853516 0.394531 0.853516 0.392578 0.851562 0.394531 0.849609 0.394531 0.847656 0.396484 0.845703 0.396484 0.843750 0.398438 0.841797 0.396484 0.839844 0.398438 0.837891 0.398438 0.835938
0 0.740234 0.833984 0.738281 0.835938 0.738281 0.841797 0.734375 0.845703 0.734375 0.847656 0.736328 0.847656 0.738281 0.849609 0.742188 0.849609 0.744141 0.851562 0.744141 0.853516 0.757812 0.853516 0.759766 0.855469 0.759766 0.857422 0.761719 0.857422 0.763672 0.855469 0.763672 0.853516 0.757812 0.853516 0.755859 0.851562 0.755859 0.847656 0.748047 0.847656 0.746094 0.845703 0.746094 0.841797 0.748047 0.839844 0.750000 0.839844 0.751953 0.837891 0.753906 0.837891 0.753906 0.833984
0 0.830078 0.830078 0.824219 0.830078 0.822266 0.832031 0.822266 0.841797 0.820312 0.843750 0.820312 0.845703 0.818359 0.847656 0.818359 0.853516 0.814453 0.857422 0.814453 0.859375 0.812500 0.861328 0.812500 0.863281 0.810547 0.865234 0.810547 0.869141 0.808594 0.871094 0.808594 0.876953 0.806641 0.878906 0.804688 0.878906 0.802734 0.876953 0.800781 0.876953 0.804688 0.880859 0.802734 0.882812 0.804688 0.884766 0.804688 0.892578 0.800781 0.896484 0.802734 0.898438 0.804688 0.896484 0.806641 0.896484 0.806641 0.894531 0.808594 0.892578 0.808594 0.886719 0.810547 0.884766 0.810547 0.882812 0.812500 0.880859 0.812500 0.869141 0.814453 0.867188 0.814453 0.865234 0.812500 0.863281 0.818359 0.857422 0.820312 0.857422 0.822266 0.859375 0.826172 0.859375 0.826172 0.849609 0.828125 0.847656 0.828125 0.841797 0.830078 0.839844 0.830078 0.835938 0.832031 0.833984 0.830078 0.832031
0 0.800781 0.826172 0.796875 0.826172 0.792969 0.830078 0.781250 0.830078 0.779297 0.832031 0.757812 0.832031 0.757812 0.835938 0.763672 0.835938 0.765625 0.837891 0.769531 0.837891 0.771484 0.835938 0.777344 0.835938 0.777344 0.833984 0.779297 0.832031 0.783203 0.832031 0.785156 0.833984 0.787109 0.833984 0.789062 0.835938 0.792969 0.835938 0.792969 0.833984 0.794922 0.832031 0.796875 0.833984 0.798828 0.832031 0.800781 0.832031
0 0.564453 0.824219 0.564453 0.826172 0.562500 0.828125 0.562500 0.837891 0.564453 0.839844 0.564453 0.841797 0.566406 0.841797 0.568359 0.839844 0.570312 0.841797 0.570312 0.845703 0.568359 0.847656 0.566406 0.845703 0.564453 0.847656 0.556641 0.847656 0.556641 0.851562 0.558594 0.851562 0.560547 0.853516 0.558594 0.855469 0.556641 0.855469 0.556641 0.863281 0.560547 0.863281 0.562500 0.861328 0.564453 0.863281 0.566406 0.863281 0.570312 0.867188 0.574219 0.867188 0.576172 0.865234 0.578125 0.865234 0.578125 0.845703 0.580078 0.843750 0.580078 0.841797 0.578125 0.839844 0.574219 0.839844 0.570312 0.835938 0.570312 0.832031 0.572266 0.830078 0.568359 0.826172 0.568359 0.824219
0 0.429688 0.824219 0.433594 0.828125 0.433594 0.833984 0.437500 0.837891 0.437500 0.835938 0.439453 0.833984 0.439453 0.832031 0.437500 0.830078 0.437500 0.824219
0 0.320312 0.822266 0.320312 0.824219 0.318359 0.826172 0.316406 0.824219 0.316406 0.832031 0.318359 0.832031 0.320312 0.833984 0.320312 0.841797 0.322266 0.839844 0.324219 0.841797 0.324219 0.843750 0.328125 0.839844 0.330078 0.839844 0.330078 0.835938 0.332031 0.833984 0.332031 0.832031 0.328125 0.832031 0.324219 0.828125 0.322266 0.828125 0.320312 0.826172 0.320312 0.824219 0.322266 0.822266
0 0.220703 0.814453 0.220703 0.818359 0.224609 0.822266 0.224609 0.824219 0.226562 0.826172 0.226562 0.828125 0.232422 0.833984 0.232422 0.835938 0.234375 0.837891 0.236328 0.837891 0.238281 0.839844 0.238281 0.841797 0.242188 0.845703 0.244141 0.845703 0.250000 0.851562 0.250000 0.853516 0.251953 0.855469 0.255859 0.855469 0.255859 0.853516 0.257812 0.851562 0.263672 0.851562 0.261719 0.849609 0.261719 0.847656 0.259766 0.847656 0.257812 0.845703 0.257812 0.843750 0.251953 0.843750 0.250000 0.841797 0.246094 0.841797 0.244141 0.839844 0.250000 0.833984 0.250000 0.830078 0.250000 0.833984 0.248047 0.835938 0.246094 0.833984 0.246094 0.835938 0.244141 0.837891 0.242188 0.837891 0.240234 0.835938 0.238281 0.837891 0.236328 0.835938 0.234375 0.835938 0.232422 0.833984 0.232422 0.830078 0.228516 0.826172 0.228516 0.824219 0.224609 0.820312 0.224609 0.818359
0 0.738281 0.814453 0.740234 0.816406 0.757812 0.816406 0.759766 0.814453 0.769531 0.814453 0.748047 0.814453 0.746094 0.812500 0.744141 0.814453 0.742188 0.814453 0.740234 0.812500
0 0.486328 0.804688 0.486328 0.806641 0.488281 0.808594 0.488281 0.810547 0.490234 0.812500 0.490234 0.814453 0.492188 0.816406 0.494141 0.816406 0.496094 0.814453 0.498047 0.814453 0.500000 0.812500 0.503906 0.812500 0.505859 0.814453 0.505859 0.808594 0.503906 0.808594 0.501953 0.806641 0.501953 0.804688 0.498047 0.804688 0.496094 0.802734 0.496094 0.806641 0.494141 0.808594 0.492188 0.808594 0.488281 0.804688
0 0.558594 0.796875 0.556641 0.796875 0.554688 0.798828 0.546875 0.798828 0.546875 0.804688 0.542969 0.808594 0.542969 0.814453 0.544922 0.814453 0.546875 0.816406 0.550781 0.816406 0.548828 0.814453 0.550781 0.812500 0.550781 0.810547 0.552734 0.808594 0.554688 0.810547 0.554688 0.812500 0.556641 0.810547 0.558594 0.810547 0.558594 0.808594 0.552734 0.808594 0.550781 0.806641 0.552734 0.804688 0.552734 0.802734 0.554688 0.800781 0.554688 0.798828 0.556641 0.796875
0 0.513672 0.794922 0.511719 0.796875 0.511719 0.806641 0.513672 0.808594 0.513672 0.810547 0.511719 0.812500 0.513672 0.814453 0.513672 0.816406 0.511719 0.818359 0.511719 0.822266 0.507812 0.826172 0.505859 0.826172 0.505859 0.828125 0.507812 0.828125 0.507812 0.826172 0.513672 0.820312 0.513672 0.818359 0.515625 0.816406 0.517578 0.816406 0.519531 0.818359 0.519531 0.820312 0.523438 0.820312 0.527344 0.824219 0.527344 0.826172 0.531250 0.826172 0.533203 0.824219 0.531250 0.822266 0.531250 0.818359 0.533203 0.816406 0.535156 0.816406 0.535156 0.814453 0.537109 0.812500 0.539062 0.812500 0.539062 0.810547 0.537109 0.810547 0.535156 0.808594 0.535156 0.806641 0.533203 0.804688 0.533203 0.802734 0.533203 0.804688 0.531250 0.806641 0.527344 0.806641 0.525391 0.808594 0.523438 0.806641 0.519531 0.806641 0.517578 0.804688 0.517578 0.800781 0.515625 0.798828 0.515625 0.794922
0 0.201172 0.781250 0.201172 0.785156 0.203125 0.787109 0.203125 0.791016 0.207031 0.794922 0.207031 0.796875 0.208984 0.798828 0.208984 0.800781 0.210938 0.802734 0.210938 0.804688 0.214844 0.808594 0.214844 0.810547 0.216797 0.810547 0.216797 0.806641 0.214844 0.806641 0.212891 0.804688 0.212891 0.798828 0.210938 0.796875 0.210938 0.794922 0.208984 0.792969 0.208984 0.791016 0.205078 0.787109 0.205078 0.781250
0 0.875000 0.779297 0.875000 0.787109 0.873047 0.789062 0.873047 0.798828 0.875000 0.800781 0.878906 0.800781 0.878906 0.791016 0.880859 0.789062 0.882812 0.789062 0.882812 0.781250 0.880859 0.781250 0.878906 0.779297
0 0.638672 0.779297 0.636719 0.781250 0.636719 0.785156 0.640625 0.789062 0.640625 0.792969 0.638672 0.794922 0.638672 0.808594 0.636719 0.810547 0.638672 0.812500 0.636719 0.826172 0.632812 0.828125 0.632812 0.832031 0.628906 0.837891 0.621094 0.837891 0.613281 0.833984 0.611328 0.835938 0.609375 0.845703 0.605469 0.847656 0.607422 0.849609 0.607422 0.853516 0.609375 0.851562 0.619141 0.853516 0.617188 0.849609 0.626953 0.845703 0.634766 0.845703 0.636719 0.847656 0.646484 0.847656 0.648438 0.845703 0.656250 0.849609 0.664062 0.849609 0.666016 0.851562 0.666016 0.867188 0.677734 0.867188 0.685547 0.873047 0.683594 0.876953 0.679688 0.876953 0.681641 0.882812 0.681641 0.878906 0.687500 0.875000 0.689453 0.871094 0.695312 0.871094 0.697266 0.869141 0.695312 0.865234 0.695312 0.855469 0.693359 0.853516 0.687500 0.853516 0.681641 0.849609 0.683594 0.845703 0.681641 0.837891 0.675781 0.849609 0.673828 0.845703 0.669922 0.847656 0.667969 0.845703 0.669922 0.839844 0.673828 0.837891 0.673828 0.835938 0.669922 0.833984 0.669922 0.832031 0.673828 0.830078 0.671875 0.830078 0.669922 0.826172 0.673828 0.824219 0.675781 0.820312 0.675781 0.802734 0.679688 0.798828 0.683594 0.798828 0.683594 0.794922 0.681641 0.796875 0.677734 0.792969 0.666016 0.789062 0.666016 0.796875 0.664062 0.798828 0.662109 0.814453 0.660156 0.816406 0.660156 0.824219 0.658203 0.826172 0.658203 0.839844 0.656250 0.841797 0.656250 0.845703 0.652344 0.847656 0.650391 0.843750 0.642578 0.837891 0.644531 0.833984 0.646484 0.835938 0.648438 0.833984 0.648438 0.830078 0.644531 0.822266 0.648438 0.818359 0.646484 0.816406 0.648438 0.814453 0.650391 0.796875 0.646484 0.792969 0.646484 0.789062 0.640625 0.785156 0.640625 0.781250
0 0.828125 0.777344 0.828125 0.781250 0.826172 0.783203 0.822266 0.783203 0.822266 0.785156 0.824219 0.785156 0.828125 0.789062 0.828125 0.791016 0.830078 0.791016 0.832031 0.792969 0.832031 0.794922 0.832031 0.792969 0.833984 0.791016 0.833984 0.787109 0.832031 0.785156 0.832031 0.783203 0.830078 0.783203 0.828125 0.781250 0.828125 0.779297 0.830078 0.777344
0 0.771484 0.775391 0.771484 0.777344 0.769531 0.779297 0.769531 0.794922 0.775391 0.794922 0.777344 0.792969 0.777344 0.779297 0.773438 0.779297 0.771484 0.777344
0 0.191406 0.785156 0.183594 0.777344 0.175781 0.775391 0.173828 0.777344 0.175781 0.781250 0.167969 0.789062 0.162109 0.787109 0.158203 0.789062 0.158203 0.791016 0.166016 0.791016 0.167969 0.789062 0.173828 0.792969 0.181641 0.792969 0.187500 0.796875 0.185547 0.798828 0.179688 0.798828 0.177734 0.800781 0.173828 0.798828 0.167969 0.798828 0.166016 0.796875 0.162109 0.798828 0.158203 0.798828 0.156250 0.796875 0.152344 0.796875 0.150391 0.798828 0.142578 0.798828 0.140625 0.796875 0.128906 0.796875 0.125000 0.798828 0.128906 0.802734 0.128906 0.808594 0.132812 0.808594 0.134766 0.810547 0.134766 0.814453 0.136719 0.812500 0.140625 0.814453 0.144531 0.810547 0.144531 0.806641 0.146484 0.804688 0.162109 0.808594 0.164062 0.812500 0.162109 0.814453 0.156250 0.814453 0.152344 0.816406 0.154297 0.824219 0.150391 0.826172 0.146484 0.832031 0.142578 0.833984 0.132812 0.833984 0.128906 0.839844 0.123047 0.839844 0.121094 0.841797 0.115234 0.841797 0.111328 0.839844 0.111328 0.845703 0.113281 0.849609 0.123047 0.849609 0.125000 0.847656 0.130859 0.851562 0.132812 0.849609 0.142578 0.849609 0.144531 0.845703 0.150391 0.845703 0.152344 0.849609 0.156250 0.849609 0.158203 0.847656 0.169922 0.845703 0.171875 0.843750 0.185547 0.843750 0.191406 0.839844 0.197266 0.841797 0.201172 0.847656 0.199219 0.845703 0.197266 0.828125 0.193359 0.826172 0.207031 0.818359 0.205078 0.816406 0.205078 0.812500 0.203125 0.812500 0.201172 0.816406 0.199219 0.814453 0.195312 0.816406 0.193359 0.820312 0.191406 0.818359 0.191406 0.814453 0.195312 0.810547 0.199219 0.810547 0.199219 0.800781 0.197266 0.796875 0.193359 0.794922
0 0.259766 0.771484 0.259766 0.773438 0.261719 0.775391 0.261719 0.777344 0.263672 0.777344 0.267578 0.781250 0.267578 0.783203 0.269531 0.785156 0.269531 0.787109 0.273438 0.787109 0.275391 0.789062 0.275391 0.792969 0.279297 0.789062 0.279297 0.787109 0.281250 0.785156 0.283203 0.787109 0.283203 0.783203 0.281250 0.785156 0.277344 0.785156 0.275391 0.783203 0.275391 0.781250 0.279297 0.777344 0.279297 0.775391 0.277344 0.777344 0.275391 0.775391 0.273438 0.777344 0.269531 0.777344 0.267578 0.775391 0.263672 0.775391 0.261719 0.773438 0.261719 0.771484
0 0.212891 0.771484 0.212891 0.773438 0.214844 0.771484 0.216797 0.771484 0.220703 0.775391 0.218750 0.777344 0.214844 0.777344 0.216797 0.777344 0.218750 0.779297 0.224609 0.779297 0.226562 0.777344 0.226562 0.773438 0.224609 0.775391 0.222656 0.775391 0.220703 0.773438 0.220703 0.771484 0.218750 0.769531 0.218750 0.767578 0.216797 0.769531 0.214844 0.769531
0 0.417969 0.761719 0.416016 0.761719 0.414062 0.763672 0.408203 0.763672 0.410156 0.765625 0.410156 0.767578 0.412109 0.769531 0.412109 0.773438 0.410156 0.775391 0.408203 0.775391 0.408203 0.781250 0.410156 0.781250 0.414062 0.785156 0.414062 0.789062 0.416016 0.791016 0.416016 0.794922 0.417969 0.796875 0.416016 0.798828 0.416016 0.800781 0.414062 0.802734 0.414062 0.804688 0.412109 0.806641 0.412109 0.810547 0.414062 0.810547 0.416016 0.812500 0.414062 0.814453 0.410156 0.814453 0.410156 0.816406 0.416016 0.816406 0.416016 0.814453 0.417969 0.812500 0.417969 0.808594 0.419922 0.806641 0.419922 0.804688 0.421875 0.802734 0.421875 0.794922 0.423828 0.792969 0.425781 0.792969 0.425781 0.791016 0.427734 0.789062 0.427734 0.775391 0.419922 0.775391 0.417969 0.773438 0.417969 0.771484 0.416016 0.773438 0.414062 0.771484 0.414062 0.763672 0.416016 0.761719
0 0.857422 0.755859 0.857422 0.757812 0.859375 0.759766 0.867188 0.759766 0.869141 0.757812 0.869141 0.755859 0.867188 0.757812 0.865234 0.755859
0 0.027344 0.724609 0.021484 0.728516 0.025391 0.728516 0.027344 0.730469 0.029297 0.730469 0.035156 0.736328 0.035156 0.738281 0.037109 0.740234 0.037109 0.744141 0.039062 0.746094 0.035156 0.750000 0.021484 0.748047 0.017578 0.744141 0.015625 0.744141 0.007812 0.736328 0.007812 0.734375 0.005859 0.734375 0.000000 0.730469 0.000000 0.738281 0.005859 0.744141 0.009766 0.744141 0.013672 0.748047 0.015625 0.748047 0.021484 0.751953 0.025391 0.751953 0.027344 0.753906 0.035156 0.753906 0.039062 0.757812 0.041016 0.763672 0.046875 0.767578 0.046875 0.781250 0.044922 0.783203 0.042969 0.783203 0.042969 0.785156 0.041016 0.787109 0.041016 0.794922 0.039062 0.796875 0.039062 0.802734 0.037109 0.804688 0.037109 0.808594 0.033203 0.812500 0.033203 0.814453 0.027344 0.820312 0.021484 0.822266 0.017578 0.826172 0.015625 0.826172 0.007812 0.832031 0.001953 0.833984 0.000000 0.835938 0.000000 0.837891 0.005859 0.832031 0.007812 0.832031 0.013672 0.828125 0.017578 0.828125 0.025391 0.820312 0.031250 0.818359 0.037109 0.812500 0.037109 0.810547 0.041016 0.806641 0.041016 0.804688 0.042969 0.802734 0.044922 0.802734 0.048828 0.798828 0.048828 0.796875 0.052734 0.792969 0.054688 0.792969 0.054688 0.791016 0.056641 0.789062 0.056641 0.779297 0.054688 0.779297 0.052734 0.777344 0.052734 0.775391 0.050781 0.775391 0.048828 0.773438 0.050781 0.771484 0.052734 0.771484 0.052734 0.769531 0.050781 0.771484 0.048828 0.769531 0.048828 0.767578 0.050781 0.765625 0.050781 0.763672 0.048828 0.761719 0.048828 0.755859 0.039062 0.748047 0.037109 0.734375 0.035156 0.734375
0 0.402344 0.716797 0.400391 0.718750 0.400391 0.720703 0.392578 0.728516 0.392578 0.730469 0.390625 0.732422 0.390625 0.734375 0.388672 0.736328 0.392578 0.736328 0.394531 0.738281 0.394531 0.740234 0.396484 0.742188 0.396484 0.744141 0.394531 0.746094 0.392578 0.746094 0.390625 0.748047 0.392578 0.748047 0.394531 0.750000 0.394531 0.755859 0.396484 0.753906 0.402344 0.753906 0.402344 0.750000 0.400391 0.748047 0.396484 0.748047 0.394531 0.746094 0.396484 0.744141 0.396484 0.742188 0.398438 0.740234 0.398438 0.734375 0.400391 0.732422 0.400391 0.730469 0.402344 0.728516 0.402344 0.726562 0.404297 0.724609 0.406250 0.724609 0.408203 0.726562 0.408203 0.724609 0.404297 0.724609 0.402344 0.722656 0.404297 0.720703 0.406250 0.720703 0.406250 0.718750 0.404297 0.718750
0 0.587891 0.714844 0.587891 0.734375 0.589844 0.734375 0.589844 0.730469 0.591797 0.728516 0.591797 0.724609 0.593750 0.722656 0.595703 0.722656 0.595703 0.720703 0.593750 0.720703 0.591797 0.718750 0.589844 0.718750 0.587891 0.716797
0 0.240234 0.708984 0.240234 0.726562 0.238281 0.728516 0.238281 0.755859 0.244141 0.755859 0.246094 0.757812 0.250000 0.757812 0.251953 0.755859 0.253906 0.755859 0.253906 0.751953 0.251953 0.751953 0.250000 0.750000 0.250000 0.748047 0.251953 0.746094 0.255859 0.746094 0.257812 0.744141 0.255859 0.742188 0.255859 0.738281 0.253906 0.736328 0.255859 0.734375 0.255859 0.730469 0.257812 0.728516 0.263672 0.728516 0.265625 0.726562 0.265625 0.724609 0.263672 0.724609 0.259766 0.720703 0.255859 0.720703 0.253906 0.718750 0.253906 0.716797 0.251953 0.716797 0.250000 0.714844 0.250000 0.712891 0.242188 0.712891 0.240234 0.710938
0 0.466797 0.707031 0.464844 0.707031 0.462891 0.708984 0.458984 0.708984 0.455078 0.712891 0.453125 0.712891 0.451172 0.714844 0.449219 0.714844 0.447266 0.716797 0.443359 0.716797 0.443359 0.720703 0.445312 0.720703 0.447266 0.722656 0.449219 0.720703 0.453125 0.720703 0.460938 0.712891 0.468750 0.712891 0.466797 0.710938
0 0.513672 0.705078 0.513672 0.707031 0.511719 0.708984 0.513672 0.710938 0.513672 0.728516 0.515625 0.730469 0.515625 0.734375 0.517578 0.734375 0.519531 0.732422 0.521484 0.732422 0.521484 0.728516 0.523438 0.726562 0.523438 0.722656 0.521484 0.720703 0.521484 0.716797 0.519531 0.714844 0.519531 0.708984 0.517578 0.708984 0.515625 0.707031 0.515625 0.705078
0 0.322266 0.703125 0.324219 0.705078 0.322266 0.707031 0.324219 0.708984 0.324219 0.710938 0.328125 0.714844 0.328125 0.716797 0.330078 0.716797 0.333984 0.720703 0.333984 0.722656 0.335938 0.724609 0.335938 0.728516 0.333984 0.730469 0.333984 0.732422 0.335938 0.734375 0.335938 0.738281 0.339844 0.744141 0.339844 0.748047 0.341797 0.750000 0.341797 0.751953 0.343750 0.751953 0.345703 0.753906 0.345703 0.755859 0.339844 0.761719 0.337891 0.759766 0.333984 0.763672 0.332031 0.761719 0.332031 0.759766 0.333984 0.757812 0.332031 0.755859 0.333984 0.753906 0.332031 0.753906 0.330078 0.751953 0.330078 0.750000 0.332031 0.748047 0.332031 0.746094 0.328125 0.746094 0.324219 0.750000 0.322266 0.750000 0.322266 0.751953 0.326172 0.755859 0.326172 0.757812 0.332031 0.761719 0.330078 0.763672 0.326172 0.763672 0.330078 0.763672 0.333984 0.767578 0.333984 0.769531 0.335938 0.771484 0.337891 0.769531 0.351562 0.769531 0.353516 0.767578 0.355469 0.769531 0.355469 0.767578 0.357422 0.765625 0.357422 0.763672 0.355469 0.761719 0.355469 0.757812 0.353516 0.757812 0.349609 0.753906 0.349609 0.751953 0.347656 0.751953 0.345703 0.750000 0.345703 0.744141 0.343750 0.742188 0.343750 0.738281 0.345703 0.736328 0.345703 0.734375 0.343750 0.732422 0.343750 0.730469 0.345703 0.728516 0.349609 0.728516 0.347656 0.728516 0.345703 0.726562 0.345703 0.724609 0.341797 0.724609 0.337891 0.720703 0.337891 0.718750 0.332031 0.712891 0.332031 0.710938 0.330078 0.708984 0.328125 0.708984 0.326172 0.707031 0.326172 0.705078 0.324219 0.705078
0 0.287109 0.683594 0.287109 0.685547 0.289062 0.687500 0.289062 0.689453 0.291016 0.691406 0.292969 0.691406 0.294922 0.693359 0.294922 0.697266 0.298828 0.701172 0.298828 0.707031 0.300781 0.708984 0.300781 0.710938 0.302734 0.712891 0.302734 0.714844 0.304688 0.716797 0.304688 0.718750 0.308594 0.722656 0.308594 0.724609 0.310547 0.724609 0.312500 0.726562 0.312500 0.728516 0.314453 0.728516 0.316406 0.726562 0.320312 0.726562 0.320312 0.722656 0.318359 0.722656 0.314453 0.718750 0.314453 0.716797 0.310547 0.712891 0.308594 0.712891 0.306641 0.710938 0.306641 0.707031 0.302734 0.703125 0.302734 0.701172 0.300781 0.699219 0.300781 0.697266 0.298828 0.695312 0.298828 0.693359 0.296875 0.691406 0.296875 0.687500 0.292969 0.683594
0 0.642578 0.677734 0.640625 0.677734 0.640625 0.685547 0.638672 0.687500 0.636719 0.687500 0.634766 0.685547 0.632812 0.685547 0.630859 0.683594 0.632812 0.685547 0.632812 0.693359 0.630859 0.695312 0.630859 0.697266 0.630859 0.695312 0.632812 0.693359 0.634766 0.693359 0.636719 0.691406 0.636719 0.689453 0.638672 0.687500 0.640625 0.687500 0.642578 0.685547 0.642578 0.683594 0.640625 0.681641 0.640625 0.679688
0 0.359375 0.677734 0.359375 0.687500 0.365234 0.693359 0.365234 0.697266 0.363281 0.699219 0.365234 0.697266 0.369141 0.697266 0.373047 0.701172 0.373047 0.707031 0.376953 0.707031 0.373047 0.703125 0.373047 0.701172 0.375000 0.699219 0.371094 0.695312 0.371094 0.693359 0.369141 0.691406 0.367188 0.691406 0.359375 0.683594 0.363281 0.679688 0.365234 0.681641 0.367188 0.679688 0.369141 0.679688 0.369141 0.677734 0.365234 0.677734 0.363281 0.679688 0.361328 0.677734
0 0.585938 0.671875 0.587891 0.673828 0.589844 0.673828 0.593750 0.677734 0.593750 0.681641 0.595703 0.681641 0.597656 0.679688 0.599609 0.681641 0.601562 0.681641 0.603516 0.679688 0.605469 0.681641 0.605469 0.683594 0.609375 0.687500 0.617188 0.687500 0.619141 0.685547 0.615234 0.681641 0.615234 0.679688 0.609375 0.679688 0.605469 0.675781 0.605469 0.669922 0.603516 0.671875 0.603516 0.679688 0.601562 0.681641 0.599609 0.681641 0.597656 0.679688 0.597656 0.677734 0.599609 0.675781 0.597656 0.673828 0.597656 0.671875 0.593750 0.671875 0.591797 0.669922 0.589844 0.671875
0 0.562500 0.667969 0.560547 0.667969 0.558594 0.669922 0.552734 0.669922 0.548828 0.673828 0.548828 0.675781 0.550781 0.673828 0.550781 0.671875 0.552734 0.669922 0.554688 0.671875 0.554688 0.683594 0.556641 0.685547 0.554688 0.687500 0.554688 0.689453 0.552734 0.691406 0.548828 0.691406 0.546875 0.689453 0.546875 0.693359 0.548828 0.691406 0.550781 0.691406 0.552734 0.693359 0.548828 0.697266 0.546875 0.697266 0.544922 0.699219 0.544922 0.703125 0.542969 0.705078 0.542969 0.710938 0.544922 0.712891 0.544922 0.714844 0.542969 0.716797 0.541016 0.714844 0.544922 0.718750 0.544922 0.720703 0.541016 0.724609 0.541016 0.728516 0.542969 0.730469 0.542969 0.734375 0.542969 0.730469 0.544922 0.728516 0.546875 0.728516 0.548828 0.730469 0.548828 0.732422 0.550781 0.734375 0.550781 0.736328 0.550781 0.734375 0.552734 0.732422 0.554688 0.734375 0.560547 0.734375 0.562500 0.732422 0.560547 0.730469 0.560547 0.728516 0.562500 0.726562 0.562500 0.712891 0.560547 0.710938 0.560547 0.701172 0.556641 0.701172 0.554688 0.703125 0.552734 0.701172 0.550781 0.701172 0.548828 0.699219 0.548828 0.697266 0.554688 0.691406 0.554688 0.687500 0.556641 0.685547 0.558594 0.685547 0.560547 0.687500 0.560547 0.685547 0.562500 0.683594
0 0.294922 0.662109 0.289062 0.662109 0.283203 0.667969 0.283203 0.675781 0.285156 0.675781 0.287109 0.673828 0.289062 0.673828 0.291016 0.675781 0.292969 0.675781 0.296875 0.671875 0.294922 0.669922
0 0.734375 0.654297 0.732422 0.656250 0.730469 0.656250 0.728516 0.658203 0.726562 0.658203 0.726562 0.660156 0.724609 0.662109 0.724609 0.669922 0.728516 0.669922 0.728516 0.667969 0.730469 0.666016 0.732422 0.666016 0.730469 0.664062 0.730469 0.662109 0.734375 0.658203
0 0.570312 0.646484 0.566406 0.646484 0.564453 0.648438 0.560547 0.648438 0.558594 0.650391 0.556641 0.650391 0.554688 0.652344 0.556641 0.654297 0.556641 0.656250 0.560547 0.656250 0.562500 0.654297 0.564453 0.654297 0.566406 0.656250 0.564453 0.658203 0.566406 0.656250 0.566406 0.654297 0.568359 0.652344 0.570312 0.652344
0 0.488281 0.642578 0.484375 0.638672 0.482422 0.640625 0.480469 0.640625 0.478516 0.642578 0.476562 0.642578 0.476562 0.644531 0.486328 0.644531
0 0.470703 0.634766 0.464844 0.634766 0.462891 0.636719 0.458984 0.636719 0.458984 0.642578 0.460938 0.644531 0.460938 0.646484 0.466797 0.646484 0.468750 0.644531 0.470703 0.644531
0 0.873047 0.632812 0.873047 0.636719 0.875000 0.638672 0.875000 0.640625 0.876953 0.640625 0.878906 0.642578 0.880859 0.642578 0.884766 0.646484 0.886719 0.646484 0.888672 0.644531 0.890625 0.644531 0.892578 0.642578 0.892578 0.638672 0.876953 0.638672 0.875000 0.636719 0.875000 0.630859
0 0.531250 0.621094 0.531250 0.623047 0.533203 0.625000 0.533203 0.630859 0.535156 0.632812 0.535156 0.636719 0.539062 0.636719 0.542969 0.632812 0.541016 0.630859 0.541016 0.626953 0.535156 0.626953 0.533203 0.625000 0.533203 0.621094
0 0.871094 0.609375 0.869141 0.611328 0.869141 0.613281 0.876953 0.621094 0.875000 0.619141 0.876953 0.617188 0.880859 0.617188 0.880859 0.615234 0.876953 0.615234 0.875000 0.613281 0.875000 0.611328 0.873047 0.609375
0 0.457031 0.605469 0.457031 0.611328 0.455078 0.613281 0.453125 0.613281 0.451172 0.611328 0.449219 0.611328 0.447266 0.613281 0.449219 0.615234 0.449219 0.619141 0.451172 0.621094 0.451172 0.623047 0.449219 0.625000 0.447266 0.625000 0.445312 0.623047 0.445312 0.617188 0.443359 0.615234 0.441406 0.615234 0.439453 0.613281 0.435547 0.613281 0.439453 0.613281 0.441406 0.615234 0.443359 0.615234 0.445312 0.617188 0.445312 0.619141 0.443359 0.621094 0.441406 0.621094 0.439453 0.623047 0.435547 0.619141 0.437500 0.617188 0.431641 0.617188 0.429688 0.615234 0.429688 0.617188 0.427734 0.619141 0.427734 0.621094 0.425781 0.623047 0.423828 0.623047 0.425781 0.623047 0.427734 0.625000 0.427734 0.628906 0.429688 0.630859 0.429688 0.636719 0.431641 0.636719 0.433594 0.634766 0.437500 0.638672 0.437500 0.642578 0.439453 0.644531 0.439453 0.646484 0.441406 0.648438 0.441406 0.652344 0.443359 0.652344 0.445312 0.650391 0.447266 0.650391 0.447266 0.648438 0.449219 0.646484 0.451172 0.646484 0.453125 0.644531 0.455078 0.644531 0.455078 0.640625 0.453125 0.638672 0.453125 0.636719 0.451172 0.634766 0.451172 0.630859 0.449219 0.628906 0.449219 0.625000 0.451172 0.623047 0.455078 0.626953 0.455078 0.630859 0.457031 0.630859 0.458984 0.628906 0.462891 0.628906 0.466797 0.625000 0.466797 0.621094 0.460938 0.621094 0.458984 0.619141 0.460938 0.617188 0.462891 0.617188 0.462891 0.611328 0.460938 0.611328 0.457031 0.607422
0 0.011719 0.587891 0.009766 0.589844 0.009766 0.601562 0.011719 0.603516 0.011719 0.605469 0.019531 0.613281 0.019531 0.615234 0.021484 0.617188 0.021484 0.625000 0.015625 0.630859 0.013672 0.630859 0.009766 0.634766 0.005859 0.634766 0.003906 0.636719 0.001953 0.636719 0.001953 0.638672 0.000000 0.640625 0.000000 0.656250 0.000000 0.642578 0.005859 0.636719 0.007812 0.636719 0.009766 0.634766 0.011719 0.634766 0.013672 0.632812 0.015625 0.632812 0.019531 0.628906 0.019531 0.626953 0.021484 0.625000 0.021484 0.613281 0.013672 0.605469 0.013672 0.603516 0.009766 0.599609 0.009766 0.589844
0 0.468750 0.585938 0.460938 0.591797 0.464844 0.593750 0.460938 0.595703 0.458984 0.599609 0.460938 0.601562 0.460938 0.605469 0.466797 0.605469 0.468750 0.607422 0.470703 0.613281 0.474609 0.617188 0.472656 0.619141 0.472656 0.623047 0.476562 0.630859 0.478516 0.628906 0.484375 0.628906 0.484375 0.625000 0.490234 0.621094 0.492188 0.623047 0.488281 0.626953 0.490234 0.628906 0.488281 0.630859 0.490234 0.634766 0.496094 0.638672 0.492188 0.644531 0.494141 0.648438 0.490234 0.652344 0.480469 0.652344 0.480469 0.660156 0.484375 0.662109 0.482422 0.664062 0.478516 0.664062 0.472656 0.660156 0.476562 0.666016 0.476562 0.669922 0.486328 0.673828 0.486328 0.669922 0.488281 0.667969 0.486328 0.666016 0.488281 0.664062 0.486328 0.664062 0.484375 0.660156 0.488281 0.652344 0.492188 0.656250 0.492188 0.660156 0.496094 0.662109 0.498047 0.673828 0.496094 0.675781 0.494141 0.673828 0.490234 0.673828 0.490234 0.675781 0.494141 0.677734 0.494141 0.685547 0.496094 0.685547 0.496094 0.681641 0.501953 0.677734 0.501953 0.673828 0.505859 0.669922 0.509766 0.671875 0.515625 0.666016 0.511719 0.664062 0.511719 0.660156 0.513672 0.658203 0.525391 0.666016 0.533203 0.664062 0.531250 0.662109 0.533203 0.654297 0.529297 0.654297 0.527344 0.650391 0.535156 0.646484 0.531250 0.646484 0.527344 0.650391 0.523438 0.650391 0.521484 0.652344 0.511719 0.652344 0.505859 0.646484 0.509766 0.636719 0.505859 0.636719 0.503906 0.638672 0.501953 0.636719 0.501953 0.628906 0.494141 0.628906 0.492188 0.626953 0.501953 0.623047 0.501953 0.619141 0.500000 0.621094 0.496094 0.621094 0.492188 0.615234 0.484375 0.621094 0.480469 0.621094 0.478516 0.617188 0.482422 0.615234 0.482422 0.613281 0.478516 0.611328 0.478516 0.605469 0.474609 0.603516 0.474609 0.607422 0.472656 0.609375 0.466797 0.603516 0.466797 0.599609 0.468750 0.597656 0.470703 0.599609 0.470703 0.595703 0.472656 0.593750 0.478516 0.601562 0.476562 0.589844 0.478516 0.587891 0.482422 0.589844 0.482422 0.587891 0.478516 0.585938 0.474609 0.587891
0 0.609375 0.585938 0.611328 0.585938 0.613281 0.587891 0.619141 0.587891 0.621094 0.585938 0.621094 0.582031 0.619141 0.582031 0.619141 0.583984 0.617188 0.585938 0.615234 0.583984 0.615234 0.582031 0.611328 0.582031 0.611328 0.583984
0 0.835938 0.578125 0.830078 0.572266 0.830078 0.574219 0.826172 0.578125 0.822266 0.578125 0.824219 0.578125 0.826172 0.580078 0.826172 0.582031 0.832031 0.582031 0.833984 0.580078 0.835938 0.580078
0 0.792969 0.562500 0.792969 0.564453 0.794922 0.564453 0.796875 0.566406 0.798828 0.566406 0.800781 0.568359 0.806641 0.568359 0.806641 0.564453 0.804688 0.562500
0 0.486328 0.585938 0.498047 0.603516 0.505859 0.603516 0.515625 0.591797 0.533203 0.587891 0.541016 0.580078 0.541016 0.576172 0.529297 0.572266 0.533203 0.568359 0.539062 0.570312 0.539062 0.566406 0.546875 0.562500 0.548828 0.564453 0.546875 0.568359 0.552734 0.580078 0.550781 0.583984 0.558594 0.580078 0.562500 0.583984 0.568359 0.582031 0.572266 0.585938 0.570312 0.591797 0.566406 0.589844 0.562500 0.595703 0.556641 0.595703 0.564453 0.599609 0.566406 0.607422 0.560547 0.613281 0.556641 0.613281 0.562500 0.619141 0.562500 0.625000 0.560547 0.626953 0.558594 0.623047 0.554688 0.625000 0.558594 0.625000 0.562500 0.630859 0.578125 0.626953 0.583984 0.628906 0.593750 0.644531 0.597656 0.646484 0.597656 0.650391 0.607422 0.660156 0.607422 0.664062 0.611328 0.662109 0.609375 0.660156 0.625000 0.654297 0.623047 0.652344 0.625000 0.646484 0.623047 0.648438 0.619141 0.646484 0.621094 0.640625 0.628906 0.642578 0.630859 0.646484 0.640625 0.646484 0.644531 0.650391 0.642578 0.660156 0.646484 0.666016 0.648438 0.642578 0.646484 0.644531 0.642578 0.638672 0.623047 0.632812 0.609375 0.625000 0.609375 0.621094 0.615234 0.617188 0.623047 0.605469 0.611328 0.605469 0.609375 0.603516 0.611328 0.601562 0.605469 0.599609 0.597656 0.611328 0.587891 0.613281 0.582031 0.611328 0.585938 0.603516 0.595703 0.599609 0.599609 0.589844 0.585938 0.582031 0.587891 0.570312 0.578125 0.578125 0.566406 0.568359 0.568359 0.566406 0.562500 0.564453 0.564453 0.560547 0.562500 0.558594 0.566406 0.556641 0.566406 0.550781 0.562500 0.548828 0.562500 0.544922 0.554688 0.552734 0.550781 0.552734 0.541016 0.544922 0.546875 0.554688 0.535156 0.564453 0.531250 0.564453 0.527344 0.558594 0.525391 0.560547 0.515625 0.556641 0.517578 0.568359 0.523438 0.574219 0.521484 0.576172 0.517578 0.574219 0.507812 0.583984 0.503906 0.578125 0.496094 0.578125 0.492188 0.582031 0.496094 0.587891 0.492188 0.591797
0 0.568359 0.486328 0.568359 0.490234 0.570312 0.490234 0.572266 0.492188 0.572266 0.494141 0.570312 0.496094 0.572266 0.498047 0.570312 0.500000 0.570312 0.501953 0.568359 0.503906 0.570312 0.505859 0.570312 0.507812 0.576172 0.507812 0.578125 0.509766 0.576172 0.511719 0.574219 0.511719 0.574219 0.513672 0.576172 0.513672 0.580078 0.517578 0.576172 0.521484 0.572266 0.521484 0.570312 0.523438 0.570312 0.525391 0.572266 0.525391 0.574219 0.527344 0.576172 0.527344 0.578125 0.525391 0.580078 0.525391 0.589844 0.515625 0.595703 0.515625 0.597656 0.513672 0.597656 0.505859 0.599609 0.503906 0.599609 0.501953 0.593750 0.501953 0.591797 0.500000 0.591797 0.498047 0.589844 0.496094 0.591797 0.494141 0.591797 0.492188 0.587891 0.492188 0.585938 0.494141 0.583984 0.494141 0.580078 0.498047 0.578125 0.496094 0.578125 0.492188 0.576172 0.490234 0.576172 0.488281 0.572266 0.488281 0.570312 0.486328
0 0.035156 0.394531 0.035156 0.402344 0.033203 0.404297 0.035156 0.406250 0.035156 0.408203 0.037109 0.410156 0.037109 0.414062 0.039062 0.416016 0.039062 0.427734 0.041016 0.429688 0.041016 0.437500 0.042969 0.439453 0.042969 0.443359 0.041016 0.445312 0.041016 0.447266 0.033203 0.455078 0.029297 0.455078 0.027344 0.457031 0.023438 0.457031 0.021484 0.458984 0.019531 0.458984 0.017578 0.460938 0.015625 0.460938 0.013672 0.462891 0.011719 0.462891 0.005859 0.468750 0.001953 0.468750 0.000000 0.470703 0.000000 0.472656 0.001953 0.470703 0.005859 0.470703 0.007812 0.468750 0.009766 0.468750 0.011719 0.466797 0.013672 0.466797 0.017578 0.462891 0.019531 0.462891 0.023438 0.458984 0.027344 0.458984 0.031250 0.455078 0.033203 0.455078 0.035156 0.453125 0.037109 0.453125 0.042969 0.447266 0.044922 0.447266 0.046875 0.445312 0.046875 0.443359 0.044922 0.441406 0.044922 0.431641 0.042969 0.431641 0.041016 0.429688 0.041016 0.416016 0.039062 0.414062 0.039062 0.408203 0.037109 0.406250 0.037109 0.402344 0.035156 0.400391
0 0.968750 0.332031 0.968750 0.333984 0.966797 0.335938 0.964844 0.335938 0.960938 0.339844 0.958984 0.339844 0.957031 0.341797 0.957031 0.349609 0.955078 0.351562 0.951172 0.351562 0.960938 0.351562 0.960938 0.349609 0.962891 0.347656 0.962891 0.345703 0.964844 0.343750 0.964844 0.341797 0.966797 0.339844 0.966797 0.335938 0.968750 0.333984
0 0.730469 0.324219 0.732422 0.326172 0.730469 0.328125 0.728516 0.328125 0.728516 0.330078 0.730469 0.332031 0.734375 0.332031 0.736328 0.333984 0.736328 0.335938 0.738281 0.337891 0.736328 0.339844 0.736328 0.341797 0.738281 0.339844 0.740234 0.339844 0.740234 0.335938 0.738281 0.333984 0.738281 0.332031 0.736328 0.330078 0.734375 0.330078 0.732422 0.328125 0.732422 0.324219
0 0.089844 0.312500 0.089844 0.316406 0.091797 0.318359 0.091797 0.320312 0.095703 0.324219 0.105469 0.324219 0.109375 0.328125 0.119141 0.328125 0.119141 0.324219 0.117188 0.324219 0.113281 0.320312 0.113281 0.318359 0.097656 0.318359 0.095703 0.316406 0.095703 0.314453 0.093750 0.314453 0.091797 0.312500
0 0.070312 0.312500 0.068359 0.312500 0.068359 0.314453 0.062500 0.320312 0.058594 0.320312 0.058594 0.322266 0.056641 0.324219 0.056641 0.328125 0.054688 0.330078 0.054688 0.341797 0.052734 0.343750 0.052734 0.355469 0.050781 0.357422 0.050781 0.361328 0.044922 0.367188 0.042969 0.367188 0.035156 0.375000 0.033203 0.375000 0.033203 0.376953 0.035156 0.375000 0.037109 0.375000 0.039062 0.373047 0.039062 0.371094 0.041016 0.369141 0.044922 0.369141 0.044922 0.367188 0.050781 0.361328 0.050781 0.359375 0.052734 0.357422 0.052734 0.353516 0.054688 0.351562 0.054688 0.330078 0.056641 0.328125 0.056641 0.326172 0.060547 0.322266 0.062500 0.322266 0.068359 0.316406 0.068359 0.314453
0 0.109375 0.287109 0.109375 0.291016 0.111328 0.291016 0.115234 0.294922 0.115234 0.296875 0.126953 0.296875 0.126953 0.292969 0.128906 0.291016 0.128906 0.289062 0.126953 0.287109 0.125000 0.289062 0.123047 0.289062 0.121094 0.291016 0.119141 0.289062 0.117188 0.289062 0.115234 0.287109
0 0.683594 0.224609 0.681641 0.224609 0.679688 0.222656 0.677734 0.224609 0.667969 0.224609 0.666016 0.226562 0.660156 0.226562 0.660156 0.228516 0.658203 0.230469 0.658203 0.240234 0.660156 0.238281 0.664062 0.238281 0.664062 0.236328 0.666016 0.234375 0.667969 0.236328 0.667969 0.242188 0.666016 0.244141 0.664062 0.244141 0.662109 0.246094 0.658203 0.246094 0.660156 0.246094 0.662109 0.248047 0.662109 0.250000 0.666016 0.253906 0.664062 0.255859 0.666016 0.255859 0.666016 0.253906 0.667969 0.251953 0.671875 0.251953 0.669922 0.250000 0.671875 0.248047 0.671875 0.244141 0.675781 0.240234 0.679688 0.240234 0.679688 0.230469 0.681641 0.228516 0.681641 0.226562
0 0.152344 0.210938 0.152344 0.214844 0.156250 0.218750 0.166016 0.218750 0.167969 0.216797 0.169922 0.216797 0.160156 0.216797 0.158203 0.214844 0.158203 0.212891 0.154297 0.212891
0 0.849609 0.203125 0.847656 0.203125 0.845703 0.205078 0.845703 0.214844 0.847656 0.216797 0.847656 0.218750 0.847656 0.216797 0.851562 0.212891 0.851562 0.210938 0.849609 0.208984 0.851562 0.207031 0.851562 0.205078
0 0.968750 0.189453 0.968750 0.197266 0.970703 0.199219 0.978516 0.199219 0.978516 0.191406 0.976562 0.189453
0 0.660156 0.187500 0.660156 0.201172 0.662109 0.201172 0.664062 0.203125 0.666016 0.201172 0.664062 0.199219 0.666016 0.197266 0.666016 0.195312 0.667969 0.193359 0.669922 0.193359 0.669922 0.189453 0.667969 0.189453 0.666016 0.187500
0 0.656250 0.177734 0.654297 0.177734 0.652344 0.175781 0.652344 0.173828 0.650391 0.175781 0.644531 0.175781 0.646484 0.177734 0.646484 0.181641 0.650391 0.181641 0.652344 0.179688 0.654297 0.179688
0 0.884766 0.169922 0.880859 0.169922 0.878906 0.171875 0.875000 0.171875 0.873047 0.173828 0.873047 0.181641 0.882812 0.181641 0.882812 0.173828 0.884766 0.171875
0 0.671875 0.156250 0.667969 0.156250 0.666016 0.158203 0.664062 0.156250 0.660156 0.156250 0.656250 0.160156 0.658203 0.162109 0.658203 0.167969 0.660156 0.169922 0.660156 0.175781 0.662109 0.173828 0.666016 0.173828 0.667969 0.171875 0.671875 0.171875 0.671875 0.169922 0.673828 0.167969 0.671875 0.166016 0.667969 0.166016 0.666016 0.164062 0.666016 0.160156 0.667969 0.158203 0.671875 0.158203
0 0.880859 0.158203 0.878906 0.160156 0.873047 0.160156 0.871094 0.158203 0.871094 0.154297 0.871094 0.156250 0.867188 0.160156 0.863281 0.160156 0.863281 0.166016 0.861328 0.167969 0.855469 0.167969 0.853516 0.169922 0.849609 0.169922 0.847656 0.167969 0.845703 0.167969 0.847656 0.169922 0.847656 0.175781 0.849609 0.177734 0.849609 0.179688 0.851562 0.181641 0.851562 0.183594 0.853516 0.185547 0.853516 0.183594 0.855469 0.181641 0.861328 0.181641 0.859375 0.179688 0.859375 0.177734 0.865234 0.171875 0.865234 0.169922 0.863281 0.167969 0.863281 0.166016 0.867188 0.162109 0.869141 0.164062 0.871094 0.164062 0.873047 0.166016 0.873047 0.162109 0.875000 0.160156 0.876953 0.162109 0.880859 0.162109
0 0.675781 0.152344 0.675781 0.154297 0.681641 0.154297 0.683594 0.156250 0.683594 0.160156 0.685547 0.162109 0.687500 0.162109 0.689453 0.160156 0.691406 0.160156 0.691406 0.156250 0.689453 0.156250 0.687500 0.154297 0.683594 0.154297 0.681641 0.152344
0 0.789062 0.146484 0.777344 0.150391 0.777344 0.156250 0.775391 0.158203 0.773438 0.156250 0.771484 0.167969 0.785156 0.167969 0.787109 0.175781 0.789062 0.173828 0.792969 0.175781 0.787109 0.181641 0.783203 0.177734 0.779297 0.177734 0.773438 0.183594 0.773438 0.189453 0.777344 0.191406 0.775391 0.195312 0.777344 0.193359 0.779297 0.197266 0.775391 0.199219 0.777344 0.201172 0.771484 0.207031 0.775391 0.208984 0.777344 0.207031 0.781250 0.210938 0.779297 0.216797 0.781250 0.220703 0.775391 0.224609 0.773438 0.232422 0.769531 0.236328 0.761719 0.234375 0.757812 0.238281 0.755859 0.244141 0.759766 0.250000 0.759766 0.255859 0.755859 0.259766 0.750000 0.251953 0.740234 0.253906 0.738281 0.261719 0.748047 0.257812 0.750000 0.263672 0.753906 0.263672 0.759766 0.269531 0.759766 0.279297 0.761719 0.277344 0.763672 0.279297 0.759766 0.283203 0.761719 0.289062 0.759766 0.300781 0.767578 0.302734 0.771484 0.306641 0.767578 0.308594 0.771484 0.310547 0.771484 0.314453 0.773438 0.314453 0.775391 0.306641 0.769531 0.302734 0.771484 0.263672 0.769531 0.257812 0.763672 0.257812 0.761719 0.255859 0.765625 0.253906 0.757812 0.248047 0.761719 0.244141 0.769531 0.242188 0.775391 0.234375 0.777344 0.240234 0.771484 0.248047 0.773438 0.253906 0.785156 0.255859 0.792969 0.253906 0.794922 0.255859 0.796875 0.250000 0.791016 0.246094 0.791016 0.240234 0.794922 0.238281 0.796875 0.242188 0.798828 0.238281 0.796875 0.228516 0.800781 0.214844 0.804688 0.212891 0.810547 0.216797 0.822266 0.216797 0.824219 0.226562 0.820312 0.228516 0.820312 0.232422 0.824219 0.236328 0.828125 0.236328 0.833984 0.230469 0.835938 0.232422 0.832031 0.226562 0.833984 0.224609 0.835938 0.226562 0.835938 0.222656 0.839844 0.220703 0.839844 0.207031 0.835938 0.205078 0.835938 0.201172 0.820312 0.201172 0.818359 0.199219 0.824219 0.195312 0.822266 0.183594 0.818359 0.181641 0.814453 0.183594 0.812500 0.179688 0.806641 0.179688 0.808594 0.181641 0.804688 0.183594 0.796875 0.179688 0.796875 0.173828 0.792969 0.175781 0.791016 0.173828 0.791016 0.169922 0.798828 0.166016 0.798828 0.156250 0.794922 0.158203 0.785156 0.154297 0.787109 0.152344 0.796875 0.150391 0.792969 0.150391
0 0.632812 0.144531 0.628906 0.144531 0.626953 0.146484 0.625000 0.144531 0.623047 0.146484 0.623047 0.148438 0.621094 0.150391 0.621094 0.158203 0.623047 0.160156 0.625000 0.158203 0.625000 0.152344 0.626953 0.150391 0.625000 0.148438 0.628906 0.144531
0 0.312500 0.140625 0.316406 0.144531 0.316406 0.146484 0.318359 0.148438 0.318359 0.150391 0.320312 0.152344 0.320312 0.156250 0.322266 0.158203 0.322266 0.160156 0.324219 0.160156 0.324219 0.154297 0.322266 0.152344 0.322266 0.148438 0.320312 0.148438 0.314453 0.142578 0.314453 0.140625
0 0.236328 0.138672 0.236328 0.140625 0.238281 0.142578 0.238281 0.144531 0.242188 0.144531 0.244141 0.142578 0.246094 0.142578 0.246094 0.138672 0.244141 0.138672 0.242188 0.140625 0.240234 0.140625 0.238281 0.138672
0 0.732422 0.134766 0.728516 0.138672 0.728516 0.144531 0.730469 0.146484 0.730469 0.152344 0.732422 0.150391 0.736328 0.150391 0.738281 0.152344 0.742188 0.152344 0.740234 0.150391 0.742188 0.148438 0.742188 0.144531 0.740234 0.142578 0.740234 0.140625 0.738281 0.138672 0.736328 0.138672 0.734375 0.136719 0.734375 0.134766
0 0.722656 0.125000 0.720703 0.123047 0.716797 0.126953 0.716797 0.128906 0.714844 0.130859 0.708984 0.130859 0.707031 0.132812 0.705078 0.132812 0.708984 0.132812 0.712891 0.136719 0.714844 0.136719 0.716797 0.138672 0.716797 0.130859
0 0.812500 0.126953 0.812500 0.128906 0.814453 0.128906 0.816406 0.130859 0.828125 0.130859 0.830078 0.132812 0.830078 0.134766 0.832031 0.136719 0.832031 0.140625 0.833984 0.142578 0.833984 0.144531 0.835938 0.146484 0.835938 0.148438 0.833984 0.150391 0.830078 0.150391 0.828125 0.152344 0.832031 0.152344 0.833984 0.150391 0.839844 0.150391 0.841797 0.152344 0.843750 0.152344 0.847656 0.148438 0.855469 0.148438 0.857422 0.146484 0.861328 0.146484 0.863281 0.148438 0.867188 0.144531 0.867188 0.140625 0.863281 0.140625 0.861328 0.142578 0.857422 0.142578 0.857422 0.144531 0.855469 0.146484 0.849609 0.146484 0.847656 0.144531 0.849609 0.142578 0.847656 0.140625 0.847656 0.138672 0.845703 0.136719 0.841797 0.140625 0.839844 0.138672 0.839844 0.134766 0.837891 0.134766 0.835938 0.132812 0.835938 0.128906 0.837891 0.126953 0.839844 0.126953 0.837891 0.126953 0.833984 0.123047 0.833984 0.121094 0.832031 0.121094 0.830078 0.123047 0.828125 0.123047 0.826172 0.125000 0.828125 0.125000 0.830078 0.126953 0.828125 0.128906 0.826172 0.128906 0.824219 0.130859 0.822266 0.128906 0.820312 0.130859 0.818359 0.130859 0.814453 0.126953
0 0.857422 0.117188 0.859375 0.117188 0.861328 0.119141 0.861328 0.121094 0.863281 0.123047 0.863281 0.125000 0.867188 0.128906 0.865234 0.130859 0.865234 0.132812 0.869141 0.132812 0.871094 0.134766 0.875000 0.130859 0.876953 0.130859 0.876953 0.128906 0.878906 0.126953 0.880859 0.126953 0.882812 0.128906 0.884766 0.128906 0.886719 0.130859 0.886719 0.132812 0.888672 0.134766 0.890625 0.134766 0.894531 0.130859 0.896484 0.130859 0.898438 0.128906 0.898438 0.126953 0.896484 0.125000 0.896484 0.123047 0.894531 0.123047 0.892578 0.125000 0.890625 0.123047 0.888672 0.123047 0.886719 0.121094 0.886719 0.119141 0.888672 0.117188 0.890625 0.117188 0.888672 0.115234 0.884766 0.115234 0.882812 0.117188 0.878906 0.117188 0.876953 0.115234 0.876953 0.111328 0.871094 0.111328 0.871094 0.113281 0.867188 0.117188 0.865234 0.117188 0.863281 0.115234 0.861328 0.115234 0.859375 0.117188
0 0.761719 0.083984 0.761719 0.085938 0.767578 0.085938 0.769531 0.083984 0.771484 0.083984 0.775391 0.087891 0.775391 0.089844 0.777344 0.089844 0.779297 0.091797 0.779297 0.093750 0.781250 0.095703 0.781250 0.097656 0.779297 0.099609 0.777344 0.099609 0.775391 0.097656 0.773438 0.097656 0.771484 0.095703 0.771484 0.093750 0.769531 0.093750 0.767578 0.095703 0.761719 0.095703 0.759766 0.093750 0.759766 0.097656 0.761719 0.095703 0.763672 0.095703 0.765625 0.097656 0.765625 0.099609 0.763672 0.101562 0.761719 0.101562 0.761719 0.103516 0.759766 0.105469 0.761719 0.107422 0.763672 0.107422 0.767578 0.111328 0.767578 0.119141 0.771484 0.119141 0.773438 0.121094 0.773438 0.123047 0.769531 0.126953 0.769531 0.128906 0.771484 0.126953 0.775391 0.126953 0.777344 0.125000 0.779297 0.126953 0.779297 0.128906 0.779297 0.126953 0.777344 0.125000 0.779297 0.123047 0.779297 0.121094 0.781250 0.119141 0.787109 0.119141 0.789062 0.121094 0.792969 0.121094 0.791016 0.119141 0.791016 0.115234 0.792969 0.113281 0.792969 0.107422 0.794922 0.105469 0.794922 0.099609 0.792969 0.097656 0.792969 0.095703 0.791016 0.093750 0.791016 0.089844 0.789062 0.087891 0.791016 0.085938 0.789062 0.087891 0.781250 0.087891 0.779297 0.085938 0.777344 0.085938 0.775391 0.083984
0 0.263672 0.066406 0.263672 0.070312 0.267578 0.070312 0.269531 0.068359 0.271484 0.068359 0.271484 0.064453 0.265625 0.064453
0 0.888672 0.070312 0.886719 0.068359 0.886719 0.064453 0.884766 0.062500 0.882812 0.062500 0.880859 0.064453 0.873047 0.064453 0.871094 0.066406 0.869141 0.066406 0.867188 0.068359 0.867188 0.072266 0.869141 0.074219 0.869141 0.072266 0.871094 0.070312 0.873047 0.070312 0.875000 0.072266 0.878906 0.072266 0.880859 0.074219 0.880859 0.076172 0.882812 0.074219 0.884766 0.074219
0 0.759766 0.064453 0.757812 0.066406 0.759766 0.068359 0.759766 0.070312 0.761719 0.072266 0.761719 0.074219 0.767578 0.074219 0.769531 0.076172 0.769531 0.074219 0.771484 0.072266 0.773438 0.072266 0.773438 0.070312 0.775391 0.068359 0.777344 0.068359 0.775391 0.066406 0.773438 0.066406 0.771484 0.064453 0.771484 0.062500 0.765625 0.062500 0.763672 0.064453
0 0.578125 0.021484 0.578125 0.035156 0.578125 0.031250 0.582031 0.027344 0.583984 0.029297 0.583984 0.035156 0.585938 0.037109 0.585938 0.039062 0.587891 0.041016 0.589844 0.041016 0.589844 0.033203 0.587891 0.031250 0.587891 0.029297 0.585938 0.031250 0.583984 0.029297 0.583984 0.027344 0.580078 0.027344 0.578125 0.025391
0 0.625000 0.005859 0.617188 0.013672 0.617188 0.015625 0.619141 0.017578 0.619141 0.019531 0.621094 0.019531 0.623047 0.021484 0.625000 0.019531 0.626953 0.021484 0.626953 0.025391 0.625000 0.027344 0.625000 0.033203 0.623047 0.035156 0.623047 0.041016 0.625000 0.042969 0.625000 0.044922 0.634766 0.044922 0.636719 0.042969 0.636719 0.033203 0.634766 0.031250 0.634766 0.029297 0.636719 0.027344 0.636719 0.025391 0.634766 0.025391 0.632812 0.023438 0.632812 0.011719 0.628906 0.011719 0.626953 0.009766 0.626953 0.005859
0 0.787109 0.001953 0.785156 0.003906 0.781250 0.003906 0.779297 0.005859 0.777344 0.005859 0.777344 0.015625 0.785156 0.015625 0.787109 0.017578 0.787109 0.019531 0.789062 0.021484 0.791016 0.019531 0.791016 0.017578 0.789062 0.015625 0.789062 0.003906
0 0.750000 0.000000 0.746094 0.000000 0.746094 0.001953 0.744141 0.003906 0.742188 0.003906 0.742188 0.011719 0.748047 0.011719 0.750000 0.009766
0 0.732422 0.000000 0.712891 0.000000 0.712891 0.001953 0.710938 0.003906 0.708984 0.003906 0.707031 0.001953 0.701172 0.001953 0.699219 0.003906 0.697266 0.003906 0.697266 0.005859 0.699219 0.007812 0.697266 0.009766 0.695312 0.009766 0.699219 0.009766 0.701172 0.011719 0.701172 0.013672 0.705078 0.017578 0.705078 0.023438 0.707031 0.023438 0.708984 0.025391 0.708984 0.027344 0.707031 0.029297 0.699219 0.029297 0.695312 0.025391 0.695312 0.019531 0.693359 0.019531 0.691406 0.021484 0.689453 0.019531 0.689453 0.017578 0.687500 0.015625 0.685547 0.015625 0.675781 0.003906 0.673828 0.003906 0.671875 0.005859 0.666016 0.005859 0.664062 0.007812 0.660156 0.007812 0.658203 0.009766 0.656250 0.009766 0.658203 0.011719 0.660156 0.017578 0.664062 0.021484 0.666016 0.031250 0.667969 0.031250 0.669922 0.033203 0.669922 0.042969 0.671875 0.044922 0.673828 0.042969 0.675781 0.042969 0.671875 0.039062 0.675781 0.035156 0.679688 0.035156 0.681641 0.033203 0.683594 0.033203 0.685547 0.035156 0.683594 0.037109 0.683594 0.041016 0.681641 0.042969 0.683594 0.044922 0.683594 0.046875 0.681641 0.048828 0.681641 0.050781 0.677734 0.054688 0.677734 0.056641 0.679688 0.054688 0.681641 0.054688 0.681641 0.052734 0.685547 0.048828 0.687500 0.048828 0.687500 0.046875 0.691406 0.042969 0.701172 0.042969 0.703125 0.044922 0.707031 0.044922 0.710938 0.041016 0.714844 0.044922 0.714844 0.041016 0.716797 0.039062 0.720703 0.039062 0.722656 0.041016 0.724609 0.039062 0.730469 0.039062 0.732422 0.037109 0.724609 0.023438 0.724609 0.015625 0.726562 0.013672 0.722656 0.013672 0.720703 0.011719 0.722656 0.009766 0.728516 0.009766 0.730469 0.011719 0.732422 0.011719 0.732422 0.009766 0.730469 0.009766 0.728516 0.007812 0.728516 0.005859 0.732422 0.001953
0 0.326172 0.000000 0.322266 0.000000 0.322266 0.009766 0.310547 0.021484 0.283203 0.031250 0.275391 0.042969 0.273438 0.052734 0.281250 0.074219 0.271484 0.093750 0.279297 0.103516 0.287109 0.105469 0.289062 0.111328 0.279297 0.121094 0.277344 0.136719 0.257812 0.158203 0.250000 0.160156 0.248047 0.166016 0.226562 0.179688 0.218750 0.195312 0.207031 0.205078 0.210938 0.218750 0.210938 0.232422 0.207031 0.242188 0.187500 0.261719 0.154297 0.277344 0.148438 0.289062 0.134766 0.304688 0.109375 0.302734 0.113281 0.306641 0.125000 0.310547 0.138672 0.310547 0.152344 0.298828 0.158203 0.287109 0.167969 0.277344 0.195312 0.265625 0.214844 0.242188 0.216797 0.207031 0.242188 0.177734 0.242188 0.173828 0.251953 0.167969 0.259766 0.156250 0.273438 0.152344 0.281250 0.128906 0.292969 0.117188 0.292969 0.101562 0.283203 0.099609 0.279297 0.093750 0.279297 0.085938 0.287109 0.072266 0.281250 0.052734 0.281250 0.037109 0.306641 0.029297 0.326172 0.019531
