0 0.611328 0.873047 0.611328 0.882812 0.609375 0.884766 0.611328 0.882812 0.617188 0.882812 0.621094 0.886719 0.621094 0.888672 0.619141 0.890625 0.619141 0.892578 0.623047 0.896484 0.628906 0.896484 0.630859 0.898438 0.632812 0.898438 0.634766 0.900391 0.636719 0.900391 0.638672 0.902344 0.638672 0.904297 0.636719 0.906250 0.628906 0.906250 0.626953 0.904297 0.621094 0.904297 0.619141 0.902344 0.617188 0.902344 0.617188 0.906250 0.619141 0.906250 0.621094 0.908203 0.626953 0.908203 0.630859 0.912109 0.632812 0.912109 0.634766 0.914062 0.640625 0.914062 0.644531 0.910156 0.646484 0.910156 0.650391 0.914062 0.656250 0.914062 0.658203 0.912109 0.664062 0.912109 0.666016 0.914062 0.664062 0.912109 0.664062 0.910156 0.666016 0.908203 0.666016 0.906250 0.664062 0.904297 0.658203 0.904297 0.656250 0.906250 0.650391 0.906250 0.646484 0.910156 0.644531 0.910156 0.642578 0.908203 0.642578 0.904297 0.638672 0.900391 0.638672 0.898438 0.630859 0.890625 0.628906 0.890625 0.626953 0.888672 0.625000 0.888672 0.623047 0.886719 0.621094 0.886719 0.619141 0.884766 0.621094 0.882812 0.623047 0.882812 0.625000 0.880859 0.626953 0.880859 0.626953 0.876953 0.623047 0.876953 0.621094 0.878906 0.619141 0.876953 0.615234 0.876953
0 0.816406 0.837891 0.816406 0.841797 0.818359 0.843750 0.818359 0.845703 0.820312 0.847656 0.820312 0.851562 0.822266 0.853516 0.822266 0.855469 0.824219 0.857422 0.824219 0.867188 0.828125 0.867188 0.830078 0.869141 0.830078 0.871094 0.832031 0.873047 0.832031 0.875000 0.833984 0.876953 0.833984 0.878906 0.832031 0.880859 0.828125 0.876953 0.828125 0.875000 0.826172 0.875000 0.826172 0.876953 0.828125 0.876953 0.830078 0.878906 0.828125 0.880859 0.826172 0.880859 0.828125 0.882812 0.828125 0.888672 0.841797 0.888672 0.843750 0.886719 0.855469 0.886719 0.857422 0.884766 0.857422 0.882812 0.859375 0.880859 0.861328 0.880859 0.861328 0.878906 0.859375 0.876953 0.859375 0.871094 0.857422 0.869141 0.857422 0.867188 0.853516 0.863281 0.853516 0.857422 0.851562 0.855469 0.847656 0.855469 0.847656 0.859375 0.849609 0.861328 0.849609 0.867188 0.847656 0.869141 0.845703 0.869141 0.845703 0.876953 0.843750 0.878906 0.841797 0.878906 0.837891 0.875000 0.837891 0.873047 0.832031 0.867188 0.832031 0.859375 0.830078 0.857422 0.830078 0.855469 0.828125 0.853516 0.828125 0.847656 0.826172 0.847656 0.824219 0.845703 0.824219 0.843750 0.826172 0.841797 0.826172 0.833984 0.824219 0.833984 0.824219 0.835938 0.822266 0.837891
0 0.746094 0.808594 0.746094 0.810547 0.740234 0.816406 0.738281 0.816406 0.740234 0.818359 0.740234 0.820312 0.738281 0.822266 0.740234 0.822266 0.742188 0.824219 0.742188 0.826172 0.744141 0.826172 0.746094 0.828125 0.746094 0.830078 0.748047 0.832031 0.748047 0.833984 0.750000 0.833984 0.751953 0.835938 0.751953 0.837891 0.753906 0.837891 0.755859 0.839844 0.755859 0.841797 0.757812 0.839844 0.761719 0.839844 0.763672 0.841797 0.763672 0.843750 0.761719 0.845703 0.761719 0.847656 0.759766 0.849609 0.761719 0.849609 0.765625 0.853516 0.767578 0.853516 0.769531 0.851562 0.773438 0.851562 0.775391 0.849609 0.775391 0.847656 0.777344 0.845703 0.777344 0.843750 0.779297 0.841797 0.781250 0.841797 0.783203 0.839844 0.783203 0.837891 0.781250 0.837891 0.779297 0.835938 0.779297 0.832031 0.781250 0.830078 0.781250 0.828125 0.779297 0.828125 0.777344 0.830078 0.767578 0.830078 0.763672 0.826172 0.763672 0.816406 0.761719 0.814453 0.761719 0.812500 0.759766 0.812500 0.755859 0.808594
0 0.699219 0.730469 0.699219 0.732422 0.697266 0.734375 0.697266 0.736328 0.699219 0.738281 0.697266 0.740234 0.697266 0.742188 0.701172 0.748047 0.701172 0.751953 0.705078 0.755859 0.701172 0.761719 0.703125 0.763672 0.703125 0.769531 0.701172 0.771484 0.683594 0.771484 0.691406 0.779297 0.687500 0.785156 0.685547 0.783203 0.683594 0.783203 0.681641 0.785156 0.681641 0.787109 0.683594 0.787109 0.689453 0.791016 0.695312 0.791016 0.697266 0.789062 0.699219 0.789062 0.699219 0.785156 0.701172 0.783203 0.705078 0.787109 0.705078 0.789062 0.707031 0.789062 0.708984 0.791016 0.708984 0.792969 0.714844 0.792969 0.716797 0.794922 0.720703 0.794922 0.722656 0.796875 0.722656 0.798828 0.722656 0.796875 0.724609 0.794922 0.728516 0.798828 0.732422 0.798828 0.738281 0.804688 0.740234 0.802734 0.742188 0.802734 0.744141 0.804688 0.744141 0.796875 0.746094 0.794922 0.751953 0.794922 0.746094 0.794922 0.742188 0.791016 0.746094 0.785156 0.751953 0.785156 0.746094 0.785156 0.742188 0.781250 0.742188 0.775391 0.744141 0.773438 0.742188 0.771484 0.742188 0.767578 0.740234 0.769531 0.740234 0.771484 0.742188 0.773438 0.742188 0.775391 0.740234 0.777344 0.736328 0.777344 0.734375 0.775391 0.728516 0.775391 0.724609 0.771484 0.726562 0.769531 0.730469 0.769531 0.732422 0.771484 0.734375 0.771484 0.734375 0.769531 0.732422 0.769531 0.730469 0.767578 0.732422 0.765625 0.732422 0.761719 0.734375 0.759766 0.740234 0.759766 0.740234 0.757812 0.738281 0.755859 0.738281 0.751953 0.730469 0.744141 0.722656 0.744141 0.714844 0.736328 0.707031 0.736328 0.701172 0.730469
0 0.519531 0.830078 0.554688 0.841797 0.572266 0.816406 0.585938 0.826172 0.628906 0.796875 0.636719 0.812500 0.642578 0.812500 0.640625 0.804688 0.628906 0.796875 0.642578 0.791016 0.644531 0.800781 0.654297 0.798828 0.664062 0.808594 0.662109 0.820312 0.689453 0.832031 0.742188 0.865234 0.742188 0.880859 0.732422 0.884766 0.722656 0.917969 0.714844 0.921875 0.710938 0.935547 0.730469 0.939453 0.755859 0.960938 0.763672 0.953125 0.796875 0.947266 0.787109 0.939453 0.783203 0.925781 0.794922 0.927734 0.804688 0.914062 0.789062 0.910156 0.787109 0.906250 0.796875 0.902344 0.785156 0.902344 0.775391 0.890625 0.775391 0.882812 0.757812 0.875000 0.761719 0.869141 0.757812 0.857422 0.742188 0.857422 0.736328 0.839844 0.730469 0.839844 0.726562 0.832031 0.734375 0.824219 0.726562 0.822266 0.718750 0.833984 0.710938 0.826172 0.714844 0.820312 0.705078 0.812500 0.699219 0.820312 0.689453 0.818359 0.681641 0.794922 0.673828 0.792969 0.677734 0.787109 0.669922 0.787109 0.675781 0.783203 0.650391 0.777344 0.638672 0.763672 0.628906 0.759766 0.630859 0.751953 0.634766 0.753906 0.638672 0.746094 0.640625 0.750000 0.644531 0.742188 0.650391 0.757812 0.662109 0.765625 0.683594 0.765625 0.681641 0.753906 0.671875 0.750000 0.656250 0.728516 0.650391 0.726562 0.646484 0.734375 0.628906 0.740234 0.621094 0.750000 0.628906 0.767578 0.628906 0.785156 0.613281 0.783203 0.619141 0.792969 0.611328 0.792969 0.615234 0.798828 0.611328 0.806641 0.593750 0.787109 0.591797 0.794922 0.582031 0.796875 0.576172 0.791016 0.585938 0.783203 0.580078 0.779297 0.574219 0.791016 0.570312 0.787109 0.556641 0.791016 0.554688 0.800781 0.539062 0.812500 0.541016 0.830078 0.535156 0.833984
0 0.697266 0.708984 0.691406 0.708984 0.689453 0.707031 0.685547 0.707031 0.683594 0.705078 0.683594 0.699219 0.681641 0.699219 0.679688 0.701172 0.675781 0.701172 0.675781 0.710938 0.677734 0.712891 0.677734 0.716797 0.679688 0.716797 0.681641 0.718750 0.679688 0.720703 0.671875 0.720703 0.666016 0.714844 0.666016 0.716797 0.664062 0.718750 0.666016 0.720703 0.666016 0.724609 0.664062 0.726562 0.664062 0.728516 0.666016 0.730469 0.667969 0.730469 0.669922 0.728516 0.673828 0.728516 0.677734 0.724609 0.679688 0.724609 0.681641 0.722656 0.681641 0.720703 0.683594 0.718750 0.691406 0.718750 0.693359 0.720703 0.699219 0.720703 0.699219 0.712891 0.697266 0.710938
0 0.587891 0.638672 0.587891 0.642578 0.585938 0.644531 0.582031 0.644531 0.582031 0.648438 0.580078 0.650391 0.572266 0.650391 0.570312 0.648438 0.560547 0.648438 0.558594 0.646484 0.560547 0.642578 0.560547 0.638672 0.560547 0.640625 0.554688 0.644531 0.554688 0.646484 0.558594 0.648438 0.560547 0.652344 0.564453 0.654297 0.568359 0.654297 0.572266 0.658203 0.572266 0.660156 0.576172 0.662109 0.576172 0.671875 0.572266 0.679688 0.570312 0.681641 0.566406 0.681641 0.564453 0.685547 0.558594 0.685547 0.558594 0.691406 0.554688 0.695312 0.558594 0.699219 0.558594 0.708984 0.556641 0.710938 0.554688 0.720703 0.558594 0.722656 0.564453 0.722656 0.564453 0.718750 0.566406 0.716797 0.570312 0.724609 0.568359 0.726562 0.570312 0.730469 0.568359 0.734375 0.564453 0.734375 0.562500 0.730469 0.558594 0.730469 0.554688 0.732422 0.554688 0.738281 0.556641 0.740234 0.554688 0.744141 0.554688 0.748047 0.556641 0.750000 0.560547 0.750000 0.562500 0.753906 0.566406 0.751953 0.566406 0.748047 0.572266 0.744141 0.582031 0.744141 0.585938 0.736328 0.585938 0.722656 0.591797 0.716797 0.593750 0.716797 0.591797 0.714844 0.591797 0.710938 0.593750 0.708984 0.601562 0.708984 0.603516 0.710938 0.611328 0.695312 0.611328 0.693359 0.605469 0.693359 0.603516 0.689453 0.599609 0.687500 0.599609 0.683594 0.595703 0.683594 0.591797 0.679688 0.587891 0.679688 0.585938 0.677734 0.585938 0.671875 0.587891 0.669922 0.597656 0.667969 0.591797 0.667969 0.583984 0.662109 0.583984 0.654297 0.585938 0.652344 0.583984 0.648438 0.587891 0.644531
0 0.195312 0.646484 0.195312 0.650391 0.201172 0.656250 0.203125 0.656250 0.207031 0.660156 0.212891 0.660156 0.222656 0.667969 0.232422 0.667969 0.234375 0.669922 0.255859 0.669922 0.257812 0.667969 0.287109 0.667969 0.289062 0.666016 0.294922 0.666016 0.298828 0.662109 0.300781 0.662109 0.310547 0.656250 0.312500 0.656250 0.314453 0.658203 0.316406 0.658203 0.318359 0.656250 0.318359 0.648438 0.304688 0.648438 0.304688 0.652344 0.300781 0.656250 0.294922 0.656250 0.292969 0.654297 0.287109 0.654297 0.277344 0.648438 0.271484 0.648438 0.269531 0.650391 0.265625 0.644531 0.253906 0.644531 0.251953 0.642578 0.251953 0.640625 0.253906 0.638672 0.259766 0.638672 0.257812 0.638672 0.251953 0.634766 0.253906 0.632812 0.255859 0.632812 0.246094 0.632812 0.244141 0.630859 0.244141 0.628906 0.240234 0.628906 0.238281 0.626953 0.238281 0.625000 0.240234 0.623047 0.238281 0.625000 0.236328 0.623047 0.236328 0.634766 0.232422 0.638672 0.228516 0.632812 0.222656 0.632812 0.218750 0.628906 0.216797 0.630859 0.212891 0.630859 0.210938 0.632812 0.201172 0.632812 0.201172 0.634766 0.197266 0.640625 0.197266 0.644531
0 0.998047 0.585938 0.996094 0.585938 0.994141 0.587891 0.992188 0.587891 0.992188 0.589844 0.990234 0.591797 0.988281 0.589844 0.988281 0.591797 0.986328 0.593750 0.984375 0.593750 0.980469 0.597656 0.978516 0.597656 0.976562 0.599609 0.976562 0.601562 0.974609 0.603516 0.972656 0.603516 0.964844 0.611328 0.960938 0.611328 0.957031 0.615234 0.955078 0.615234 0.951172 0.619141 0.947266 0.619141 0.947266 0.621094 0.951172 0.621094 0.953125 0.619141 0.953125 0.617188 0.955078 0.615234 0.958984 0.615234 0.958984 0.613281 0.960938 0.611328 0.964844 0.611328 0.970703 0.605469 0.972656 0.605469 0.976562 0.601562 0.978516 0.603516 0.980469 0.603516 0.982422 0.601562 0.984375 0.603516 0.984375 0.605469 0.982422 0.607422 0.986328 0.607422 0.988281 0.609375 0.982422 0.615234 0.978516 0.615234 0.974609 0.619141 0.972656 0.619141 0.970703 0.621094 0.968750 0.619141 0.968750 0.617188 0.970703 0.615234 0.968750 0.615234 0.964844 0.619141 0.964844 0.625000 0.962891 0.626953 0.958984 0.626953 0.957031 0.628906 0.958984 0.626953 0.962891 0.626953 0.968750 0.621094 0.972656 0.621094 0.974609 0.619141 0.980469 0.619141 0.986328 0.613281 0.988281 0.613281 0.990234 0.611328 0.992188 0.611328 0.996094 0.615234 0.994141 0.613281 0.994141 0.611328 0.998047 0.607422
0 0.744141 0.591797 0.744141 0.593750 0.746094 0.595703 0.746094 0.597656 0.750000 0.601562 0.751953 0.601562 0.753906 0.603516 0.755859 0.601562 0.755859 0.599609 0.757812 0.597656 0.759766 0.597656 0.761719 0.599609 0.761719 0.601562 0.773438 0.601562 0.775391 0.603516 0.777344 0.603516 0.777344 0.601562 0.781250 0.597656 0.781250 0.595703 0.777344 0.591797 0.775391 0.591797 0.773438 0.589844 0.773438 0.583984 0.775391 0.582031 0.773438 0.582031 0.771484 0.580078 0.765625 0.580078 0.763672 0.578125 0.763672 0.576172 0.759766 0.576172 0.757812 0.578125 0.755859 0.578125 0.757812 0.578125 0.759766 0.580078 0.757812 0.582031 0.753906 0.582031 0.753906 0.585938 0.751953 0.587891 0.750000 0.587891 0.746094 0.591797
0 0.439453 0.568359 0.437500 0.568359 0.437500 0.570312 0.429688 0.578125 0.429688 0.580078 0.427734 0.582031 0.427734 0.585938 0.425781 0.587891 0.425781 0.591797 0.419922 0.597656 0.419922 0.613281 0.421875 0.615234 0.421875 0.625000 0.423828 0.626953 0.423828 0.630859 0.425781 0.632812 0.425781 0.634766 0.429688 0.638672 0.431641 0.638672 0.431641 0.636719 0.433594 0.634766 0.433594 0.630859 0.435547 0.628906 0.437500 0.630859 0.453125 0.630859 0.451172 0.628906 0.451172 0.625000 0.431641 0.625000 0.429688 0.623047 0.429688 0.615234 0.427734 0.613281 0.427734 0.607422 0.429688 0.605469 0.429688 0.599609 0.431641 0.597656 0.431641 0.593750 0.435547 0.589844 0.435547 0.587891 0.437500 0.585938 0.437500 0.574219 0.439453 0.572266
0 0.900391 0.583984 0.902344 0.585938 0.910156 0.585938 0.912109 0.583984 0.914062 0.583984 0.916016 0.582031 0.916016 0.580078 0.912109 0.576172 0.912109 0.574219 0.914062 0.572266 0.916016 0.574219 0.929688 0.574219 0.931641 0.576172 0.931641 0.578125 0.935547 0.582031 0.937500 0.587891 0.943359 0.587891 0.943359 0.585938 0.945312 0.583984 0.947266 0.585938 0.949219 0.583984 0.955078 0.583984 0.955078 0.580078 0.958984 0.576172 0.964844 0.576172 0.968750 0.580078 0.966797 0.582031 0.972656 0.587891 0.972656 0.589844 0.974609 0.589844 0.980469 0.585938 0.982422 0.587891 0.984375 0.587891 0.984375 0.582031 0.982422 0.580078 0.980469 0.582031 0.978516 0.580078 0.978516 0.578125 0.980469 0.576172 0.976562 0.576172 0.970703 0.580078 0.968750 0.580078 0.966797 0.578125 0.982422 0.564453 0.986328 0.564453 0.988281 0.566406 0.994141 0.566406 0.996094 0.568359 0.998047 0.568359 0.998047 0.558594 0.996094 0.556641 0.994141 0.556641 0.994141 0.558594 0.990234 0.562500 0.982422 0.562500 0.980469 0.564453 0.974609 0.564453 0.974609 0.566406 0.970703 0.570312 0.968750 0.568359 0.964844 0.568359 0.962891 0.566406 0.964844 0.564453 0.955078 0.564453 0.953125 0.562500 0.949219 0.566406 0.947266 0.564453 0.947266 0.562500 0.951172 0.558594 0.951172 0.556641 0.945312 0.556641 0.947266 0.556641 0.949219 0.558594 0.947266 0.560547 0.945312 0.560547 0.945312 0.562500 0.943359 0.564453 0.937500 0.564453 0.939453 0.566406 0.935547 0.572266 0.927734 0.572266 0.925781 0.574219 0.919922 0.574219 0.917969 0.572266 0.917969 0.570312 0.916016 0.572266 0.912109 0.572266 0.912109 0.576172 0.910156 0.578125 0.910156 0.580078 0.906250 0.583984
0 0.708984 0.556641 0.707031 0.558594 0.703125 0.558594 0.699219 0.560547 0.695312 0.556641 0.695312 0.554688 0.693359 0.556641 0.689453 0.554688 0.685547 0.554688 0.683594 0.550781 0.673828 0.542969 0.675781 0.541016 0.673828 0.541016 0.669922 0.537109 0.666016 0.537109 0.667969 0.541016 0.667969 0.544922 0.666016 0.546875 0.662109 0.546875 0.660156 0.548828 0.656250 0.546875 0.652344 0.548828 0.650391 0.552734 0.640625 0.552734 0.636719 0.554688 0.632812 0.550781 0.632812 0.548828 0.636719 0.544922 0.636719 0.541016 0.626953 0.550781 0.623047 0.552734 0.619141 0.562500 0.615234 0.566406 0.615234 0.570312 0.613281 0.572266 0.613281 0.578125 0.609375 0.582031 0.609375 0.589844 0.605469 0.597656 0.615234 0.593750 0.615234 0.591797 0.625000 0.580078 0.628906 0.582031 0.638672 0.574219 0.640625 0.576172 0.640625 0.580078 0.642578 0.578125 0.640625 0.576172 0.640625 0.572266 0.644531 0.568359 0.646484 0.568359 0.656250 0.556641 0.664062 0.556641 0.666016 0.558594 0.666016 0.560547 0.662109 0.562500 0.662109 0.564453 0.666016 0.562500 0.671875 0.564453 0.673828 0.560547 0.679688 0.560547 0.685547 0.564453 0.683594 0.566406 0.679688 0.566406 0.679688 0.570312 0.689453 0.570312 0.693359 0.572266 0.701172 0.580078 0.701172 0.582031 0.703125 0.582031 0.705078 0.585938 0.708984 0.587891 0.705078 0.595703 0.707031 0.597656 0.708984 0.595703 0.707031 0.591797 0.708984 0.589844 0.710938 0.589844 0.714844 0.593750 0.714844 0.591797 0.710938 0.589844 0.710938 0.587891 0.705078 0.582031 0.705078 0.580078 0.699219 0.576172 0.699219 0.574219 0.701172 0.572266 0.701172 0.568359 0.703125 0.564453 0.707031 0.562500 0.703125 0.560547 0.705078 0.558594 0.708984 0.558594
0 0.224609 0.523438 0.212891 0.533203 0.210938 0.533203 0.205078 0.542969 0.201172 0.542969 0.201172 0.548828 0.203125 0.548828 0.203125 0.546875 0.212891 0.539062 0.216797 0.539062 0.218750 0.541016 0.210938 0.550781 0.210938 0.552734 0.212891 0.552734 0.214844 0.556641 0.218750 0.558594 0.218750 0.564453 0.222656 0.564453 0.224609 0.566406 0.224609 0.572266 0.222656 0.574219 0.220703 0.574219 0.218750 0.570312 0.218750 0.583984 0.220703 0.580078 0.224609 0.582031 0.224609 0.585938 0.222656 0.587891 0.218750 0.587891 0.218750 0.599609 0.220703 0.597656 0.224609 0.597656 0.226562 0.599609 0.226562 0.603516 0.222656 0.605469 0.222656 0.611328 0.232422 0.611328 0.234375 0.613281 0.232422 0.615234 0.228516 0.615234 0.234375 0.615234 0.234375 0.611328 0.238281 0.609375 0.234375 0.607422 0.234375 0.603516 0.238281 0.601562 0.236328 0.601562 0.234375 0.597656 0.236328 0.595703 0.242188 0.595703 0.244141 0.591797 0.246094 0.595703 0.251953 0.591797 0.251953 0.585938 0.248047 0.583984 0.248047 0.578125 0.250000 0.576172 0.255859 0.576172 0.257812 0.580078 0.261719 0.580078 0.263672 0.583984 0.273438 0.583984 0.273438 0.566406 0.271484 0.568359 0.269531 0.566406 0.269531 0.556641 0.271484 0.554688 0.277344 0.554688 0.279297 0.556641 0.281250 0.552734 0.285156 0.552734 0.289062 0.556641 0.298828 0.556641 0.296875 0.554688 0.292969 0.554688 0.291016 0.556641 0.281250 0.546875 0.275391 0.548828 0.271484 0.546875 0.265625 0.539062 0.261719 0.541016 0.255859 0.535156 0.253906 0.535156 0.253906 0.556641 0.255859 0.558594 0.251953 0.566406 0.250000 0.562500 0.246094 0.564453 0.244141 0.562500 0.244141 0.541016 0.240234 0.537109 0.240234 0.527344 0.226562 0.527344 0.224609 0.525391 0.228516 0.523438
0 0.355469 0.492188 0.341797 0.492188 0.341797 0.498047 0.339844 0.500000 0.337891 0.500000 0.337891 0.501953 0.335938 0.503906 0.333984 0.503906 0.335938 0.503906 0.337891 0.505859 0.335938 0.507812 0.333984 0.507812 0.333984 0.509766 0.332031 0.511719 0.328125 0.511719 0.328125 0.513672 0.326172 0.515625 0.326172 0.517578 0.324219 0.519531 0.324219 0.521484 0.322266 0.523438 0.314453 0.523438 0.312500 0.521484 0.310547 0.521484 0.308594 0.523438 0.306641 0.523438 0.306641 0.529297 0.308594 0.531250 0.314453 0.531250 0.316406 0.529297 0.318359 0.529297 0.318359 0.527344 0.320312 0.525391 0.341797 0.525391 0.343750 0.523438 0.345703 0.525391 0.349609 0.525391 0.349609 0.521484 0.351562 0.519531 0.353516 0.519531 0.351562 0.519531 0.349609 0.521484 0.347656 0.521484 0.345703 0.519531 0.341797 0.523438 0.339844 0.521484 0.339844 0.519531 0.337891 0.521484 0.335938 0.521484 0.333984 0.519531 0.335938 0.517578 0.335938 0.511719 0.337891 0.509766 0.341797 0.509766 0.343750 0.507812 0.343750 0.505859 0.345703 0.503906 0.347656 0.503906 0.347656 0.501953 0.349609 0.500000 0.349609 0.494141 0.351562 0.492188
0 0.757812 0.466797 0.746094 0.476562 0.748047 0.480469 0.781250 0.496094 0.796875 0.509766 0.808594 0.527344 0.814453 0.529297 0.839844 0.572266 0.847656 0.601562 0.853516 0.605469 0.871094 0.689453 0.869141 0.775391 0.873047 0.822266 0.869141 0.843750 0.876953 0.898438 0.876953 0.953125 0.888672 0.994141 0.892578 0.998047 0.917969 0.998047 0.904297 0.919922 0.902344 0.847656 0.906250 0.843750 0.906250 0.798828 0.898438 0.761719 0.902344 0.716797 0.896484 0.683594 0.898438 0.658203 0.892578 0.640625 0.892578 0.605469 0.886719 0.582031 0.882812 0.580078 0.867188 0.535156 0.826172 0.488281 0.792969 0.462891 0.783203 0.462891 0.777344 0.470703 0.773438 0.466797
0 0.314453 0.457031 0.302734 0.457031 0.302734 0.460938 0.304688 0.462891 0.308594 0.462891 0.310547 0.464844 0.308594 0.466797 0.302734 0.466797 0.302734 0.470703 0.300781 0.472656 0.298828 0.472656 0.298828 0.474609 0.296875 0.476562 0.294922 0.476562 0.292969 0.474609 0.291016 0.476562 0.289062 0.476562 0.289062 0.498047 0.289062 0.496094 0.291016 0.494141 0.292969 0.494141 0.294922 0.496094 0.294922 0.501953 0.292969 0.503906 0.289062 0.503906 0.289062 0.517578 0.292969 0.517578 0.292969 0.515625 0.294922 0.513672 0.300781 0.513672 0.300781 0.507812 0.302734 0.505859 0.308594 0.505859 0.310547 0.507812 0.310547 0.517578 0.314453 0.517578 0.314453 0.515625 0.316406 0.513672 0.318359 0.513672 0.318359 0.511719 0.320312 0.509766 0.322266 0.511719 0.324219 0.511719 0.322266 0.509766 0.322266 0.507812 0.324219 0.505859 0.326172 0.505859 0.326172 0.500000 0.328125 0.498047 0.332031 0.498047 0.332031 0.492188 0.333984 0.490234 0.335938 0.490234 0.335938 0.488281 0.339844 0.484375 0.339844 0.480469 0.337891 0.480469 0.335938 0.478516 0.335938 0.476562 0.335938 0.478516 0.333984 0.480469 0.332031 0.480469 0.330078 0.478516 0.330078 0.476562 0.320312 0.476562 0.318359 0.474609 0.318359 0.472656 0.306641 0.472656 0.304688 0.470703 0.304688 0.468750 0.310547 0.464844 0.310547 0.460938 0.312500 0.458984 0.314453 0.458984
0 0.693359 0.451172 0.695312 0.451172 0.697266 0.453125 0.699219 0.453125 0.701172 0.455078 0.701172 0.466797 0.716797 0.466797 0.718750 0.468750 0.724609 0.468750 0.728516 0.472656 0.738281 0.472656 0.738281 0.466797 0.740234 0.464844 0.742188 0.464844 0.742188 0.462891 0.736328 0.462891 0.734375 0.460938 0.736328 0.458984 0.734375 0.457031 0.734375 0.451172 0.736328 0.449219 0.738281 0.449219 0.736328 0.449219 0.734375 0.447266 0.726562 0.447266 0.724609 0.449219 0.722656 0.449219 0.720703 0.447266 0.718750 0.447266 0.714844 0.451172 0.712891 0.451172 0.707031 0.457031 0.703125 0.453125 0.705078 0.451172 0.705078 0.447266 0.701172 0.447266 0.701172 0.449219 0.699219 0.451172
0 0.292969 0.457031 0.287109 0.453125 0.283203 0.453125 0.281250 0.451172 0.281250 0.447266 0.279297 0.445312 0.279297 0.443359 0.275391 0.443359 0.271484 0.447266 0.269531 0.447266 0.265625 0.451172 0.265625 0.453125 0.253906 0.464844 0.251953 0.464844 0.250000 0.466797 0.250000 0.468750 0.242188 0.476562 0.242188 0.478516 0.238281 0.482422 0.238281 0.484375 0.236328 0.486328 0.234375 0.486328 0.224609 0.494141 0.222656 0.494141 0.220703 0.496094 0.216797 0.496094 0.214844 0.498047 0.214844 0.500000 0.205078 0.507812 0.199219 0.507812 0.197266 0.509766 0.191406 0.511719 0.187500 0.515625 0.187500 0.517578 0.183594 0.521484 0.181641 0.521484 0.183594 0.521484 0.185547 0.523438 0.179688 0.527344 0.177734 0.525391 0.175781 0.527344 0.175781 0.531250 0.195312 0.531250 0.197266 0.529297 0.199219 0.531250 0.203125 0.531250 0.205078 0.529297 0.205078 0.527344 0.208984 0.523438 0.210938 0.523438 0.216797 0.519531 0.222656 0.519531 0.226562 0.515625 0.226562 0.513672 0.232422 0.507812 0.234375 0.507812 0.240234 0.503906 0.246094 0.505859 0.250000 0.501953 0.255859 0.500000 0.259766 0.496094 0.263672 0.496094 0.267578 0.490234 0.273438 0.488281 0.285156 0.476562 0.285156 0.474609 0.289062 0.470703 0.291016 0.470703 0.291016 0.464844 0.289062 0.464844 0.287109 0.462891 0.287109 0.460938
0 0.650391 0.445312 0.632812 0.443359 0.625000 0.435547 0.609375 0.443359 0.625000 0.453125 0.582031 0.480469 0.542969 0.527344 0.521484 0.576172 0.509766 0.638672 0.519531 0.642578 0.507812 0.662109 0.500000 0.658203 0.490234 0.666016 0.482422 0.664062 0.476562 0.675781 0.453125 0.681641 0.416016 0.679688 0.408203 0.673828 0.410156 0.650391 0.441406 0.669922 0.449219 0.666016 0.423828 0.656250 0.404297 0.638672 0.400391 0.607422 0.417969 0.570312 0.437500 0.548828 0.457031 0.541016 0.470703 0.521484 0.476562 0.500000 0.455078 0.488281 0.451172 0.501953 0.416016 0.527344 0.373047 0.583984 0.373047 0.603516 0.367188 0.605469 0.371094 0.666016 0.392578 0.693359 0.431641 0.730469 0.453125 0.738281 0.451172 0.744141 0.468750 0.755859 0.474609 0.748047 0.484375 0.761719 0.509766 0.765625 0.503906 0.759766 0.507812 0.755859 0.517578 0.761719 0.519531 0.751953 0.535156 0.753906 0.533203 0.738281 0.529297 0.744141 0.515625 0.730469 0.529297 0.722656 0.537109 0.742188 0.544922 0.742188 0.533203 0.720703 0.550781 0.701172 0.531250 0.693359 0.535156 0.703125 0.525391 0.712891 0.511719 0.712891 0.501953 0.726562 0.492188 0.722656 0.523438 0.697266 0.529297 0.683594 0.531250 0.687500 0.535156 0.662109 0.552734 0.630859 0.564453 0.625000 0.564453 0.632812 0.572266 0.634766 0.576172 0.626953 0.566406 0.623047 0.562500 0.609375 0.564453 0.583984 0.562500 0.591797 0.554688 0.589844 0.562500 0.554688 0.603516 0.498047 0.619141 0.484375 0.650391 0.474609 0.646484 0.466797 0.656250 0.458984
0 0.568359 0.433594 0.564453 0.433594 0.558594 0.427734 0.556641 0.427734 0.554688 0.425781 0.552734 0.427734 0.550781 0.425781 0.550781 0.421875 0.548828 0.421875 0.546875 0.423828 0.544922 0.423828 0.542969 0.425781 0.541016 0.425781 0.531250 0.435547 0.531250 0.439453 0.529297 0.441406 0.529297 0.445312 0.533203 0.449219 0.533203 0.451172 0.533203 0.449219 0.535156 0.447266 0.537109 0.447266 0.537109 0.445312 0.539062 0.443359 0.541016 0.443359 0.541016 0.441406 0.542969 0.439453 0.546875 0.439453 0.546875 0.433594 0.548828 0.431641 0.550781 0.433594 0.550781 0.435547 0.568359 0.435547
0 0.822266 0.400391 0.820312 0.400391 0.816406 0.396484 0.804688 0.396484 0.806641 0.396484 0.810547 0.400391 0.810547 0.402344 0.808594 0.404297 0.796875 0.404297 0.794922 0.406250 0.783203 0.406250 0.783203 0.408203 0.785156 0.408203 0.789062 0.412109 0.789062 0.414062 0.787109 0.416016 0.783203 0.416016 0.783203 0.417969 0.785156 0.417969 0.787109 0.419922 0.783203 0.423828 0.779297 0.423828 0.779297 0.425781 0.777344 0.427734 0.773438 0.427734 0.771484 0.429688 0.771484 0.433594 0.787109 0.433594 0.789062 0.435547 0.794922 0.435547 0.796875 0.433594 0.798828 0.433594 0.798828 0.431641 0.800781 0.429688 0.808594 0.429688 0.808594 0.427734 0.810547 0.425781 0.812500 0.427734 0.814453 0.425781 0.812500 0.423828 0.812500 0.421875 0.810547 0.419922 0.810547 0.416016 0.802734 0.416016 0.804688 0.416016 0.806641 0.417969 0.806641 0.419922 0.804688 0.421875 0.800781 0.421875 0.798828 0.419922 0.798828 0.414062 0.796875 0.416016 0.792969 0.412109 0.796875 0.408203 0.798828 0.410156 0.800781 0.408203 0.802734 0.410156 0.804688 0.410156 0.808594 0.406250 0.810547 0.406250 0.812500 0.408203 0.814453 0.408203 0.816406 0.406250 0.818359 0.406250 0.820312 0.408203 0.824219 0.408203 0.824219 0.404297 0.822266 0.402344
0 0.802734 0.300781 0.804688 0.314453 0.800781 0.322266 0.808594 0.320312 0.814453 0.328125 0.816406 0.324219 0.820312 0.324219 0.822266 0.326172 0.820312 0.332031 0.832031 0.341797 0.832031 0.345703 0.839844 0.347656 0.849609 0.357422 0.865234 0.363281 0.878906 0.373047 0.886719 0.373047 0.898438 0.380859 0.902344 0.380859 0.906250 0.376953 0.910156 0.380859 0.908203 0.384766 0.916016 0.384766 0.921875 0.388672 0.933594 0.388672 0.935547 0.390625 0.960938 0.390625 0.976562 0.386719 0.984375 0.380859 0.994141 0.378906 0.998047 0.375000 0.998047 0.363281 0.982422 0.371094 0.976562 0.367188 0.982422 0.357422 0.980469 0.355469 0.986328 0.351562 0.986328 0.349609 0.978516 0.347656 0.978516 0.341797 0.984375 0.339844 0.988281 0.333984 0.990234 0.324219 0.992188 0.328125 0.992188 0.322266 0.988281 0.318359 0.984375 0.322266 0.980469 0.322266 0.974609 0.312500 0.970703 0.314453 0.964844 0.324219 0.951172 0.332031 0.953125 0.335938 0.955078 0.332031 0.960938 0.332031 0.964844 0.347656 0.968750 0.343750 0.972656 0.343750 0.972656 0.339844 0.976562 0.337891 0.978516 0.339844 0.976562 0.341797 0.978516 0.345703 0.976562 0.355469 0.980469 0.359375 0.978516 0.361328 0.968750 0.361328 0.966797 0.367188 0.955078 0.367188 0.953125 0.363281 0.943359 0.367188 0.941406 0.365234 0.927734 0.365234 0.917969 0.357422 0.916016 0.359375 0.914062 0.353516 0.910156 0.353516 0.904297 0.345703 0.898438 0.345703 0.892578 0.339844 0.871094 0.335938 0.863281 0.330078 0.859375 0.330078 0.857422 0.326172 0.847656 0.322266 0.843750 0.324219 0.832031 0.312500 0.826172 0.302734 0.816406 0.304688
0 0.423828 0.291016 0.414062 0.291016 0.414062 0.298828 0.416016 0.300781 0.416016 0.322266 0.427734 0.361328 0.427734 0.384766 0.404297 0.412109 0.380859 0.427734 0.353516 0.423828 0.330078 0.412109 0.312500 0.355469 0.312500 0.337891 0.318359 0.330078 0.322266 0.330078 0.322266 0.326172 0.326172 0.324219 0.328125 0.314453 0.326172 0.312500 0.322266 0.314453 0.310547 0.330078 0.304688 0.349609 0.304688 0.357422 0.298828 0.367188 0.300781 0.373047 0.308594 0.375000 0.300781 0.394531 0.314453 0.406250 0.335938 0.437500 0.392578 0.437500 0.427734 0.414062 0.441406 0.375000 0.441406 0.369141 0.437500 0.359375 0.437500 0.351562 0.425781 0.306641
0 0.722656 0.294922 0.724609 0.294922 0.726562 0.296875 0.724609 0.298828 0.722656 0.298828 0.726562 0.298828 0.728516 0.300781 0.728516 0.306641 0.730469 0.306641 0.732422 0.308594 0.732422 0.314453 0.730469 0.316406 0.728516 0.314453 0.728516 0.326172 0.734375 0.326172 0.734375 0.324219 0.736328 0.322266 0.738281 0.322266 0.738281 0.320312 0.740234 0.318359 0.748047 0.318359 0.750000 0.320312 0.750000 0.326172 0.751953 0.326172 0.750000 0.324219 0.751953 0.322266 0.767578 0.322266 0.767578 0.320312 0.765625 0.320312 0.763672 0.318359 0.759766 0.318359 0.755859 0.314453 0.755859 0.312500 0.759766 0.308594 0.761719 0.308594 0.763672 0.310547 0.763672 0.312500 0.765625 0.312500 0.767578 0.310547 0.769531 0.310547 0.769531 0.308594 0.771484 0.306641 0.773438 0.306641 0.773438 0.304688 0.771484 0.304688 0.769531 0.302734 0.767578 0.304688 0.763672 0.304688 0.761719 0.302734 0.761719 0.300781 0.753906 0.300781 0.751953 0.298828 0.750000 0.300781 0.748047 0.298828 0.748047 0.296875 0.746094 0.296875 0.748047 0.298828 0.746094 0.300781 0.744141 0.300781 0.742188 0.302734 0.740234 0.302734 0.738281 0.304688 0.736328 0.304688 0.732422 0.300781 0.732422 0.298828 0.730469 0.296875 0.734375 0.292969 0.734375 0.291016 0.732422 0.289062 0.730469 0.289062 0.728516 0.291016 0.728516 0.292969 0.726562 0.294922
0 0.466797 0.193359 0.457031 0.193359 0.453125 0.197266 0.449219 0.197266 0.445312 0.201172 0.443359 0.199219 0.443359 0.197266 0.445312 0.195312 0.439453 0.195312 0.439453 0.205078 0.441406 0.207031 0.437500 0.210938 0.437500 0.212891 0.435547 0.214844 0.435547 0.216797 0.437500 0.218750 0.437500 0.220703 0.435547 0.222656 0.435547 0.230469 0.441406 0.230469 0.443359 0.232422 0.443359 0.234375 0.447266 0.234375 0.449219 0.236328 0.449219 0.238281 0.457031 0.238281 0.455078 0.236328 0.457031 0.234375 0.462891 0.234375 0.466797 0.230469 0.472656 0.230469 0.476562 0.226562 0.480469 0.226562 0.482422 0.224609 0.484375 0.224609 0.484375 0.222656 0.486328 0.220703 0.484375 0.218750 0.478516 0.218750 0.472656 0.212891 0.474609 0.210938 0.474609 0.207031 0.476562 0.205078 0.476562 0.201172 0.474609 0.201172 0.470703 0.197266 0.468750 0.197266 0.466797 0.195312
0 0.890625 0.187500 0.890625 0.191406 0.892578 0.193359 0.890625 0.195312 0.890625 0.203125 0.894531 0.203125 0.896484 0.205078 0.896484 0.208984 0.898438 0.208984 0.900391 0.210938 0.900391 0.212891 0.906250 0.212891 0.908203 0.214844 0.910156 0.214844 0.912109 0.216797 0.912109 0.220703 0.914062 0.218750 0.921875 0.226562 0.921875 0.232422 0.923828 0.232422 0.925781 0.234375 0.925781 0.238281 0.927734 0.238281 0.929688 0.240234 0.929688 0.242188 0.931641 0.242188 0.931641 0.240234 0.933594 0.238281 0.935547 0.238281 0.935547 0.230469 0.937500 0.228516 0.939453 0.230469 0.939453 0.232422 0.941406 0.232422 0.941406 0.230469 0.939453 0.230469 0.937500 0.228516 0.933594 0.228516 0.931641 0.226562 0.931641 0.224609 0.929688 0.224609 0.927734 0.222656 0.927734 0.220703 0.925781 0.222656 0.921875 0.218750 0.923828 0.216797 0.923828 0.212891 0.919922 0.212891 0.917969 0.210938 0.917969 0.208984 0.916016 0.208984 0.914062 0.207031 0.914062 0.203125 0.912109 0.203125 0.910156 0.201172 0.910156 0.199219 0.908203 0.199219 0.906250 0.197266 0.906250 0.195312 0.904297 0.195312 0.904297 0.197266 0.902344 0.199219 0.896484 0.199219 0.894531 0.197266 0.894531 0.195312 0.896484 0.193359 0.894531 0.191406 0.892578 0.191406 0.890625 0.189453
0 0.867188 0.179688 0.865234 0.183594 0.861328 0.183594 0.859375 0.189453 0.855469 0.193359 0.853516 0.201172 0.847656 0.207031 0.845703 0.207031 0.849609 0.208984 0.847656 0.210938 0.843750 0.210938 0.841797 0.214844 0.837891 0.218750 0.835938 0.218750 0.833984 0.228516 0.832031 0.230469 0.828125 0.230469 0.828125 0.232422 0.824219 0.234375 0.822266 0.240234 0.832031 0.240234 0.833984 0.242188 0.833984 0.251953 0.837891 0.253906 0.839844 0.251953 0.845703 0.255859 0.841797 0.259766 0.841797 0.263672 0.845703 0.263672 0.847656 0.261719 0.853516 0.261719 0.859375 0.255859 0.861328 0.257812 0.863281 0.255859 0.867188 0.259766 0.869141 0.259766 0.873047 0.263672 0.873047 0.265625 0.875000 0.265625 0.876953 0.263672 0.876953 0.259766 0.880859 0.255859 0.884766 0.257812 0.886719 0.255859 0.894531 0.257812 0.894531 0.250000 0.902344 0.234375 0.910156 0.238281 0.910156 0.232422 0.908203 0.232422 0.906250 0.228516 0.898438 0.228516 0.896484 0.230469 0.894531 0.230469 0.892578 0.226562 0.884766 0.228516 0.880859 0.222656 0.878906 0.230469 0.876953 0.232422 0.876953 0.242188 0.871094 0.248047 0.867188 0.248047 0.867188 0.251953 0.865234 0.253906 0.857422 0.253906 0.853516 0.255859 0.847656 0.251953 0.847656 0.250000 0.855469 0.244141 0.857422 0.244141 0.859375 0.240234 0.863281 0.240234 0.867188 0.236328 0.869141 0.236328 0.869141 0.232422 0.871094 0.230469 0.871094 0.226562 0.871094 0.228516 0.865234 0.234375 0.863281 0.234375 0.859375 0.230469 0.861328 0.228516 0.863281 0.220703 0.867188 0.218750 0.865234 0.218750 0.861328 0.214844 0.861328 0.208984 0.865234 0.203125 0.869141 0.203125 0.871094 0.201172 0.871094 0.195312 0.869141 0.193359
0 0.134766 0.171875 0.134766 0.173828 0.132812 0.175781 0.132812 0.179688 0.130859 0.181641 0.130859 0.185547 0.138672 0.197266 0.138672 0.201172 0.140625 0.203125 0.140625 0.207031 0.148438 0.207031 0.154297 0.212891 0.156250 0.210938 0.158203 0.210938 0.160156 0.212891 0.162109 0.212891 0.166016 0.216797 0.167969 0.216797 0.169922 0.218750 0.171875 0.218750 0.173828 0.220703 0.175781 0.220703 0.185547 0.226562 0.191406 0.226562 0.193359 0.228516 0.203125 0.228516 0.203125 0.226562 0.207031 0.222656 0.208984 0.222656 0.210938 0.224609 0.218750 0.224609 0.220703 0.226562 0.224609 0.226562 0.224609 0.212891 0.220703 0.212891 0.218750 0.210938 0.214844 0.210938 0.208984 0.214844 0.205078 0.208984 0.205078 0.205078 0.203125 0.205078 0.199219 0.208984 0.199219 0.216797 0.197266 0.218750 0.195312 0.218750 0.193359 0.216797 0.187500 0.216797 0.185547 0.214844 0.187500 0.212891 0.191406 0.212891 0.191406 0.207031 0.193359 0.205078 0.193359 0.203125 0.191406 0.203125 0.185547 0.197266 0.183594 0.197266 0.181641 0.195312 0.179688 0.195312 0.169922 0.189453 0.166016 0.189453 0.164062 0.191406 0.162109 0.191406 0.162109 0.193359 0.158203 0.199219 0.152344 0.193359 0.150391 0.193359 0.146484 0.189453 0.146484 0.187500 0.144531 0.185547 0.148438 0.181641 0.152344 0.181641 0.152344 0.173828 0.150391 0.171875 0.150391 0.169922 0.142578 0.169922 0.140625 0.167969
0 0.400391 0.187500 0.402344 0.189453 0.402344 0.191406 0.402344 0.189453 0.404297 0.187500 0.408203 0.187500 0.408203 0.181641 0.410156 0.179688 0.412109 0.179688 0.412109 0.177734 0.414062 0.175781 0.416016 0.175781 0.417969 0.177734 0.417969 0.185547 0.419922 0.183594 0.419922 0.181641 0.421875 0.179688 0.423828 0.179688 0.433594 0.169922 0.437500 0.169922 0.439453 0.167969 0.445312 0.167969 0.447266 0.169922 0.447266 0.177734 0.449219 0.179688 0.449219 0.185547 0.451172 0.187500 0.451172 0.191406 0.453125 0.191406 0.457031 0.187500 0.457031 0.173828 0.458984 0.171875 0.460938 0.171875 0.464844 0.175781 0.466797 0.175781 0.468750 0.177734 0.470703 0.175781 0.470703 0.173828 0.472656 0.171875 0.472656 0.166016 0.470703 0.166016 0.468750 0.164062 0.468750 0.162109 0.466797 0.164062 0.464844 0.164062 0.462891 0.166016 0.460938 0.164062 0.455078 0.164062 0.453125 0.166016 0.449219 0.166016 0.447266 0.164062 0.439453 0.164062 0.437500 0.162109 0.429688 0.162109 0.427734 0.164062 0.425781 0.164062 0.423828 0.166016 0.423828 0.167969 0.421875 0.169922 0.419922 0.169922 0.417969 0.167969 0.417969 0.171875 0.416016 0.173828 0.414062 0.173828 0.410156 0.177734 0.408203 0.177734 0.408203 0.179688 0.404297 0.183594 0.402344 0.183594 0.400391 0.185547
0 0.546875 0.150391 0.531250 0.150391 0.529297 0.152344 0.525391 0.152344 0.523438 0.154297 0.521484 0.154297 0.519531 0.156250 0.517578 0.156250 0.511719 0.162109 0.509766 0.162109 0.509766 0.171875 0.511719 0.173828 0.511719 0.175781 0.515625 0.179688 0.513672 0.181641 0.511719 0.181641 0.507812 0.185547 0.509766 0.187500 0.509766 0.191406 0.511719 0.191406 0.513672 0.193359 0.513672 0.201172 0.515625 0.203125 0.517578 0.203125 0.519531 0.201172 0.521484 0.201172 0.523438 0.203125 0.525391 0.203125 0.527344 0.205078 0.527344 0.208984 0.529297 0.210938 0.529297 0.203125 0.527344 0.201172 0.527344 0.199219 0.525391 0.201172 0.523438 0.201172 0.519531 0.197266 0.519531 0.193359 0.521484 0.191406 0.523438 0.191406 0.527344 0.195312 0.529297 0.193359 0.529297 0.191406 0.531250 0.189453 0.521484 0.189453 0.519531 0.187500 0.519531 0.185547 0.521484 0.183594 0.523438 0.185547 0.529297 0.185547 0.531250 0.183594 0.537109 0.183594 0.537109 0.181641 0.539062 0.179688 0.541016 0.179688 0.542969 0.177734 0.544922 0.177734 0.544922 0.175781 0.546875 0.173828 0.548828 0.173828 0.550781 0.171875 0.554688 0.171875 0.558594 0.167969 0.560547 0.167969 0.562500 0.166016 0.562500 0.164062 0.560547 0.162109 0.560547 0.160156 0.556641 0.160156 0.554688 0.158203 0.554688 0.156250 0.552734 0.154297 0.550781 0.154297
0 0.089844 0.146484 0.089844 0.150391 0.097656 0.158203 0.099609 0.158203 0.105469 0.164062 0.107422 0.164062 0.109375 0.166016 0.107422 0.167969 0.107422 0.169922 0.109375 0.169922 0.111328 0.171875 0.115234 0.171875 0.119141 0.167969 0.119141 0.166016 0.121094 0.164062 0.121094 0.162109 0.123047 0.160156 0.123047 0.158203 0.119141 0.158203 0.117188 0.160156 0.115234 0.160156 0.111328 0.156250 0.117188 0.150391 0.117188 0.148438 0.115234 0.146484 0.115234 0.144531 0.111328 0.144531 0.109375 0.146484 0.107422 0.146484 0.105469 0.148438 0.103516 0.148438 0.101562 0.150391 0.099609 0.150391 0.097656 0.148438 0.097656 0.144531 0.093750 0.144531 0.091797 0.146484
0 0.882812 0.130859 0.882812 0.138672 0.878906 0.140625 0.876953 0.136719 0.876953 0.140625 0.880859 0.140625 0.882812 0.142578 0.880859 0.144531 0.880859 0.150391 0.882812 0.150391 0.884766 0.146484 0.886719 0.148438 0.886719 0.164062 0.890625 0.167969 0.894531 0.175781 0.896484 0.175781 0.900391 0.179688 0.904297 0.179688 0.906250 0.183594 0.916016 0.191406 0.917969 0.191406 0.919922 0.195312 0.925781 0.197266 0.927734 0.201172 0.931641 0.201172 0.933594 0.203125 0.931641 0.207031 0.933594 0.205078 0.941406 0.205078 0.943359 0.207031 0.943359 0.208984 0.937500 0.212891 0.933594 0.210938 0.935547 0.210938 0.937500 0.214844 0.941406 0.214844 0.943359 0.216797 0.943359 0.226562 0.945312 0.226562 0.947266 0.222656 0.951172 0.222656 0.953125 0.220703 0.957031 0.224609 0.964844 0.224609 0.962891 0.222656 0.964844 0.220703 0.970703 0.220703 0.972656 0.222656 0.972656 0.226562 0.976562 0.228516 0.974609 0.230469 0.980469 0.230469 0.982422 0.234375 0.986328 0.236328 0.990234 0.244141 0.988281 0.248047 0.986328 0.246094 0.982422 0.246094 0.982422 0.251953 0.980469 0.253906 0.976562 0.253906 0.976562 0.255859 0.986328 0.253906 0.986328 0.250000 0.990234 0.246094 0.992188 0.248047 0.992188 0.257812 0.998047 0.259766 0.998047 0.232422 0.978516 0.216797 0.976562 0.216797 0.958984 0.201172 0.953125 0.201172 0.941406 0.189453 0.941406 0.187500 0.937500 0.187500 0.935547 0.185547 0.935547 0.181641 0.929688 0.179688 0.923828 0.173828 0.916016 0.171875 0.906250 0.156250 0.902344 0.154297 0.900391 0.148438 0.896484 0.146484 0.896484 0.140625 0.892578 0.138672 0.892578 0.132812 0.890625 0.136719 0.888672 0.132812 0.884766 0.134766
0 0.359375 0.119141 0.359375 0.123047 0.357422 0.125000 0.359375 0.123047 0.361328 0.125000 0.361328 0.128906 0.359375 0.130859 0.357422 0.128906 0.357422 0.144531 0.355469 0.146484 0.353516 0.146484 0.353516 0.150391 0.355469 0.152344 0.359375 0.152344 0.361328 0.150391 0.363281 0.150391 0.365234 0.152344 0.365234 0.158203 0.367188 0.158203 0.369141 0.160156 0.371094 0.160156 0.373047 0.158203 0.373047 0.152344 0.371094 0.150391 0.371094 0.146484 0.369141 0.144531 0.369141 0.142578 0.367188 0.140625 0.367188 0.138672 0.369141 0.136719 0.371094 0.138672 0.375000 0.138672 0.376953 0.140625 0.376953 0.138672 0.375000 0.136719 0.378906 0.132812 0.380859 0.132812 0.378906 0.130859 0.376953 0.130859 0.375000 0.128906 0.373047 0.128906 0.371094 0.126953 0.369141 0.126953 0.365234 0.123047 0.361328 0.123047 0.359375 0.121094
0 0.988281 0.097656 0.988281 0.099609 0.986328 0.101562 0.986328 0.109375 0.990234 0.109375 0.992188 0.111328 0.990234 0.113281 0.982422 0.113281 0.982422 0.115234 0.980469 0.117188 0.978516 0.117188 0.974609 0.121094 0.970703 0.121094 0.966797 0.125000 0.960938 0.125000 0.962891 0.126953 0.960938 0.128906 0.960938 0.132812 0.962891 0.130859 0.962891 0.126953 0.964844 0.125000 0.966797 0.126953 0.966797 0.128906 0.968750 0.128906 0.974609 0.125000 0.978516 0.128906 0.978516 0.134766 0.974609 0.138672 0.970703 0.138672 0.968750 0.140625 0.968750 0.144531 0.964844 0.148438 0.964844 0.150391 0.966797 0.150391 0.968750 0.148438 0.968750 0.146484 0.972656 0.142578 0.974609 0.142578 0.978516 0.138672 0.984375 0.138672 0.988281 0.134766 0.990234 0.134766 0.994141 0.138672 0.994141 0.142578 0.988281 0.148438 0.986328 0.148438 0.986328 0.150391 0.990234 0.154297 0.988281 0.156250 0.992188 0.162109 0.990234 0.164062 0.994141 0.164062 0.996094 0.162109 0.998047 0.162109 0.998047 0.156250 0.992188 0.150391 0.992188 0.148438 0.996094 0.144531 0.998047 0.144531 0.998047 0.097656 0.994141 0.101562 0.992188 0.099609 0.992188 0.097656
0 0.583984 0.031250 0.582031 0.039062 0.572266 0.044922 0.574219 0.070312 0.601562 0.119141 0.595703 0.154297 0.601562 0.199219 0.591797 0.199219 0.607422 0.236328 0.613281 0.216797 0.630859 0.244141 0.625000 0.205078 0.613281 0.181641 0.611328 0.144531 0.619141 0.144531 0.646484 0.177734 0.673828 0.253906 0.660156 0.271484 0.648438 0.261719 0.640625 0.263672 0.675781 0.277344 0.683594 0.287109 0.679688 0.296875 0.654297 0.285156 0.628906 0.322266 0.634766 0.322266 0.660156 0.287109 0.662109 0.296875 0.654297 0.314453 0.603516 0.359375 0.621094 0.349609 0.619141 0.357422 0.609375 0.363281 0.646484 0.380859 0.644531 0.373047 0.650391 0.365234 0.666016 0.359375 0.675781 0.365234 0.691406 0.347656 0.703125 0.355469 0.718750 0.339844 0.730469 0.343750 0.734375 0.335938 0.748047 0.330078 0.728516 0.335938 0.705078 0.332031 0.699219 0.324219 0.712891 0.322266 0.712891 0.312500 0.695312 0.298828 0.708984 0.285156 0.707031 0.277344 0.695312 0.271484 0.710938 0.216797 0.693359 0.171875 0.666016 0.144531 0.671875 0.136719 0.687500 0.146484 0.691406 0.134766 0.679688 0.130859 0.673828 0.136719 0.667969 0.126953 0.666016 0.132812 0.656250 0.134766 0.644531 0.119141 0.634766 0.117188 0.615234 0.097656 0.605469 0.041016 0.599609 0.033203
0 0.849609 0.000000 0.849609 0.001953 0.847656 0.003906 0.847656 0.009766 0.845703 0.011719 0.845703 0.019531 0.843750 0.021484 0.843750 0.078125 0.845703 0.080078 0.845703 0.083984 0.847656 0.085938 0.847656 0.091797 0.849609 0.093750 0.847656 0.095703 0.853516 0.095703 0.855469 0.097656 0.855469 0.099609 0.863281 0.099609 0.865234 0.101562 0.865234 0.107422 0.867188 0.107422 0.867188 0.105469 0.865234 0.103516 0.865234 0.101562 0.863281 0.099609 0.865234 0.097656 0.865234 0.095703 0.861328 0.091797 0.859375 0.091797 0.857422 0.089844 0.857422 0.087891 0.859375 0.085938 0.863281 0.085938 0.861328 0.083984 0.861328 0.080078 0.859375 0.078125 0.859375 0.076172 0.857422 0.074219 0.857422 0.072266 0.855469 0.070312 0.855469 0.056641 0.857422 0.054688 0.857422 0.039062 0.859375 0.037109 0.859375 0.021484 0.861328 0.019531 0.861328 0.005859 0.863281 0.003906 0.863281 0.000000
0 0.738281 0.000000 0.738281 0.007812 0.755859 0.007812 0.757812 0.005859 0.763672 0.005859 0.769531 0.009766 0.775391 0.009766 0.779297 0.015625 0.779297 0.033203 0.781250 0.035156 0.777344 0.037109 0.781250 0.035156 0.791016 0.035156 0.798828 0.044922 0.804688 0.046875 0.808594 0.050781 0.804688 0.054688 0.800781 0.054688 0.794922 0.062500 0.792969 0.060547 0.792969 0.056641 0.794922 0.054688 0.791016 0.050781 0.792969 0.046875 0.791016 0.046875 0.791016 0.048828 0.787109 0.050781 0.787109 0.056641 0.785156 0.058594 0.781250 0.058594 0.781250 0.066406 0.785156 0.066406 0.787109 0.068359 0.785156 0.070312 0.779297 0.070312 0.781250 0.072266 0.785156 0.072266 0.787109 0.070312 0.789062 0.074219 0.789062 0.070312 0.791016 0.068359 0.796875 0.068359 0.800781 0.072266 0.810547 0.072266 0.812500 0.076172 0.818359 0.076172 0.818359 0.074219 0.816406 0.074219 0.814453 0.070312 0.802734 0.070312 0.800781 0.066406 0.796875 0.064453 0.796875 0.062500 0.810547 0.052734 0.812500 0.052734 0.816406 0.044922 0.820312 0.044922 0.830078 0.039062 0.833984 0.039062 0.833984 0.037109 0.837891 0.033203 0.835938 0.029297 0.835938 0.017578 0.833984 0.013672 0.824219 0.003906 0.822266 0.003906 0.818359 0.000000
0 0.662109 0.000000 0.662109 0.005859 0.667969 0.007812 0.666016 0.011719 0.669922 0.013672 0.669922 0.025391 0.671875 0.029297 0.683594 0.035156 0.699219 0.050781 0.703125 0.058594 0.710938 0.066406 0.746094 0.093750 0.769531 0.107422 0.771484 0.111328 0.769531 0.117188 0.763672 0.115234 0.761719 0.111328 0.755859 0.111328 0.757812 0.123047 0.755859 0.125000 0.750000 0.121094 0.750000 0.138672 0.753906 0.134766 0.755859 0.136719 0.755859 0.177734 0.757812 0.179688 0.753906 0.181641 0.757812 0.181641 0.759766 0.187500 0.763672 0.187500 0.775391 0.175781 0.777344 0.169922 0.779297 0.173828 0.779297 0.167969 0.783203 0.166016 0.783203 0.156250 0.787109 0.154297 0.785156 0.146484 0.789062 0.144531 0.783203 0.138672 0.787109 0.136719 0.783203 0.109375 0.757812 0.064453 0.759766 0.060547 0.771484 0.062500 0.767578 0.060547 0.767578 0.056641 0.765625 0.060547 0.763672 0.058594 0.763672 0.054688 0.767578 0.050781 0.763672 0.050781 0.761719 0.042969 0.759766 0.042969 0.761719 0.044922 0.759766 0.050781 0.753906 0.046875 0.751953 0.048828 0.744141 0.048828 0.742188 0.050781 0.744141 0.052734 0.738281 0.054688 0.701172 0.035156 0.703125 0.031250 0.699219 0.027344 0.697266 0.029297 0.683594 0.015625 0.687500 0.009766 0.681641 0.011719 0.677734 0.007812 0.679688 0.000000 0.667969 0.000000 0.669922 0.001953 0.667969 0.007812
0 0.365234 0.000000 0.365234 0.009766 0.371094 0.013672 0.373047 0.011719 0.375000 0.017578 0.369141 0.021484 0.363281 0.035156 0.361328 0.066406 0.365234 0.070312 0.361328 0.072266 0.367188 0.076172 0.376953 0.097656 0.392578 0.111328 0.402344 0.113281 0.406250 0.117188 0.421875 0.117188 0.423828 0.121094 0.439453 0.121094 0.443359 0.117188 0.447266 0.121094 0.451172 0.113281 0.470703 0.101562 0.476562 0.101562 0.470703 0.099609 0.490234 0.074219 0.498047 0.076172 0.505859 0.083984 0.513672 0.082031 0.513672 0.076172 0.503906 0.074219 0.505859 0.070312 0.509766 0.070312 0.509766 0.064453 0.513672 0.060547 0.509766 0.064453 0.500000 0.062500 0.500000 0.056641 0.505859 0.050781 0.509766 0.050781 0.511719 0.046875 0.505859 0.046875 0.492188 0.037109 0.486328 0.041016 0.484375 0.050781 0.476562 0.062500 0.449219 0.087891 0.445312 0.083984 0.439453 0.087891 0.416016 0.087891 0.414062 0.089844 0.410156 0.087891 0.414062 0.089844 0.412109 0.091797 0.402344 0.091797 0.400391 0.087891 0.392578 0.087891 0.384766 0.066406 0.388672 0.056641 0.390625 0.058594 0.388672 0.050781 0.392578 0.042969 0.390625 0.041016 0.392578 0.035156 0.410156 0.019531 0.414062 0.021484 0.414062 0.027344 0.417969 0.027344 0.416016 0.025391 0.435547 0.015625 0.437500 0.011719 0.443359 0.017578 0.445312 0.015625 0.441406 0.013672 0.455078 0.009766 0.457031 0.003906 0.455078 0.000000 0.388672 0.000000 0.382812 0.009766 0.375000 0.013672 0.373047 0.011719 0.376953 0.009766 0.373047 0.005859 0.378906 0.000000
0 0.308594 0.089844 0.285156 0.074219 0.292969 0.062500 0.289062 0.060547 0.289062 0.050781 0.283203 0.048828 0.287109 0.046875 0.283203 0.041016 0.279297 0.041016 0.279297 0.048828 0.273438 0.054688 0.271484 0.048828 0.275391 0.044922 0.267578 0.046875 0.267578 0.054688 0.261719 0.060547 0.257812 0.058594 0.257812 0.050781 0.248047 0.050781 0.242188 0.064453 0.238281 0.062500 0.240234 0.052734 0.236328 0.054688 0.226562 0.050781 0.224609 0.044922 0.218750 0.052734 0.216797 0.050781 0.220703 0.042969 0.218750 0.033203 0.226562 0.021484 0.224609 0.015625 0.222656 0.021484 0.216797 0.019531 0.218750 0.011719 0.226562 0.001953 0.232422 0.009766 0.228516 0.011719 0.230469 0.013672 0.234375 0.009766 0.230469 0.003906 0.242188 0.000000 0.167969 0.000000 0.166016 0.021484 0.162109 0.023438 0.162109 0.041016 0.138672 0.062500 0.064453 0.068359 0.000000 0.066406 0.000000 0.083984 0.023438 0.087891 0.027344 0.091797 0.054688 0.089844 0.064453 0.093750 0.142578 0.087891 0.154297 0.091797 0.173828 0.080078 0.173828 0.076172 0.179688 0.076172 0.181641 0.070312 0.191406 0.066406 0.195312 0.050781 0.199219 0.048828 0.197266 0.041016 0.205078 0.033203 0.212891 0.033203 0.212891 0.048828 0.205078 0.052734 0.218750 0.052734 0.222656 0.058594 0.218750 0.062500 0.208984 0.058594 0.210938 0.062500 0.218750 0.066406 0.222656 0.062500 0.248047 0.082031 0.255859 0.082031 0.261719 0.087891 0.271484 0.085938 0.275391 0.089844 0.277344 0.085938 0.279297 0.087891 0.285156 0.083984
