0 0.298828 0.986328 0.298828 0.992188 0.300781 0.994141 0.304688 0.994141 0.306641 0.996094 0.306641 0.998047 0.308594 0.998047 0.310547 0.996094 0.312500 0.996094 0.312500 0.994141 0.314453 0.992188 0.310547 0.992188 0.308594 0.990234 0.306641 0.990234 0.302734 0.986328 0.302734 0.984375 0.300781 0.984375
0 0.291016 0.982422 0.285156 0.982422 0.281250 0.986328 0.281250 0.988281 0.279297 0.990234 0.277344 0.990234 0.275391 0.988281 0.271484 0.988281 0.269531 0.990234 0.269531 0.992188 0.267578 0.994141 0.269531 0.996094 0.269531 0.998047 0.277344 0.998047 0.281250 0.994141 0.283203 0.994141 0.285156 0.992188 0.287109 0.994141 0.289062 0.992188 0.287109 0.990234 0.291016 0.986328
0 0.410156 0.980469 0.408203 0.978516 0.406250 0.978516 0.404297 0.980469 0.402344 0.980469 0.400391 0.978516 0.398438 0.978516 0.398438 0.980469 0.388672 0.990234 0.386719 0.990234 0.380859 0.996094 0.378906 0.996094 0.376953 0.998047 0.375000 0.998047 0.402344 0.998047 0.402344 0.990234 0.406250 0.986328 0.408203 0.986328 0.408203 0.984375 0.410156 0.982422
0 0.128906 0.972656 0.126953 0.974609 0.123047 0.974609 0.123047 0.980469 0.125000 0.982422 0.125000 0.988281 0.126953 0.990234 0.126953 0.996094 0.128906 0.998047 0.132812 0.998047 0.132812 0.992188 0.134766 0.990234 0.134766 0.988281 0.132812 0.986328 0.132812 0.982422 0.130859 0.980469 0.130859 0.976562 0.128906 0.974609
0 0.455078 0.968750 0.455078 0.976562 0.451172 0.980469 0.447266 0.980469 0.445312 0.982422 0.439453 0.982422 0.439453 0.986328 0.441406 0.988281 0.447266 0.988281 0.449219 0.986328 0.451172 0.986328 0.453125 0.984375 0.453125 0.982422 0.455078 0.980469 0.455078 0.976562 0.457031 0.974609 0.457031 0.972656 0.455078 0.970703
0 0.400391 0.964844 0.400391 0.970703 0.410156 0.970703 0.410156 0.966797 0.408203 0.964844 0.404297 0.964844 0.402344 0.962891
0 0.474609 0.955078 0.472656 0.957031 0.472656 0.962891 0.470703 0.964844 0.466797 0.964844 0.466797 0.968750 0.464844 0.970703 0.462891 0.970703 0.462891 0.978516 0.460938 0.980469 0.460938 0.984375 0.462891 0.986328 0.468750 0.986328 0.470703 0.988281 0.474609 0.988281 0.480469 0.994141 0.476562 0.998047 0.474609 0.998047 0.488281 0.998047 0.488281 0.996094 0.490234 0.994141 0.486328 0.994141 0.484375 0.992188 0.486328 0.990234 0.484375 0.990234 0.482422 0.988281 0.478516 0.988281 0.476562 0.986328 0.474609 0.986328 0.472656 0.984375 0.470703 0.984375 0.466797 0.980469 0.466797 0.976562 0.468750 0.974609 0.468750 0.970703 0.474609 0.964844 0.472656 0.962891 0.474609 0.960938
0 0.287109 0.949219 0.289062 0.951172 0.289062 0.953125 0.292969 0.957031 0.292969 0.958984 0.298828 0.958984 0.300781 0.957031 0.302734 0.957031 0.300781 0.955078 0.300781 0.949219 0.298828 0.947266 0.298828 0.945312 0.291016 0.945312 0.291016 0.947266 0.289062 0.949219
0 0.412109 0.957031 0.414062 0.958984 0.417969 0.958984 0.417969 0.957031 0.419922 0.955078 0.421875 0.955078 0.423828 0.953125 0.423828 0.951172 0.425781 0.949219 0.427734 0.949219 0.429688 0.947266 0.433594 0.947266 0.435547 0.949219 0.437500 0.949219 0.439453 0.951172 0.443359 0.947266 0.445312 0.947266 0.447266 0.945312 0.451172 0.945312 0.447266 0.945312 0.445312 0.947266 0.435547 0.947266 0.433594 0.945312 0.431641 0.945312 0.429688 0.943359 0.425781 0.943359 0.423828 0.941406 0.423828 0.939453 0.421875 0.939453 0.419922 0.937500 0.419922 0.939453 0.417969 0.941406 0.416016 0.941406 0.416016 0.943359 0.412109 0.947266 0.414062 0.949219 0.414062 0.951172 0.412109 0.953125
0 0.587891 0.929688 0.587891 0.933594 0.601562 0.933594 0.599609 0.933594 0.597656 0.931641 0.595703 0.931641 0.593750 0.929688 0.591797 0.929688 0.589844 0.927734
0 0.511719 0.929688 0.509766 0.927734 0.507812 0.927734 0.505859 0.929688 0.505859 0.931641 0.501953 0.935547 0.500000 0.935547 0.500000 0.939453 0.501953 0.939453 0.503906 0.937500 0.503906 0.935547 0.505859 0.933594 0.509766 0.933594 0.509766 0.931641
0 0.558594 0.921875 0.560547 0.921875 0.562500 0.923828 0.560547 0.925781 0.558594 0.925781 0.558594 0.929688 0.560547 0.931641 0.564453 0.927734 0.572266 0.927734 0.570312 0.925781 0.564453 0.925781 0.562500 0.923828 0.562500 0.921875
0 0.525391 0.925781 0.525391 0.927734 0.527344 0.929688 0.529297 0.927734 0.531250 0.927734 0.533203 0.925781 0.544922 0.925781 0.548828 0.929688 0.548828 0.927734 0.546875 0.927734 0.544922 0.925781 0.544922 0.923828 0.542969 0.921875 0.527344 0.921875 0.527344 0.923828
0 0.490234 0.914062 0.490234 0.929688 0.496094 0.929688 0.496094 0.921875 0.490234 0.916016
0 0.265625 0.912109 0.263672 0.914062 0.261719 0.914062 0.261719 0.916016 0.257812 0.919922 0.255859 0.919922 0.253906 0.921875 0.253906 0.925781 0.251953 0.927734 0.250000 0.927734 0.253906 0.931641 0.253906 0.935547 0.255859 0.937500 0.253906 0.939453 0.251953 0.939453 0.248047 0.943359 0.246094 0.943359 0.244141 0.945312 0.242188 0.945312 0.238281 0.941406 0.236328 0.941406 0.234375 0.939453 0.232422 0.941406 0.228516 0.941406 0.226562 0.943359 0.226562 0.945312 0.220703 0.951172 0.220703 0.955078 0.222656 0.957031 0.224609 0.955078 0.228516 0.958984 0.228516 0.960938 0.230469 0.960938 0.234375 0.964844 0.238281 0.964844 0.240234 0.966797 0.240234 0.972656 0.238281 0.974609 0.228516 0.974609 0.226562 0.972656 0.222656 0.972656 0.224609 0.972656 0.226562 0.974609 0.232422 0.976562 0.236328 0.980469 0.238281 0.980469 0.240234 0.982422 0.244141 0.982422 0.248047 0.988281 0.248047 0.992188 0.246094 0.994141 0.246094 0.996094 0.250000 0.992188 0.250000 0.990234 0.251953 0.988281 0.255859 0.988281 0.257812 0.986328 0.259766 0.986328 0.259766 0.984375 0.263672 0.978516 0.267578 0.978516 0.265625 0.976562 0.261719 0.980469 0.259766 0.978516 0.251953 0.978516 0.250000 0.976562 0.250000 0.970703 0.251953 0.968750 0.251953 0.966797 0.253906 0.964844 0.255859 0.964844 0.255859 0.960938 0.253906 0.960938 0.250000 0.955078 0.251953 0.953125 0.253906 0.953125 0.255859 0.955078 0.261719 0.955078 0.263672 0.953125 0.265625 0.953125 0.265625 0.949219 0.261719 0.943359 0.263672 0.941406 0.265625 0.941406 0.269531 0.945312 0.271484 0.945312 0.271484 0.937500 0.273438 0.935547 0.277344 0.935547 0.275391 0.929688 0.273438 0.929688 0.271484 0.927734 0.271484 0.923828 0.267578 0.923828 0.263672 0.919922 0.267578 0.916016 0.267578 0.914062
0 0.302734 0.898438 0.302734 0.902344 0.304688 0.904297 0.304688 0.912109 0.306641 0.914062 0.308594 0.914062 0.308594 0.910156 0.310547 0.908203 0.310547 0.906250 0.312500 0.904297 0.314453 0.904297 0.314453 0.902344 0.306641 0.902344
0 0.421875 0.892578 0.414062 0.890625 0.416016 0.894531 0.414062 0.906250 0.410156 0.910156 0.406250 0.910156 0.400391 0.919922 0.382812 0.935547 0.380859 0.933594 0.382812 0.927734 0.373047 0.919922 0.373047 0.916016 0.369141 0.916016 0.376953 0.929688 0.373047 0.939453 0.369141 0.939453 0.365234 0.935547 0.371094 0.929688 0.367188 0.927734 0.363281 0.929688 0.361328 0.927734 0.363281 0.925781 0.357422 0.931641 0.349609 0.931641 0.349609 0.935547 0.339844 0.943359 0.337891 0.941406 0.339844 0.931641 0.333984 0.923828 0.339844 0.914062 0.343750 0.912109 0.347656 0.914062 0.357422 0.904297 0.345703 0.898438 0.347656 0.902344 0.343750 0.908203 0.337891 0.902344 0.328125 0.910156 0.332031 0.914062 0.332031 0.917969 0.328125 0.927734 0.320312 0.933594 0.326172 0.943359 0.330078 0.945312 0.335938 0.943359 0.339844 0.949219 0.332031 0.958984 0.326172 0.960938 0.324219 0.972656 0.333984 0.962891 0.341797 0.970703 0.335938 0.978516 0.335938 0.982422 0.328125 0.986328 0.333984 0.992188 0.330078 0.994141 0.330078 0.998047 0.363281 0.998047 0.349609 0.996094 0.347656 0.990234 0.351562 0.988281 0.357422 0.992188 0.357422 0.988281 0.361328 0.986328 0.363281 0.978516 0.365234 0.982422 0.369141 0.982422 0.365234 0.972656 0.375000 0.966797 0.371094 0.962891 0.378906 0.953125 0.384766 0.958984 0.396484 0.955078 0.390625 0.947266 0.386719 0.949219 0.384766 0.945312 0.394531 0.939453 0.404297 0.921875 0.414062 0.912109 0.423828 0.908203 0.423828 0.902344 0.419922 0.896484 0.423828 0.894531
0 0.003906 0.890625 0.003906 0.892578 0.005859 0.894531 0.005859 0.898438 0.007812 0.900391 0.007812 0.902344 0.013672 0.902344 0.015625 0.904297 0.021484 0.904297 0.021484 0.902344 0.023438 0.900391 0.023438 0.898438 0.019531 0.898438 0.015625 0.894531 0.015625 0.890625
0 0.068359 0.882812 0.060547 0.886719 0.064453 0.890625 0.062500 0.892578 0.062500 0.906250 0.054688 0.910156 0.052734 0.927734 0.048828 0.931641 0.044922 0.931641 0.037109 0.923828 0.035156 0.916016 0.039062 0.908203 0.025391 0.914062 0.023438 0.910156 0.019531 0.914062 0.021484 0.917969 0.015625 0.923828 0.015625 0.925781 0.019531 0.925781 0.021484 0.919922 0.025391 0.916016 0.029297 0.921875 0.039062 0.925781 0.037109 0.927734 0.042969 0.933594 0.042969 0.939453 0.046875 0.939453 0.048828 0.941406 0.044922 0.947266 0.027344 0.947266 0.025391 0.945312 0.021484 0.945312 0.013672 0.953125 0.015625 0.964844 0.017578 0.966797 0.025391 0.951172 0.039062 0.951172 0.041016 0.953125 0.041016 0.970703 0.050781 0.958984 0.050781 0.957031 0.056641 0.953125 0.072266 0.953125 0.076172 0.958984 0.093750 0.958984 0.095703 0.962891 0.107422 0.962891 0.109375 0.964844 0.113281 0.964844 0.115234 0.962891 0.113281 0.958984 0.101562 0.958984 0.095703 0.955078 0.095703 0.947266 0.091797 0.941406 0.087891 0.941406 0.082031 0.933594 0.078125 0.933594 0.078125 0.947266 0.074219 0.949219 0.060547 0.929688 0.058594 0.919922 0.070312 0.906250
0 0.705078 0.878906 0.703125 0.878906 0.701172 0.876953 0.699219 0.876953 0.697266 0.875000 0.695312 0.875000 0.693359 0.873047 0.691406 0.873047 0.689453 0.875000 0.685547 0.875000 0.679688 0.878906 0.675781 0.878906 0.673828 0.880859 0.671875 0.880859 0.669922 0.882812 0.667969 0.882812 0.664062 0.886719 0.662109 0.886719 0.660156 0.888672 0.658203 0.888672 0.654297 0.892578 0.652344 0.892578 0.650391 0.894531 0.648438 0.894531 0.646484 0.896484 0.644531 0.896484 0.640625 0.900391 0.638672 0.900391 0.636719 0.902344 0.634766 0.902344 0.632812 0.904297 0.630859 0.904297 0.628906 0.906250 0.626953 0.906250 0.626953 0.908203 0.625000 0.910156 0.625000 0.914062 0.623047 0.916016 0.623047 0.919922 0.619141 0.925781 0.619141 0.929688 0.617188 0.931641 0.615234 0.931641 0.613281 0.929688 0.609375 0.929688 0.607422 0.931641 0.607422 0.933594 0.609375 0.933594 0.611328 0.935547 0.615234 0.935547 0.621094 0.929688 0.623047 0.929688 0.628906 0.923828 0.630859 0.923828 0.634766 0.919922 0.636719 0.919922 0.640625 0.916016 0.642578 0.916016 0.648438 0.910156 0.650391 0.910156 0.654297 0.906250 0.656250 0.906250 0.662109 0.900391 0.666016 0.900391 0.667969 0.898438 0.671875 0.898438 0.673828 0.896484 0.677734 0.896484 0.681641 0.900391 0.681641 0.902344 0.683594 0.904297 0.683594 0.908203 0.683594 0.888672 0.685547 0.886719 0.687500 0.886719 0.693359 0.882812 0.697266 0.882812 0.699219 0.880859 0.701172 0.880859 0.703125 0.878906
0 0.779297 0.861328 0.759766 0.861328 0.757812 0.859375 0.751953 0.859375 0.750000 0.861328 0.740234 0.861328 0.736328 0.865234 0.734375 0.865234 0.732422 0.867188 0.728516 0.867188 0.726562 0.869141 0.724609 0.869141 0.724609 0.871094 0.726562 0.869141 0.730469 0.869141 0.732422 0.871094 0.734375 0.869141 0.738281 0.869141 0.748047 0.878906 0.748047 0.882812 0.750000 0.882812 0.750000 0.876953 0.748047 0.876953 0.746094 0.875000 0.744141 0.875000 0.742188 0.873047 0.742188 0.871094 0.744141 0.869141 0.746094 0.869141 0.748047 0.867188 0.753906 0.867188 0.755859 0.865234 0.771484 0.865234 0.773438 0.863281 0.777344 0.863281
0 0.125000 0.857422 0.123047 0.859375 0.123047 0.867188 0.126953 0.871094 0.128906 0.871094 0.132812 0.875000 0.128906 0.878906 0.123047 0.878906 0.121094 0.876953 0.115234 0.876953 0.113281 0.878906 0.113281 0.880859 0.111328 0.882812 0.111328 0.884766 0.117188 0.884766 0.119141 0.882812 0.123047 0.882812 0.125000 0.884766 0.126953 0.884766 0.128906 0.886719 0.132812 0.886719 0.136719 0.882812 0.138672 0.882812 0.142578 0.886719 0.140625 0.888672 0.140625 0.890625 0.138672 0.892578 0.138672 0.898438 0.140625 0.900391 0.140625 0.902344 0.144531 0.906250 0.148438 0.906250 0.150391 0.904297 0.142578 0.896484 0.142578 0.894531 0.144531 0.892578 0.144531 0.890625 0.152344 0.882812 0.152344 0.880859 0.154297 0.878906 0.154297 0.867188 0.148438 0.867188 0.146484 0.869141 0.144531 0.869141 0.142578 0.871094 0.138672 0.871094 0.134766 0.867188 0.132812 0.867188 0.130859 0.865234 0.130859 0.863281 0.128906 0.861328 0.128906 0.857422
0 0.482422 0.839844 0.480469 0.839844 0.480469 0.843750 0.478516 0.845703 0.478516 0.847656 0.476562 0.849609 0.478516 0.851562 0.480469 0.851562 0.482422 0.849609 0.486328 0.849609 0.486328 0.845703 0.482422 0.841797
0 0.927734 0.826172 0.927734 0.832031 0.925781 0.833984 0.925781 0.837891 0.927734 0.839844 0.929688 0.839844 0.929688 0.826172
0 0.689453 0.824219 0.679688 0.818359 0.675781 0.818359 0.667969 0.822266 0.648438 0.843750 0.617188 0.843750 0.613281 0.847656 0.605469 0.849609 0.599609 0.843750 0.589844 0.841797 0.570312 0.857422 0.558594 0.857422 0.548828 0.861328 0.535156 0.855469 0.531250 0.859375 0.527344 0.869141 0.513672 0.878906 0.501953 0.878906 0.496094 0.875000 0.492188 0.876953 0.488281 0.873047 0.486328 0.863281 0.476562 0.857422 0.462891 0.867188 0.464844 0.873047 0.462891 0.878906 0.468750 0.882812 0.468750 0.890625 0.455078 0.900391 0.453125 0.904297 0.457031 0.906250 0.468750 0.898438 0.472656 0.898438 0.470703 0.894531 0.474609 0.890625 0.476562 0.880859 0.468750 0.876953 0.468750 0.871094 0.474609 0.865234 0.480469 0.867188 0.482422 0.871094 0.486328 0.873047 0.490234 0.880859 0.498047 0.880859 0.500000 0.882812 0.509766 0.880859 0.513672 0.882812 0.515625 0.880859 0.523438 0.880859 0.529297 0.875000 0.529297 0.871094 0.533203 0.865234 0.539062 0.863281 0.548828 0.865234 0.566406 0.859375 0.582031 0.857422 0.593750 0.849609 0.599609 0.851562 0.617188 0.851562 0.619141 0.849609 0.652344 0.851562 0.671875 0.835938 0.687500 0.828125
0 0.101562 0.818359 0.099609 0.818359 0.095703 0.822266 0.093750 0.822266 0.091797 0.824219 0.089844 0.822266 0.087891 0.822266 0.085938 0.820312 0.083984 0.820312 0.083984 0.826172 0.085938 0.828125 0.085938 0.835938 0.089844 0.839844 0.089844 0.841797 0.093750 0.845703 0.093750 0.847656 0.095703 0.849609 0.095703 0.851562 0.097656 0.851562 0.099609 0.849609 0.101562 0.849609 0.101562 0.847656 0.099609 0.845703 0.099609 0.841797 0.097656 0.839844 0.095703 0.839844 0.093750 0.837891 0.093750 0.835938 0.095703 0.833984 0.095703 0.832031 0.097656 0.830078 0.097656 0.828125 0.103516 0.822266 0.101562 0.820312
0 0.494141 0.814453 0.492188 0.816406 0.492188 0.820312 0.496094 0.824219 0.498047 0.824219 0.496094 0.822266 0.496094 0.820312 0.498047 0.818359 0.498047 0.816406 0.500000 0.814453
0 0.716797 0.783203 0.716797 0.787109 0.714844 0.789062 0.714844 0.794922 0.712891 0.796875 0.710938 0.796875 0.710938 0.798828 0.708984 0.800781 0.708984 0.802734 0.707031 0.804688 0.707031 0.806641 0.693359 0.820312 0.691406 0.820312 0.693359 0.820312 0.695312 0.818359 0.699219 0.818359 0.703125 0.814453 0.703125 0.812500 0.705078 0.810547 0.705078 0.808594 0.708984 0.804688 0.708984 0.800781 0.710938 0.798828 0.712891 0.798828 0.712891 0.796875 0.714844 0.794922 0.714844 0.791016 0.716797 0.789062
0 0.976562 0.781250 0.972656 0.781250 0.970703 0.783203 0.966797 0.783203 0.964844 0.781250 0.962891 0.783203 0.962891 0.785156 0.970703 0.792969 0.970703 0.810547 0.968750 0.812500 0.966797 0.812500 0.964844 0.810547 0.964844 0.798828 0.964844 0.800781 0.958984 0.806641 0.957031 0.806641 0.951172 0.810547 0.949219 0.810547 0.943359 0.804688 0.945312 0.806641 0.945312 0.812500 0.943359 0.814453 0.945312 0.820312 0.941406 0.824219 0.935547 0.824219 0.935547 0.839844 0.941406 0.835938 0.941406 0.832031 0.945312 0.826172 0.947266 0.826172 0.949219 0.828125 0.949219 0.830078 0.955078 0.833984 0.960938 0.833984 0.962891 0.832031 0.964844 0.832031 0.964844 0.830078 0.966797 0.828125 0.966797 0.822266 0.968750 0.820312 0.970703 0.822266 0.970703 0.832031 0.972656 0.832031 0.974609 0.830078 0.978516 0.830078 0.980469 0.832031 0.982422 0.830078 0.996094 0.830078 0.998047 0.832031 0.998047 0.835938 0.998047 0.808594 0.984375 0.808594 0.982422 0.806641 0.982422 0.804688 0.984375 0.802734 0.984375 0.798828 0.980469 0.798828 0.978516 0.800781 0.976562 0.798828 0.976562 0.794922 0.974609 0.794922 0.970703 0.791016 0.972656 0.789062 0.972656 0.783203 0.974609 0.781250
0 0.437500 0.781250 0.437500 0.783203 0.431641 0.787109 0.431641 0.794922 0.429688 0.796875 0.427734 0.796875 0.427734 0.804688 0.431641 0.804688 0.433594 0.806641 0.433594 0.808594 0.431641 0.810547 0.427734 0.810547 0.425781 0.812500 0.427734 0.814453 0.431641 0.814453 0.435547 0.818359 0.435547 0.820312 0.437500 0.822266 0.439453 0.822266 0.443359 0.826172 0.445312 0.832031 0.443359 0.833984 0.443359 0.835938 0.439453 0.841797 0.439453 0.843750 0.441406 0.845703 0.443359 0.845703 0.445312 0.843750 0.453125 0.843750 0.453125 0.841797 0.455078 0.839844 0.455078 0.833984 0.457031 0.832031 0.458984 0.832031 0.460938 0.833984 0.462891 0.832031 0.462891 0.830078 0.458984 0.830078 0.457031 0.832031 0.455078 0.832031 0.451172 0.828125 0.451172 0.824219 0.447266 0.818359 0.447266 0.808594 0.449219 0.806641 0.451172 0.806641 0.457031 0.812500 0.455078 0.814453 0.455078 0.816406 0.457031 0.818359 0.457031 0.822266 0.457031 0.812500 0.453125 0.806641 0.453125 0.802734 0.455078 0.800781 0.457031 0.802734 0.458984 0.800781 0.460938 0.800781 0.458984 0.800781 0.457031 0.798828 0.458984 0.796875 0.458984 0.794922 0.457031 0.794922 0.455078 0.792969 0.457031 0.791016 0.458984 0.791016 0.458984 0.787109 0.457031 0.787109 0.455078 0.785156 0.457031 0.783203 0.458984 0.783203 0.457031 0.783203 0.453125 0.787109 0.455078 0.785156 0.457031 0.787109 0.457031 0.789062 0.455078 0.791016 0.453125 0.791016 0.453125 0.792969 0.449219 0.796875 0.445312 0.796875 0.443359 0.798828 0.441406 0.796875 0.441406 0.792969 0.439453 0.791016 0.439453 0.789062 0.441406 0.787109 0.439453 0.787109 0.437500 0.785156
0 0.500000 0.765625 0.496094 0.769531 0.494141 0.769531 0.494141 0.775391 0.492188 0.777344 0.490234 0.777344 0.490234 0.781250 0.486328 0.785156 0.484375 0.785156 0.484375 0.787109 0.482422 0.789062 0.484375 0.791016 0.486328 0.791016 0.488281 0.789062 0.490234 0.791016 0.492188 0.789062 0.494141 0.789062 0.492188 0.787109 0.490234 0.787109 0.488281 0.785156 0.488281 0.783203 0.496094 0.775391 0.498047 0.777344 0.498047 0.789062 0.500000 0.787109 0.500000 0.781250 0.503906 0.777344 0.505859 0.777344 0.507812 0.775391 0.507812 0.773438 0.503906 0.773438 0.500000 0.769531
0 0.941406 0.753906 0.941406 0.767578 0.939453 0.769531 0.937500 0.769531 0.937500 0.771484 0.935547 0.773438 0.935547 0.777344 0.937500 0.779297 0.937500 0.781250 0.935547 0.783203 0.935547 0.785156 0.933594 0.787109 0.933594 0.798828 0.935547 0.796875 0.935547 0.791016 0.937500 0.789062 0.941406 0.789062 0.943359 0.787109 0.943359 0.785156 0.941406 0.783203 0.943359 0.781250 0.947266 0.781250 0.947266 0.779297 0.949219 0.777344 0.951172 0.779297 0.955078 0.775391 0.955078 0.773438 0.957031 0.771484 0.958984 0.771484 0.957031 0.771484 0.955078 0.773438 0.953125 0.773438 0.951172 0.775391 0.949219 0.773438 0.949219 0.769531 0.951172 0.767578 0.951172 0.765625 0.949219 0.765625 0.947266 0.763672 0.949219 0.761719 0.947266 0.761719 0.945312 0.759766 0.945312 0.757812
0 0.525391 0.734375 0.521484 0.734375 0.519531 0.732422 0.519531 0.738281 0.517578 0.740234 0.515625 0.740234 0.515625 0.746094 0.517578 0.748047 0.519531 0.746094 0.519531 0.744141 0.517578 0.744141 0.515625 0.742188 0.517578 0.740234 0.519531 0.740234 0.521484 0.738281 0.529297 0.738281
0 0.986328 0.730469 0.986328 0.734375 0.984375 0.736328 0.984375 0.740234 0.982422 0.742188 0.982422 0.746094 0.986328 0.746094 0.988281 0.744141 0.988281 0.732422
0 0.595703 0.722656 0.595703 0.726562 0.593750 0.728516 0.593750 0.734375 0.595703 0.736328 0.593750 0.738281 0.593750 0.771484 0.595703 0.773438 0.603516 0.773438 0.603516 0.751953 0.605469 0.750000 0.605469 0.734375 0.601562 0.730469 0.597656 0.730469 0.595703 0.728516
0 0.511719 0.708984 0.509766 0.708984 0.505859 0.712891 0.503906 0.712891 0.501953 0.714844 0.500000 0.714844 0.501953 0.716797 0.501953 0.722656 0.503906 0.724609 0.503906 0.726562 0.501953 0.728516 0.503906 0.726562 0.505859 0.726562 0.505859 0.720703 0.509766 0.716797 0.511719 0.716797 0.515625 0.720703 0.513672 0.718750 0.513672 0.716797 0.511719 0.714844 0.507812 0.714844 0.505859 0.712891 0.507812 0.710938 0.511719 0.710938
0 0.322266 0.708984 0.328125 0.714844 0.330078 0.714844 0.332031 0.716797 0.332031 0.710938 0.330078 0.708984
0 0.490234 0.679688 0.490234 0.681641 0.488281 0.683594 0.486328 0.683594 0.486328 0.685547 0.476562 0.695312 0.476562 0.697266 0.480469 0.701172 0.482422 0.701172 0.484375 0.703125 0.488281 0.703125 0.490234 0.701172 0.490234 0.695312 0.492188 0.693359 0.492188 0.689453 0.490234 0.687500 0.492188 0.685547 0.494141 0.685547 0.496094 0.687500 0.496094 0.689453 0.498047 0.689453 0.498047 0.687500 0.496094 0.687500 0.494141 0.685547 0.494141 0.683594
0 0.277344 0.675781 0.285156 0.675781 0.287109 0.677734 0.287109 0.679688 0.289062 0.679688 0.291016 0.681641 0.291016 0.685547 0.292969 0.683594 0.294922 0.683594 0.296875 0.681641 0.298828 0.681641 0.298828 0.679688 0.294922 0.679688 0.291016 0.675781 0.289062 0.675781 0.287109 0.673828 0.283203 0.673828 0.281250 0.675781
0 0.482422 0.667969 0.476562 0.667969 0.476562 0.669922 0.470703 0.675781 0.470703 0.677734 0.472656 0.677734 0.474609 0.679688 0.474609 0.677734 0.482422 0.669922
0 0.332031 0.666016 0.332031 0.667969 0.330078 0.669922 0.330078 0.673828 0.332031 0.673828 0.333984 0.675781 0.332031 0.677734 0.330078 0.677734 0.330078 0.679688 0.332031 0.681641 0.332031 0.679688 0.333984 0.677734 0.337891 0.677734 0.333984 0.673828 0.333984 0.667969
0 0.587891 0.634766 0.587891 0.644531 0.591797 0.648438 0.591797 0.650391 0.593750 0.650391 0.593750 0.644531 0.591797 0.642578 0.591797 0.638672 0.589844 0.638672 0.587891 0.636719
0 0.271484 0.632812 0.271484 0.634766 0.273438 0.636719 0.269531 0.640625 0.267578 0.640625 0.265625 0.642578 0.265625 0.646484 0.263672 0.648438 0.263672 0.652344 0.261719 0.654297 0.259766 0.654297 0.259766 0.656250 0.257812 0.658203 0.255859 0.658203 0.253906 0.656250 0.253906 0.654297 0.250000 0.654297 0.246094 0.658203 0.242188 0.654297 0.240234 0.654297 0.238281 0.652344 0.238281 0.650391 0.240234 0.648438 0.248047 0.648438 0.248047 0.640625 0.246094 0.638672 0.246094 0.636719 0.244141 0.636719 0.244141 0.640625 0.242188 0.642578 0.238281 0.642578 0.236328 0.640625 0.234375 0.640625 0.236328 0.642578 0.236328 0.646484 0.234375 0.648438 0.234375 0.650391 0.236328 0.652344 0.236328 0.656250 0.234375 0.658203 0.232422 0.658203 0.230469 0.660156 0.228516 0.660156 0.234375 0.666016 0.234375 0.669922 0.236328 0.669922 0.240234 0.673828 0.240234 0.677734 0.242188 0.677734 0.244141 0.679688 0.246094 0.679688 0.248047 0.677734 0.251953 0.677734 0.253906 0.675781 0.255859 0.675781 0.257812 0.673828 0.261719 0.673828 0.263672 0.671875 0.265625 0.671875 0.267578 0.669922 0.273438 0.669922 0.275391 0.667969 0.281250 0.667969 0.283203 0.666016 0.285156 0.666016 0.287109 0.664062 0.289062 0.664062 0.291016 0.666016 0.289062 0.664062 0.289062 0.662109 0.287109 0.660156 0.285156 0.660156 0.283203 0.658203 0.283203 0.656250 0.281250 0.654297 0.281250 0.646484 0.279297 0.646484 0.273438 0.640625 0.273438 0.636719 0.271484 0.634766
0 0.419922 0.630859 0.421875 0.630859 0.425781 0.634766 0.433594 0.634766 0.435547 0.636719 0.435547 0.634766 0.439453 0.630859 0.441406 0.630859 0.443359 0.632812 0.443359 0.636719 0.441406 0.638672 0.439453 0.638672 0.441406 0.638672 0.443359 0.640625 0.447266 0.636719 0.447266 0.630859 0.445312 0.630859 0.437500 0.623047 0.439453 0.621094 0.441406 0.621094 0.437500 0.621094 0.437500 0.623047 0.435547 0.625000 0.425781 0.625000 0.423828 0.626953 0.423828 0.628906 0.421875 0.630859
0 0.578125 0.619141 0.576172 0.617188 0.574219 0.617188 0.570312 0.621094 0.566406 0.621094 0.564453 0.623047 0.562500 0.623047 0.558594 0.619141 0.556641 0.619141 0.556641 0.625000 0.554688 0.626953 0.552734 0.626953 0.552734 0.628906 0.556641 0.628906 0.558594 0.626953 0.560547 0.628906 0.560547 0.630859 0.558594 0.632812 0.554688 0.632812 0.552734 0.634766 0.560547 0.634766 0.560547 0.632812 0.562500 0.630859 0.564453 0.630859 0.566406 0.628906 0.564453 0.626953 0.568359 0.623047 0.570312 0.623047 0.574219 0.619141 0.576172 0.621094
0 0.466797 0.607422 0.468750 0.609375 0.468750 0.613281 0.466797 0.615234 0.466797 0.617188 0.472656 0.617188 0.474609 0.615234 0.474609 0.609375 0.468750 0.609375
0 0.603516 0.599609 0.599609 0.599609 0.599609 0.609375 0.601562 0.609375 0.603516 0.607422 0.605469 0.607422 0.603516 0.605469
0 0.476562 0.578125 0.474609 0.576172 0.470703 0.580078 0.466797 0.580078 0.464844 0.582031 0.462891 0.582031 0.472656 0.582031 0.474609 0.583984 0.474609 0.585938 0.476562 0.583984
0 0.181641 0.562500 0.181641 0.574219 0.187500 0.574219 0.191406 0.570312 0.195312 0.574219 0.195312 0.578125 0.197266 0.580078 0.197266 0.585938 0.199219 0.587891 0.199219 0.593750 0.195312 0.597656 0.193359 0.595703 0.191406 0.595703 0.191406 0.597656 0.189453 0.599609 0.189453 0.605469 0.187500 0.607422 0.185547 0.607422 0.183594 0.609375 0.181641 0.609375 0.181641 0.611328 0.183594 0.613281 0.195312 0.613281 0.195312 0.611328 0.197266 0.609375 0.197266 0.607422 0.201172 0.603516 0.208984 0.603516 0.210938 0.601562 0.212891 0.601562 0.214844 0.603516 0.216797 0.603516 0.218750 0.601562 0.220703 0.601562 0.222656 0.603516 0.226562 0.603516 0.226562 0.601562 0.228516 0.599609 0.230469 0.601562 0.230469 0.603516 0.232422 0.605469 0.232422 0.607422 0.236328 0.607422 0.236328 0.601562 0.234375 0.603516 0.232422 0.603516 0.230469 0.601562 0.230469 0.597656 0.234375 0.591797 0.232422 0.589844 0.230469 0.589844 0.232422 0.591797 0.226562 0.595703 0.224609 0.593750 0.224609 0.591797 0.218750 0.591797 0.216797 0.593750 0.214844 0.593750 0.212891 0.591797 0.210938 0.591797 0.208984 0.589844 0.208984 0.587891 0.205078 0.587891 0.203125 0.585938 0.203125 0.582031 0.201172 0.580078 0.201172 0.576172 0.199219 0.574219 0.201172 0.572266 0.207031 0.572266 0.207031 0.568359 0.205078 0.568359 0.201172 0.564453 0.199219 0.566406 0.197266 0.566406 0.195312 0.568359 0.193359 0.568359 0.189453 0.572266 0.187500 0.570312 0.187500 0.566406 0.185547 0.566406
0 0.478516 0.558594 0.476562 0.560547 0.476562 0.562500 0.474609 0.564453 0.474609 0.566406 0.472656 0.568359 0.472656 0.572266 0.478516 0.572266 0.480469 0.574219 0.480469 0.582031 0.482422 0.582031 0.482422 0.572266 0.484375 0.570312 0.484375 0.560547 0.482422 0.562500 0.480469 0.562500 0.478516 0.560547
0 0.400391 0.556641 0.398438 0.556641 0.394531 0.560547 0.392578 0.560547 0.392578 0.570312 0.390625 0.572266 0.394531 0.572266 0.394531 0.566406 0.396484 0.564453 0.398438 0.564453 0.398438 0.562500 0.400391 0.560547
0 0.451172 0.550781 0.449219 0.550781 0.447266 0.552734 0.439453 0.552734 0.437500 0.554688 0.429688 0.554688 0.429688 0.556641 0.427734 0.558594 0.429688 0.560547 0.427734 0.562500 0.429688 0.564453 0.429688 0.576172 0.431641 0.578125 0.433594 0.578125 0.435547 0.576172 0.435547 0.574219 0.437500 0.572266 0.437500 0.556641 0.441406 0.552734 0.445312 0.552734 0.447266 0.554688 0.447266 0.566406 0.445312 0.568359 0.445312 0.570312 0.449219 0.566406 0.453125 0.566406 0.453125 0.564453 0.451172 0.562500
0 0.511719 0.548828 0.505859 0.548828 0.503906 0.546875 0.503906 0.552734 0.501953 0.554688 0.500000 0.554688 0.498047 0.556641 0.494141 0.556641 0.492188 0.558594 0.498047 0.558594 0.500000 0.560547 0.500000 0.564453 0.496094 0.568359 0.496094 0.570312 0.501953 0.564453 0.501953 0.562500 0.503906 0.560547 0.507812 0.560547 0.509766 0.558594 0.509766 0.556641 0.511719 0.554688
0 0.201172 0.550781 0.203125 0.552734 0.203125 0.556641 0.207031 0.556641 0.210938 0.560547 0.218750 0.560547 0.220703 0.562500 0.224609 0.562500 0.226562 0.564453 0.226562 0.566406 0.230469 0.562500 0.230469 0.556641 0.228516 0.556641 0.226562 0.554688 0.224609 0.554688 0.222656 0.552734 0.218750 0.552734 0.216797 0.550781 0.210938 0.550781 0.207031 0.546875 0.203125 0.546875 0.203125 0.548828
0 0.890625 0.533203 0.888672 0.533203 0.886719 0.535156 0.884766 0.535156 0.878906 0.541016 0.876953 0.541016 0.876953 0.548828 0.873047 0.552734 0.871094 0.552734 0.882812 0.552734 0.876953 0.552734 0.875000 0.550781 0.876953 0.548828 0.876953 0.546875 0.884766 0.539062 0.886719 0.539062 0.890625 0.535156
0 0.228516 0.533203 0.224609 0.533203 0.222656 0.531250 0.220703 0.531250 0.216797 0.527344 0.216797 0.529297 0.214844 0.531250 0.212891 0.531250 0.210938 0.533203 0.203125 0.533203 0.203125 0.537109 0.208984 0.537109 0.210938 0.539062 0.210938 0.537109 0.212891 0.535156 0.220703 0.535156 0.222656 0.537109 0.226562 0.537109 0.228516 0.535156
0 0.470703 0.521484 0.466797 0.521484 0.464844 0.519531 0.462891 0.521484 0.460938 0.521484 0.457031 0.525391 0.457031 0.527344 0.453125 0.531250 0.443359 0.531250 0.441406 0.533203 0.443359 0.535156 0.443359 0.537109 0.447266 0.541016 0.445312 0.539062 0.449219 0.535156 0.455078 0.535156 0.457031 0.533203 0.458984 0.533203 0.460938 0.531250 0.462891 0.533203 0.466797 0.533203 0.468750 0.531250 0.470703 0.531250
0 0.623047 0.527344 0.623047 0.525391 0.621094 0.525391 0.619141 0.523438 0.617188 0.523438 0.615234 0.521484 0.617188 0.519531 0.615234 0.519531 0.613281 0.517578 0.611328 0.519531 0.599609 0.519531 0.601562 0.521484 0.607422 0.521484 0.609375 0.523438 0.617188 0.523438 0.621094 0.527344
0 0.234375 0.509766 0.234375 0.515625 0.238281 0.519531 0.238281 0.523438 0.240234 0.525391 0.240234 0.531250 0.246094 0.531250 0.248047 0.533203 0.248047 0.537109 0.250000 0.539062 0.250000 0.541016 0.248047 0.542969 0.246094 0.541016 0.244141 0.542969 0.242188 0.542969 0.242188 0.544922 0.240234 0.546875 0.240234 0.548828 0.246094 0.548828 0.248047 0.550781 0.251953 0.550781 0.251953 0.548828 0.253906 0.546875 0.253906 0.544922 0.251953 0.542969 0.255859 0.539062 0.257812 0.539062 0.259766 0.541016 0.263672 0.541016 0.267578 0.544922 0.267578 0.546875 0.269531 0.548828 0.269531 0.550781 0.271484 0.550781 0.273438 0.548828 0.273438 0.541016 0.275391 0.539062 0.275391 0.537109 0.267578 0.529297 0.265625 0.529297 0.263672 0.531250 0.261719 0.531250 0.259766 0.529297 0.259766 0.527344 0.251953 0.519531 0.250000 0.521484 0.246094 0.521484 0.244141 0.519531 0.242188 0.519531 0.240234 0.517578 0.240234 0.511719 0.238281 0.509766
0 0.394531 0.505859 0.396484 0.505859 0.404297 0.513672 0.404297 0.515625 0.406250 0.515625 0.406250 0.505859 0.404297 0.507812 0.402344 0.507812 0.400391 0.505859
0 0.750000 0.500000 0.750000 0.503906 0.759766 0.503906 0.759766 0.498047 0.751953 0.498047
0 0.935547 0.500000 0.929688 0.494141 0.927734 0.494141 0.925781 0.496094 0.919922 0.496094 0.919922 0.498047 0.916016 0.501953 0.919922 0.505859 0.927734 0.505859 0.929688 0.503906 0.929688 0.500000 0.931641 0.498047 0.933594 0.498047
0 0.482422 0.494141 0.474609 0.494141 0.472656 0.496094 0.470703 0.496094 0.470703 0.501953 0.472656 0.501953 0.474609 0.500000 0.476562 0.500000 0.478516 0.498047 0.482422 0.498047
0 0.267578 0.494141 0.267578 0.496094 0.265625 0.498047 0.265625 0.500000 0.267578 0.501953 0.267578 0.503906 0.265625 0.505859 0.267578 0.507812 0.267578 0.513672 0.269531 0.515625 0.269531 0.517578 0.271484 0.519531 0.271484 0.521484 0.273438 0.523438 0.275391 0.521484 0.279297 0.521484 0.281250 0.523438 0.281250 0.529297 0.277344 0.533203 0.279297 0.535156 0.279297 0.541016 0.285156 0.541016 0.285156 0.539062 0.289062 0.535156 0.289062 0.533203 0.291016 0.531250 0.289062 0.529297 0.289062 0.525391 0.292969 0.521484 0.292969 0.519531 0.291016 0.517578 0.289062 0.517578 0.285156 0.521484 0.283203 0.519531 0.277344 0.519531 0.273438 0.515625 0.273438 0.513672 0.275391 0.511719 0.277344 0.511719 0.277344 0.509766 0.279297 0.507812 0.275391 0.511719 0.271484 0.507812 0.271484 0.501953 0.269531 0.500000 0.269531 0.498047 0.267578 0.496094
0 0.181641 0.503906 0.185547 0.507812 0.185547 0.509766 0.185547 0.507812 0.187500 0.505859 0.195312 0.505859 0.197266 0.503906 0.195312 0.501953 0.193359 0.503906 0.189453 0.500000 0.189453 0.498047 0.193359 0.494141 0.195312 0.494141 0.195312 0.492188 0.197266 0.490234 0.199219 0.490234 0.201172 0.488281 0.203125 0.490234 0.212891 0.490234 0.214844 0.492188 0.226562 0.492188 0.232422 0.498047 0.236328 0.494141 0.238281 0.496094 0.240234 0.494141 0.238281 0.492188 0.238281 0.490234 0.236328 0.488281 0.236328 0.478516 0.220703 0.478516 0.220703 0.484375 0.218750 0.486328 0.205078 0.486328 0.203125 0.484375 0.205078 0.482422 0.207031 0.482422 0.201172 0.482422 0.203125 0.484375 0.201172 0.486328 0.199219 0.486328 0.195312 0.482422 0.191406 0.482422 0.189453 0.480469 0.189453 0.478516 0.193359 0.474609 0.191406 0.474609 0.189453 0.476562 0.183594 0.476562 0.183594 0.490234 0.185547 0.492188 0.183594 0.494141 0.183594 0.496094 0.185547 0.498047 0.183594 0.500000 0.183594 0.501953
0 0.359375 0.464844 0.347656 0.464844 0.347656 0.466797 0.345703 0.468750 0.337891 0.468750 0.335938 0.466797 0.335938 0.470703 0.333984 0.472656 0.333984 0.474609 0.335938 0.476562 0.335938 0.478516 0.339844 0.478516 0.341797 0.476562 0.343750 0.478516 0.343750 0.480469 0.345703 0.482422 0.345703 0.490234 0.347656 0.490234 0.349609 0.492188 0.349609 0.494141 0.351562 0.494141 0.353516 0.496094 0.349609 0.500000 0.347656 0.498047 0.345703 0.498047 0.343750 0.500000 0.343750 0.503906 0.347656 0.503906 0.351562 0.500000 0.353516 0.500000 0.353516 0.498047 0.355469 0.496094 0.353516 0.494141 0.353516 0.488281 0.351562 0.488281 0.349609 0.486328 0.349609 0.476562 0.351562 0.474609 0.359375 0.474609 0.361328 0.472656 0.363281 0.472656 0.365234 0.474609 0.365234 0.468750 0.363281 0.470703 0.359375 0.466797
0 0.242188 0.464844 0.242188 0.472656 0.240234 0.474609 0.242188 0.476562 0.242188 0.484375 0.244141 0.486328 0.244141 0.488281 0.246094 0.488281 0.248047 0.490234 0.248047 0.494141 0.250000 0.496094 0.251953 0.494141 0.253906 0.494141 0.253906 0.492188 0.255859 0.490234 0.257812 0.492188 0.263672 0.492188 0.265625 0.490234 0.265625 0.484375 0.267578 0.482422 0.267578 0.480469 0.269531 0.478516 0.269531 0.470703 0.267578 0.468750 0.267578 0.466797 0.257812 0.466797 0.257812 0.468750 0.255859 0.470703 0.251953 0.470703 0.250000 0.468750 0.250000 0.464844 0.248047 0.466797 0.244141 0.466797
0 0.703125 0.453125 0.703125 0.457031 0.707031 0.457031 0.708984 0.458984 0.712891 0.458984 0.714844 0.460938 0.716797 0.460938 0.718750 0.462891 0.718750 0.470703 0.716797 0.472656 0.712891 0.472656 0.722656 0.472656 0.722656 0.470703 0.720703 0.468750 0.722656 0.466797 0.724609 0.466797 0.724609 0.457031 0.722656 0.455078 0.718750 0.455078 0.714844 0.451172 0.710938 0.451172 0.708984 0.449219 0.705078 0.453125
0 0.291016 0.433594 0.289062 0.435547 0.289062 0.441406 0.291016 0.443359 0.287109 0.447266 0.285156 0.447266 0.285156 0.449219 0.283203 0.451172 0.281250 0.451172 0.279297 0.453125 0.281250 0.458984 0.285156 0.458984 0.287109 0.460938 0.287109 0.462891 0.285156 0.464844 0.287109 0.464844 0.289062 0.466797 0.289062 0.468750 0.291016 0.470703 0.292969 0.470703 0.296875 0.474609 0.296875 0.476562 0.302734 0.476562 0.300781 0.476562 0.298828 0.474609 0.300781 0.472656 0.302734 0.472656 0.302734 0.470703 0.306641 0.466797 0.308594 0.466797 0.310547 0.464844 0.314453 0.464844 0.318359 0.468750 0.318359 0.474609 0.314453 0.478516 0.312500 0.478516 0.310547 0.480469 0.306641 0.480469 0.310547 0.480469 0.312500 0.478516 0.316406 0.478516 0.318359 0.480469 0.318359 0.484375 0.320312 0.484375 0.320312 0.474609 0.318359 0.472656 0.318359 0.464844 0.320312 0.462891 0.322266 0.462891 0.324219 0.464844 0.324219 0.466797 0.326172 0.466797 0.328125 0.468750 0.328125 0.464844 0.324219 0.460938 0.328125 0.457031 0.328125 0.453125 0.326172 0.453125 0.324219 0.451172 0.324219 0.449219 0.322266 0.451172 0.320312 0.451172 0.318359 0.449219 0.316406 0.451172 0.316406 0.453125 0.318359 0.455078 0.318359 0.458984 0.320312 0.460938 0.318359 0.462891 0.314453 0.462891 0.312500 0.464844 0.308594 0.464844 0.306641 0.462891 0.306641 0.460938 0.302734 0.457031 0.302734 0.453125 0.304688 0.451172 0.306641 0.453125 0.306641 0.451172 0.308594 0.449219 0.308594 0.445312 0.310547 0.443359 0.314453 0.443359 0.314453 0.441406 0.316406 0.439453 0.318359 0.439453 0.312500 0.439453 0.310547 0.437500 0.308594 0.439453 0.302734 0.439453 0.300781 0.441406 0.296875 0.441406 0.292969 0.437500 0.292969 0.433594
0 0.203125 0.435547 0.205078 0.437500 0.205078 0.439453 0.207031 0.437500 0.208984 0.437500 0.210938 0.439453 0.212891 0.439453 0.214844 0.437500 0.212891 0.435547 0.212891 0.433594 0.207031 0.433594 0.205078 0.435547
0 0.484375 0.421875 0.486328 0.423828 0.484375 0.425781 0.494141 0.425781 0.496094 0.427734 0.498047 0.427734 0.501953 0.431641 0.533203 0.431641 0.535156 0.433594 0.533203 0.435547 0.533203 0.437500 0.529297 0.441406 0.527344 0.441406 0.527344 0.447266 0.525391 0.449219 0.527344 0.451172 0.529297 0.451172 0.531250 0.453125 0.529297 0.455078 0.527344 0.455078 0.525391 0.457031 0.523438 0.455078 0.521484 0.455078 0.525391 0.458984 0.523438 0.460938 0.523438 0.462891 0.533203 0.462891 0.535156 0.460938 0.537109 0.460938 0.541016 0.457031 0.541016 0.451172 0.539062 0.449219 0.539062 0.445312 0.541016 0.443359 0.541016 0.435547 0.542969 0.433594 0.544922 0.433594 0.550781 0.427734 0.550781 0.425781 0.537109 0.425781 0.535156 0.427734 0.503906 0.427734 0.501953 0.425781 0.494141 0.425781 0.492188 0.423828 0.490234 0.423828 0.488281 0.425781
0 0.507812 0.410156 0.507812 0.414062 0.509766 0.414062 0.511719 0.412109 0.513672 0.414062 0.513672 0.419922 0.515625 0.419922 0.517578 0.421875 0.531250 0.421875 0.533203 0.419922 0.533203 0.417969 0.531250 0.416016 0.531250 0.414062 0.527344 0.410156 0.517578 0.410156 0.513672 0.414062 0.511719 0.412109 0.511719 0.410156
0 0.636719 0.402344 0.638672 0.404297 0.638672 0.406250 0.642578 0.406250 0.644531 0.408203 0.644531 0.410156 0.648438 0.410156 0.652344 0.406250 0.656250 0.406250 0.658203 0.408203 0.662109 0.408203 0.666016 0.412109 0.666016 0.414062 0.669922 0.417969 0.671875 0.417969 0.671875 0.412109 0.673828 0.410156 0.673828 0.408203 0.675781 0.406250 0.675781 0.404297 0.673828 0.404297 0.671875 0.402344 0.658203 0.402344 0.656250 0.404297 0.654297 0.402344 0.654297 0.404297 0.648438 0.410156 0.646484 0.410156 0.642578 0.406250 0.642578 0.404297 0.640625 0.404297 0.638672 0.402344
0 0.648438 0.392578 0.650391 0.390625 0.652344 0.392578 0.652344 0.394531 0.656250 0.394531 0.658203 0.396484 0.662109 0.396484 0.664062 0.394531 0.667969 0.394531 0.669922 0.396484 0.671875 0.394531 0.673828 0.394531 0.673828 0.392578 0.671875 0.392578 0.669922 0.390625 0.669922 0.388672 0.667969 0.386719 0.666016 0.386719 0.667969 0.388672 0.667969 0.390625 0.666016 0.392578 0.664062 0.392578 0.662109 0.394531 0.656250 0.394531 0.654297 0.392578 0.654297 0.386719 0.652344 0.386719 0.652344 0.388672
0 0.587891 0.384766 0.587891 0.388672 0.589844 0.386719 0.591797 0.386719 0.593750 0.388672 0.593750 0.396484 0.595703 0.398438 0.597656 0.398438 0.599609 0.400391 0.605469 0.400391 0.607422 0.398438 0.611328 0.398438 0.613281 0.396484 0.621094 0.396484 0.623047 0.398438 0.628906 0.398438 0.626953 0.396484 0.628906 0.394531 0.628906 0.390625 0.626953 0.388672 0.626953 0.386719 0.621094 0.386719 0.623047 0.388672 0.623047 0.390625 0.625000 0.390625 0.626953 0.392578 0.625000 0.394531 0.621094 0.394531 0.619141 0.392578 0.617188 0.394531 0.611328 0.394531 0.609375 0.392578 0.599609 0.392578 0.599609 0.394531 0.597656 0.396484 0.595703 0.396484 0.593750 0.394531 0.593750 0.392578 0.595703 0.390625 0.595703 0.384766 0.591797 0.384766 0.589844 0.382812
0 0.917969 0.378906 0.914062 0.382812 0.914062 0.386719 0.912109 0.388672 0.912109 0.390625 0.910156 0.392578 0.912109 0.394531 0.914062 0.392578 0.914062 0.388672 0.917969 0.384766
0 0.603516 0.376953 0.605469 0.376953 0.607422 0.378906 0.605469 0.380859 0.601562 0.380859 0.601562 0.382812 0.603516 0.380859 0.609375 0.380859 0.613281 0.384766 0.613281 0.382812 0.615234 0.380859 0.615234 0.378906 0.613281 0.376953 0.615234 0.375000 0.607422 0.375000 0.605469 0.376953
0 0.521484 0.371094 0.521484 0.380859 0.519531 0.382812 0.517578 0.382812 0.517578 0.384766 0.521484 0.388672 0.521484 0.390625 0.523438 0.392578 0.521484 0.394531 0.521484 0.396484 0.519531 0.398438 0.517578 0.398438 0.519531 0.398438 0.521484 0.396484 0.529297 0.396484 0.529297 0.394531 0.527344 0.394531 0.525391 0.392578 0.527344 0.390625 0.533203 0.390625 0.535156 0.392578 0.537109 0.392578 0.539062 0.394531 0.539062 0.396484 0.541016 0.398438 0.541016 0.400391 0.542969 0.402344 0.542969 0.406250 0.552734 0.406250 0.552734 0.404297 0.554688 0.402344 0.556641 0.404297 0.558594 0.404297 0.558594 0.402344 0.560547 0.400391 0.560547 0.396484 0.562500 0.394531 0.564453 0.396484 0.570312 0.396484 0.570312 0.394531 0.568359 0.392578 0.566406 0.392578 0.564453 0.390625 0.554688 0.390625 0.552734 0.388672 0.542969 0.388672 0.541016 0.386719 0.541016 0.384766 0.542969 0.382812 0.542969 0.380859 0.541016 0.378906 0.541016 0.371094 0.539062 0.369141 0.523438 0.369141
0 0.898438 0.328125 0.896484 0.330078 0.896484 0.332031 0.894531 0.333984 0.892578 0.333984 0.892578 0.337891 0.894531 0.339844 0.894531 0.341797 0.892578 0.343750 0.892578 0.345703 0.890625 0.347656 0.892578 0.347656 0.898438 0.341797 0.904297 0.347656 0.908203 0.347656 0.912109 0.351562 0.914062 0.351562 0.914062 0.349609 0.910156 0.345703 0.906250 0.345703 0.902344 0.341797 0.902344 0.339844 0.904297 0.337891 0.908203 0.337891 0.910156 0.335938 0.914062 0.335938 0.916016 0.337891 0.917969 0.337891 0.917969 0.335938 0.919922 0.333984 0.917969 0.332031 0.912109 0.332031 0.908203 0.328125 0.908203 0.326172 0.904297 0.326172 0.902344 0.328125
0 0.580078 0.320312 0.574219 0.322266 0.574219 0.324219 0.576172 0.324219 0.578125 0.322266 0.582031 0.326172 0.582031 0.330078 0.580078 0.332031 0.578125 0.332031 0.576172 0.330078 0.572266 0.330078 0.572266 0.332031 0.570312 0.333984 0.566406 0.333984 0.564453 0.332031 0.560547 0.335938 0.554688 0.335938 0.554688 0.341797 0.556641 0.343750 0.554688 0.345703 0.554688 0.349609 0.552734 0.351562 0.550781 0.351562 0.548828 0.349609 0.550781 0.347656 0.546875 0.347656 0.544922 0.349609 0.537109 0.349609 0.535156 0.347656 0.535156 0.343750 0.533203 0.341797 0.529297 0.341797 0.529297 0.347656 0.531250 0.347656 0.533203 0.349609 0.533203 0.355469 0.535156 0.355469 0.539062 0.351562 0.541016 0.351562 0.542969 0.353516 0.542969 0.355469 0.544922 0.355469 0.550781 0.351562 0.552734 0.353516 0.552734 0.359375 0.554688 0.361328 0.554688 0.363281 0.558594 0.367188 0.548828 0.376953 0.546875 0.376953 0.546875 0.378906 0.550781 0.378906 0.552734 0.380859 0.552734 0.384766 0.560547 0.384766 0.560547 0.382812 0.562500 0.380859 0.562500 0.376953 0.564453 0.375000 0.568359 0.375000 0.570312 0.373047 0.572266 0.373047 0.574219 0.375000 0.576172 0.373047 0.578125 0.375000 0.580078 0.373047 0.583984 0.373047 0.583984 0.367188 0.585938 0.365234 0.587891 0.365234 0.589844 0.367188 0.589844 0.369141 0.587891 0.363281 0.589844 0.361328 0.591797 0.361328 0.595703 0.355469 0.595703 0.351562 0.593750 0.349609 0.593750 0.351562 0.591797 0.353516 0.589844 0.353516 0.587891 0.351562 0.589844 0.349609 0.589844 0.345703 0.591797 0.343750 0.587891 0.337891 0.587891 0.333984 0.585938 0.333984 0.583984 0.332031
0 0.925781 0.314453 0.927734 0.314453 0.929688 0.316406 0.929688 0.318359 0.931641 0.320312 0.931641 0.322266 0.935547 0.326172 0.933594 0.328125 0.931641 0.328125 0.929688 0.330078 0.931641 0.330078 0.935547 0.333984 0.939453 0.330078 0.941406 0.330078 0.943359 0.332031 0.945312 0.332031 0.949219 0.335938 0.951172 0.333984 0.953125 0.333984 0.955078 0.332031 0.957031 0.333984 0.960938 0.333984 0.962891 0.335938 0.962891 0.339844 0.964844 0.339844 0.964844 0.335938 0.962891 0.335938 0.960938 0.333984 0.960938 0.330078 0.957031 0.330078 0.951172 0.324219 0.951172 0.322266 0.949219 0.320312 0.949219 0.314453 0.945312 0.310547 0.941406 0.310547 0.939453 0.312500 0.931641 0.312500 0.929688 0.314453
0 0.921875 0.298828 0.917969 0.302734 0.917969 0.304688 0.912109 0.310547 0.912109 0.312500 0.914062 0.314453 0.917969 0.310547 0.923828 0.310547 0.923828 0.300781
0 0.583984 0.316406 0.589844 0.322266 0.597656 0.345703 0.603516 0.355469 0.607422 0.357422 0.605469 0.351562 0.609375 0.347656 0.609375 0.343750 0.611328 0.341797 0.615234 0.343750 0.617188 0.353516 0.615234 0.359375 0.611328 0.361328 0.615234 0.361328 0.619141 0.365234 0.617188 0.369141 0.630859 0.382812 0.642578 0.382812 0.644531 0.388672 0.646484 0.388672 0.644531 0.386719 0.650391 0.380859 0.652344 0.373047 0.650391 0.365234 0.656250 0.363281 0.658203 0.359375 0.664062 0.359375 0.667969 0.363281 0.667969 0.367188 0.660156 0.373047 0.666016 0.378906 0.677734 0.378906 0.677734 0.375000 0.681641 0.373047 0.677734 0.371094 0.681641 0.367188 0.677734 0.367188 0.673828 0.361328 0.675781 0.349609 0.673828 0.347656 0.671875 0.332031 0.667969 0.328125 0.671875 0.316406 0.675781 0.314453 0.671875 0.302734 0.660156 0.296875 0.656250 0.298828 0.656250 0.306641 0.648438 0.308594 0.648438 0.312500 0.642578 0.314453 0.640625 0.312500 0.640625 0.296875 0.644531 0.292969 0.630859 0.291016 0.632812 0.296875 0.628906 0.298828 0.628906 0.308594 0.630859 0.310547 0.628906 0.314453 0.621094 0.312500 0.621094 0.302734 0.615234 0.302734 0.613281 0.310547 0.615234 0.304688 0.617188 0.310547 0.626953 0.318359 0.632812 0.314453 0.634766 0.316406 0.632812 0.320312 0.638672 0.326172 0.640625 0.332031 0.642578 0.330078 0.648438 0.332031 0.652344 0.341797 0.650391 0.343750 0.638672 0.339844 0.626953 0.322266 0.632812 0.333984 0.632812 0.345703 0.630859 0.347656 0.626953 0.343750 0.626953 0.337891 0.613281 0.328125 0.613281 0.322266 0.609375 0.318359 0.607422 0.324219 0.601562 0.322266 0.603516 0.316406 0.601562 0.312500 0.603516 0.316406 0.599609 0.320312 0.595703 0.316406
0 0.507812 0.257812 0.507812 0.263672 0.509766 0.263672 0.511719 0.265625 0.509766 0.267578 0.513672 0.267578 0.513672 0.265625 0.517578 0.261719 0.517578 0.257812
0 0.451172 0.253906 0.453125 0.255859 0.457031 0.255859 0.458984 0.253906 0.464844 0.253906 0.464844 0.242188 0.468750 0.238281 0.472656 0.238281 0.474609 0.236328 0.480469 0.236328 0.476562 0.232422 0.476562 0.230469 0.466797 0.230469 0.464844 0.228516 0.449219 0.228516 0.449219 0.230469 0.447266 0.232422 0.447266 0.238281 0.449219 0.240234 0.447266 0.242188 0.447266 0.244141 0.449219 0.244141 0.451172 0.246094
0 0.185547 0.214844 0.183594 0.214844 0.179688 0.218750 0.179688 0.230469 0.177734 0.232422 0.175781 0.230469 0.171875 0.230469 0.169922 0.228516 0.169922 0.226562 0.167969 0.224609 0.152344 0.224609 0.152344 0.226562 0.154297 0.226562 0.156250 0.228516 0.166016 0.228516 0.167969 0.230469 0.167969 0.238281 0.169922 0.240234 0.171875 0.240234 0.173828 0.242188 0.175781 0.242188 0.177734 0.244141 0.177734 0.253906 0.175781 0.255859 0.173828 0.255859 0.169922 0.251953 0.162109 0.251953 0.158203 0.255859 0.156250 0.255859 0.154297 0.257812 0.142578 0.257812 0.142578 0.263672 0.144531 0.265625 0.144531 0.267578 0.146484 0.269531 0.146484 0.271484 0.148438 0.273438 0.158203 0.273438 0.160156 0.271484 0.160156 0.267578 0.158203 0.265625 0.164062 0.259766 0.171875 0.259766 0.173828 0.261719 0.177734 0.261719 0.177734 0.259766 0.179688 0.257812 0.177734 0.257812 0.175781 0.255859 0.177734 0.253906 0.181641 0.253906 0.183594 0.251953 0.185547 0.251953 0.187500 0.250000 0.187500 0.246094 0.185547 0.244141 0.185547 0.242188 0.179688 0.236328 0.179688 0.234375 0.183594 0.230469 0.185547 0.230469 0.189453 0.226562 0.187500 0.224609 0.187500 0.220703 0.185547 0.218750
0 0.773438 0.244141 0.777344 0.244141 0.792969 0.251953 0.789062 0.263672 0.796875 0.269531 0.796875 0.279297 0.798828 0.275391 0.806641 0.275391 0.808594 0.277344 0.808594 0.273438 0.812500 0.269531 0.816406 0.269531 0.822266 0.275391 0.818359 0.279297 0.812500 0.279297 0.816406 0.281250 0.818359 0.289062 0.824219 0.292969 0.828125 0.289062 0.843750 0.287109 0.849609 0.292969 0.855469 0.292969 0.857422 0.294922 0.855469 0.291016 0.857422 0.289062 0.851562 0.283203 0.845703 0.281250 0.847656 0.279297 0.853516 0.279297 0.855469 0.275391 0.861328 0.277344 0.871094 0.275391 0.888672 0.289062 0.892578 0.289062 0.890625 0.287109 0.898438 0.281250 0.910156 0.285156 0.914062 0.283203 0.910156 0.285156 0.908203 0.283203 0.910156 0.275391 0.923828 0.257812 0.921875 0.251953 0.916016 0.257812 0.916016 0.259766 0.917969 0.257812 0.919922 0.259766 0.916016 0.267578 0.912109 0.265625 0.912109 0.261719 0.902344 0.269531 0.896484 0.279297 0.886719 0.279297 0.884766 0.277344 0.884766 0.269531 0.890625 0.267578 0.892578 0.261719 0.896484 0.261719 0.900391 0.250000 0.898438 0.250000 0.894531 0.255859 0.888672 0.257812 0.878906 0.267578 0.875000 0.275391 0.865234 0.265625 0.859375 0.253906 0.847656 0.246094 0.847656 0.242188 0.839844 0.238281 0.835938 0.240234 0.833984 0.236328 0.830078 0.236328 0.824219 0.232422 0.816406 0.220703 0.812500 0.218750 0.810547 0.220703 0.794922 0.208984 0.792969 0.205078 0.791016 0.205078 0.794922 0.208984 0.794922 0.216797 0.798828 0.216797 0.802734 0.220703 0.802734 0.226562 0.798828 0.228516 0.802734 0.240234 0.798828 0.242188 0.800781 0.244141 0.796875 0.250000 0.787109 0.250000 0.783203 0.246094 0.781250 0.238281 0.775391 0.240234
0 0.953125 0.197266 0.951172 0.199219 0.957031 0.205078 0.957031 0.210938 0.955078 0.212891 0.957031 0.214844 0.962891 0.214844 0.962891 0.210938 0.960938 0.208984 0.960938 0.207031 0.958984 0.205078 0.957031 0.205078 0.955078 0.203125 0.955078 0.197266
0 0.664062 0.207031 0.662109 0.207031 0.660156 0.208984 0.658203 0.207031 0.658203 0.205078 0.660156 0.203125 0.656250 0.199219 0.656250 0.195312 0.652344 0.195312 0.650391 0.197266 0.650391 0.199219 0.648438 0.201172 0.646484 0.199219 0.646484 0.197266 0.644531 0.197266 0.642578 0.199219 0.640625 0.199219 0.638672 0.201172 0.630859 0.201172 0.630859 0.218750 0.640625 0.208984 0.644531 0.212891 0.644531 0.218750 0.646484 0.218750 0.648438 0.220703 0.650391 0.218750 0.652344 0.218750 0.654297 0.220703 0.654297 0.218750 0.656250 0.216797 0.656250 0.214844 0.658203 0.212891 0.660156 0.214844 0.660156 0.216797 0.664062 0.216797
0 0.822266 0.191406 0.818359 0.191406 0.816406 0.193359 0.814453 0.193359 0.812500 0.195312 0.808594 0.195312 0.808594 0.197266 0.810547 0.195312 0.814453 0.199219 0.814453 0.201172 0.816406 0.201172 0.820312 0.205078 0.820312 0.207031 0.818359 0.208984 0.816406 0.207031 0.812500 0.207031 0.814453 0.208984 0.816406 0.208984 0.818359 0.210938 0.820312 0.208984 0.820312 0.207031 0.824219 0.203125 0.822266 0.201172 0.822266 0.199219 0.820312 0.197266 0.820312 0.195312 0.822266 0.193359
0 0.929688 0.183594 0.921875 0.183594 0.919922 0.185547 0.916016 0.185547 0.912109 0.189453 0.912109 0.197266 0.912109 0.195312 0.916016 0.191406 0.919922 0.191406 0.921875 0.189453 0.925781 0.189453 0.925781 0.187500 0.927734 0.185547 0.929688 0.185547
0 0.832031 0.177734 0.832031 0.185547 0.830078 0.187500 0.830078 0.191406 0.832031 0.193359 0.833984 0.193359 0.837891 0.197266 0.837891 0.199219 0.839844 0.201172 0.841797 0.201172 0.845703 0.205078 0.845703 0.210938 0.849609 0.214844 0.853516 0.214844 0.855469 0.212891 0.861328 0.212891 0.859375 0.210938 0.859375 0.208984 0.857422 0.207031 0.857422 0.203125 0.853516 0.207031 0.851562 0.207031 0.843750 0.199219 0.843750 0.195312 0.841797 0.193359 0.841797 0.185547 0.839844 0.183594 0.841797 0.181641 0.837891 0.177734
0 0.964844 0.175781 0.962891 0.177734 0.960938 0.177734 0.960938 0.179688 0.958984 0.181641 0.960938 0.181641 0.962891 0.183594 0.962891 0.185547 0.966797 0.185547 0.968750 0.187500 0.968750 0.193359 0.970703 0.193359 0.968750 0.191406 0.968750 0.185547 0.970703 0.183594 0.968750 0.181641 0.968750 0.175781
0 0.650391 0.177734 0.648438 0.175781 0.642578 0.175781 0.640625 0.177734 0.638672 0.177734 0.636719 0.179688 0.634766 0.179688 0.634766 0.181641 0.636719 0.179688 0.638672 0.181641 0.638672 0.185547 0.636719 0.187500 0.634766 0.187500 0.636719 0.187500 0.638672 0.185547 0.640625 0.185547 0.642578 0.183594 0.648438 0.183594 0.650391 0.181641
0 0.183594 0.175781 0.181641 0.173828 0.177734 0.173828 0.175781 0.175781 0.173828 0.175781 0.171875 0.177734 0.169922 0.177734 0.167969 0.179688 0.164062 0.179688 0.162109 0.181641 0.160156 0.179688 0.150391 0.179688 0.150391 0.195312 0.154297 0.199219 0.156250 0.199219 0.160156 0.203125 0.162109 0.203125 0.164062 0.205078 0.167969 0.205078 0.169922 0.207031 0.175781 0.207031 0.183594 0.199219 0.185547 0.199219 0.185547 0.179688 0.183594 0.177734
0 0.613281 0.169922 0.607422 0.169922 0.605469 0.171875 0.599609 0.171875 0.597656 0.173828 0.595703 0.173828 0.595703 0.177734 0.597656 0.177734 0.599609 0.179688 0.601562 0.177734 0.603516 0.179688 0.605469 0.177734 0.605469 0.175781 0.607422 0.173828 0.609375 0.173828
0 0.498047 0.164062 0.494141 0.164062 0.492188 0.162109 0.492188 0.169922 0.490234 0.171875 0.488281 0.169922 0.486328 0.169922 0.484375 0.167969 0.482422 0.169922 0.482422 0.177734 0.486328 0.177734 0.488281 0.179688 0.486328 0.181641 0.486328 0.183594 0.484375 0.185547 0.484375 0.187500 0.476562 0.195312 0.474609 0.195312 0.474609 0.197266 0.478516 0.197266 0.480469 0.199219 0.482422 0.199219 0.482422 0.197266 0.484375 0.195312 0.484375 0.193359 0.486328 0.191406 0.488281 0.191406 0.494141 0.185547 0.496094 0.185547 0.496094 0.181641 0.498047 0.179688 0.498047 0.177734 0.496094 0.179688 0.494141 0.179688 0.492188 0.177734 0.492188 0.171875 0.494141 0.169922 0.498047 0.169922 0.500000 0.167969 0.500000 0.166016
0 0.568359 0.142578 0.570312 0.144531 0.570312 0.146484 0.572266 0.146484 0.576172 0.150391 0.576172 0.152344 0.582031 0.158203 0.585938 0.154297 0.583984 0.152344 0.583984 0.150391 0.585938 0.148438 0.583984 0.146484 0.583984 0.138672 0.580078 0.138672 0.578125 0.140625 0.574219 0.140625 0.572266 0.142578
0 0.486328 0.138672 0.486328 0.142578 0.488281 0.142578 0.490234 0.140625 0.492188 0.140625 0.494141 0.142578 0.500000 0.142578 0.501953 0.144531 0.501953 0.148438 0.503906 0.150391 0.505859 0.148438 0.509766 0.148438 0.511719 0.146484 0.517578 0.146484 0.521484 0.150391 0.521484 0.152344 0.523438 0.154297 0.525391 0.152344 0.527344 0.152344 0.529297 0.150391 0.537109 0.150391 0.542969 0.156250 0.546875 0.156250 0.546875 0.152344 0.544922 0.150391 0.544922 0.148438 0.548828 0.144531 0.546875 0.142578 0.546875 0.140625 0.542969 0.136719 0.541016 0.136719 0.542969 0.138672 0.542969 0.140625 0.541016 0.142578 0.537109 0.142578 0.535156 0.140625 0.537109 0.138672 0.533203 0.134766 0.531250 0.134766 0.525391 0.128906 0.525391 0.126953 0.517578 0.126953 0.515625 0.128906 0.511719 0.128906 0.509766 0.130859 0.507812 0.130859 0.505859 0.132812 0.503906 0.132812 0.503906 0.134766 0.501953 0.136719 0.492188 0.136719 0.490234 0.134766
0 0.287109 0.130859 0.287109 0.136719 0.296875 0.146484 0.302734 0.148438 0.300781 0.144531 0.304688 0.142578 0.308594 0.150391 0.320312 0.154297 0.335938 0.150391 0.337891 0.156250 0.333984 0.158203 0.349609 0.162109 0.363281 0.173828 0.369141 0.171875 0.373047 0.175781 0.382812 0.175781 0.378906 0.175781 0.376953 0.169922 0.382812 0.167969 0.386719 0.171875 0.384766 0.166016 0.386719 0.162109 0.373047 0.162109 0.371094 0.156250 0.382812 0.154297 0.398438 0.136719 0.410156 0.136719 0.414062 0.140625 0.416016 0.148438 0.429688 0.152344 0.429688 0.156250 0.425781 0.160156 0.398438 0.169922 0.404297 0.173828 0.400391 0.175781 0.408203 0.177734 0.406250 0.173828 0.416016 0.166016 0.421875 0.169922 0.423828 0.175781 0.431641 0.177734 0.435547 0.169922 0.441406 0.169922 0.441406 0.164062 0.449219 0.156250 0.451172 0.146484 0.458984 0.152344 0.458984 0.156250 0.468750 0.152344 0.468750 0.148438 0.464844 0.144531 0.443359 0.132812 0.416016 0.121094 0.390625 0.117188 0.376953 0.109375 0.378906 0.111328 0.373047 0.115234 0.373047 0.119141 0.361328 0.130859 0.351562 0.136719 0.347656 0.126953 0.353516 0.119141 0.351562 0.113281 0.339844 0.111328 0.335938 0.113281 0.333984 0.121094 0.337891 0.126953 0.333984 0.130859 0.324219 0.132812 0.333984 0.134766 0.335938 0.136719 0.333984 0.138672 0.316406 0.138672 0.312500 0.134766 0.314453 0.132812 0.304688 0.130859 0.302734 0.132812 0.304688 0.130859 0.310547 0.132812 0.308594 0.136719 0.304688 0.136719 0.310547 0.138672 0.310547 0.142578 0.306641 0.144531 0.294922 0.132812 0.298828 0.130859 0.294922 0.128906
0 0.839844 0.107422 0.839844 0.113281 0.845703 0.113281 0.845703 0.111328 0.847656 0.109375 0.847656 0.107422
0 0.585938 0.107422 0.583984 0.105469 0.582031 0.107422 0.574219 0.107422 0.572266 0.109375 0.570312 0.109375 0.570312 0.113281 0.574219 0.113281 0.576172 0.111328 0.578125 0.111328 0.580078 0.109375 0.582031 0.109375 0.583984 0.107422
0 0.064453 0.105469 0.046875 0.105469 0.044922 0.107422 0.044922 0.113281 0.041016 0.117188 0.035156 0.117188 0.035156 0.119141 0.033203 0.121094 0.033203 0.125000 0.035156 0.126953 0.037109 0.126953 0.039062 0.128906 0.039062 0.130859 0.041016 0.132812 0.048828 0.132812 0.050781 0.134766 0.054688 0.134766 0.056641 0.132812 0.058594 0.132812 0.060547 0.130859 0.060547 0.126953 0.064453 0.123047
0 0.392578 0.103516 0.392578 0.105469 0.394531 0.107422 0.404297 0.107422 0.404297 0.105469 0.402344 0.103516 0.402344 0.101562 0.400391 0.101562 0.398438 0.099609 0.396484 0.099609
0 0.597656 0.087891 0.589844 0.087891 0.587891 0.089844 0.583984 0.089844 0.582031 0.091797 0.578125 0.091797 0.576172 0.093750 0.574219 0.093750 0.572266 0.095703 0.564453 0.095703 0.564453 0.099609 0.566406 0.099609 0.568359 0.097656 0.574219 0.097656 0.576172 0.095703 0.578125 0.095703 0.580078 0.093750 0.583984 0.093750 0.585938 0.091797 0.593750 0.091797 0.595703 0.089844 0.597656 0.089844
0 0.000000 0.087891 0.000000 0.101562 0.005859 0.107422 0.005859 0.109375 0.009766 0.109375 0.011719 0.111328 0.015625 0.111328 0.017578 0.109375 0.023438 0.109375 0.029297 0.103516 0.029297 0.099609 0.019531 0.099609 0.017578 0.097656 0.013672 0.097656 0.011719 0.095703 0.009766 0.095703 0.007812 0.093750 0.005859 0.093750
0 0.554688 0.085938 0.552734 0.087891 0.550781 0.087891 0.548828 0.089844 0.544922 0.089844 0.535156 0.099609 0.531250 0.099609 0.533203 0.101562 0.539062 0.101562 0.544922 0.095703 0.546875 0.095703 0.550781 0.091797 0.552734 0.091797 0.554688 0.089844
0 0.689453 0.083984 0.687500 0.085938 0.679688 0.085938 0.677734 0.083984 0.679688 0.082031 0.677734 0.083984 0.673828 0.083984 0.671875 0.085938 0.669922 0.085938 0.671875 0.085938 0.673828 0.087891 0.673828 0.093750 0.675781 0.095703 0.675781 0.099609 0.677734 0.101562 0.675781 0.103516 0.675781 0.107422 0.677734 0.109375 0.677734 0.111328 0.673828 0.115234 0.669922 0.115234 0.667969 0.117188 0.662109 0.117188 0.662109 0.126953 0.664062 0.128906 0.664062 0.134766 0.666016 0.134766 0.667969 0.136719 0.667969 0.140625 0.669922 0.142578 0.669922 0.146484 0.675781 0.146484 0.675781 0.144531 0.677734 0.142578 0.677734 0.140625 0.681641 0.136719 0.687500 0.136719 0.687500 0.130859 0.685547 0.128906 0.685547 0.126953 0.687500 0.125000 0.687500 0.123047 0.691406 0.119141 0.691406 0.117188 0.689453 0.115234 0.689453 0.113281 0.687500 0.113281 0.689453 0.115234 0.689453 0.121094 0.687500 0.123047 0.677734 0.123047 0.675781 0.125000 0.673828 0.123047 0.673828 0.119141 0.675781 0.117188 0.675781 0.115234 0.677734 0.113281 0.677734 0.109375 0.679688 0.107422 0.679688 0.101562 0.681641 0.099609 0.685547 0.099609 0.687500 0.101562 0.687500 0.107422 0.687500 0.101562 0.689453 0.099609
0 0.654297 0.083984 0.652344 0.082031 0.650391 0.083984 0.644531 0.083984 0.642578 0.085938 0.638672 0.085938 0.636719 0.087891 0.632812 0.087891 0.630859 0.089844 0.625000 0.089844 0.623047 0.091797 0.621094 0.091797 0.621094 0.093750 0.623047 0.095703 0.625000 0.095703 0.626953 0.093750 0.630859 0.093750 0.632812 0.091797 0.634766 0.091797 0.636719 0.089844 0.638672 0.089844 0.640625 0.087891 0.644531 0.087891 0.646484 0.085938 0.652344 0.085938
0 0.566406 0.078125 0.564453 0.078125 0.562500 0.080078 0.560547 0.080078 0.560547 0.085938 0.562500 0.087891 0.562500 0.089844 0.566406 0.089844 0.568359 0.087891 0.568359 0.085938 0.566406 0.083984
0 0.324219 0.078125 0.322266 0.080078 0.322266 0.091797 0.324219 0.093750 0.324219 0.095703 0.330078 0.095703 0.332031 0.093750 0.332031 0.089844 0.330078 0.087891 0.330078 0.085938 0.332031 0.083984 0.332031 0.082031 0.328125 0.078125
0 0.458984 0.072266 0.455078 0.072266 0.455078 0.074219 0.453125 0.076172 0.451172 0.076172 0.451172 0.078125 0.449219 0.080078 0.443359 0.080078 0.443359 0.082031 0.441406 0.083984 0.437500 0.083984 0.437500 0.085938 0.435547 0.087891 0.427734 0.087891 0.425781 0.089844 0.427734 0.089844 0.433594 0.095703 0.431641 0.097656 0.425781 0.097656 0.427734 0.097656 0.429688 0.099609 0.435547 0.099609 0.433594 0.097656 0.433594 0.093750 0.435547 0.091797 0.443359 0.091797 0.443359 0.087891 0.447266 0.083984 0.449219 0.085938 0.451172 0.083984 0.455078 0.087891 0.451172 0.091797 0.449219 0.091797 0.449219 0.095703 0.447266 0.097656 0.445312 0.097656 0.443359 0.099609 0.443359 0.103516 0.441406 0.105469 0.441406 0.109375 0.439453 0.111328 0.437500 0.111328 0.437500 0.115234 0.439453 0.115234 0.439453 0.111328 0.443359 0.107422 0.445312 0.109375 0.445312 0.111328 0.447266 0.109375 0.449219 0.111328 0.451172 0.111328 0.451172 0.099609 0.449219 0.097656 0.453125 0.093750 0.455078 0.093750 0.457031 0.095703 0.457031 0.099609 0.460938 0.099609 0.460938 0.095703 0.462891 0.093750 0.466797 0.093750 0.468750 0.091797 0.470703 0.091797 0.470703 0.085938 0.460938 0.076172 0.460938 0.074219
0 0.693359 0.070312 0.693359 0.080078 0.695312 0.082031 0.693359 0.085938 0.695312 0.089844 0.693359 0.093750 0.693359 0.101562 0.699219 0.099609 0.701172 0.105469 0.703125 0.105469 0.707031 0.099609 0.716797 0.111328 0.716797 0.115234 0.710938 0.121094 0.701172 0.123047 0.701172 0.125000 0.710938 0.123047 0.714844 0.128906 0.712891 0.132812 0.714844 0.132812 0.720703 0.126953 0.726562 0.126953 0.734375 0.121094 0.732422 0.119141 0.734375 0.115234 0.738281 0.119141 0.740234 0.125000 0.742188 0.125000 0.742188 0.119141 0.746094 0.115234 0.750000 0.119141 0.753906 0.117188 0.755859 0.119141 0.753906 0.123047 0.757812 0.125000 0.757812 0.128906 0.761719 0.130859 0.761719 0.134766 0.755859 0.136719 0.751953 0.128906 0.746094 0.126953 0.732422 0.138672 0.734375 0.142578 0.742188 0.142578 0.748047 0.150391 0.755859 0.150391 0.755859 0.148438 0.761719 0.144531 0.761719 0.134766 0.763672 0.132812 0.761719 0.123047 0.765625 0.119141 0.769531 0.121094 0.771484 0.119141 0.779297 0.119141 0.779297 0.117188 0.775391 0.115234 0.783203 0.111328 0.789062 0.115234 0.791016 0.109375 0.794922 0.111328 0.785156 0.097656 0.769531 0.107422 0.763672 0.119141 0.761719 0.117188 0.755859 0.119141 0.753906 0.115234 0.759766 0.111328 0.763672 0.105469 0.765625 0.105469 0.765625 0.099609 0.773438 0.095703 0.767578 0.095703 0.765625 0.099609 0.761719 0.093750 0.761719 0.097656 0.755859 0.101562 0.750000 0.097656 0.751953 0.095703 0.750000 0.093750 0.750000 0.087891 0.746094 0.085938 0.746094 0.082031 0.742188 0.076172 0.734375 0.078125 0.734375 0.080078 0.740234 0.083984 0.738281 0.087891 0.734375 0.087891 0.732422 0.083984 0.728516 0.082031 0.730469 0.078125 0.726562 0.076172 0.708984 0.076172 0.705078 0.072266 0.707031 0.070312 0.705078 0.068359
0 0.029297 0.062500 0.029297 0.064453 0.033203 0.068359 0.037109 0.068359 0.039062 0.070312 0.041016 0.070312 0.042969 0.072266 0.044922 0.070312 0.044922 0.066406 0.042969 0.064453 0.042969 0.062500
0 0.998047 0.052734 0.996094 0.054688 0.992188 0.054688 0.996094 0.058594 0.994141 0.060547 0.992188 0.060547 0.990234 0.058594 0.980469 0.058594 0.978516 0.060547 0.976562 0.060547 0.974609 0.058594 0.966797 0.058594 0.964844 0.060547 0.962891 0.058594 0.958984 0.058594 0.955078 0.062500 0.957031 0.064453 0.957031 0.066406 0.958984 0.068359 0.960938 0.068359 0.960938 0.064453 0.964844 0.060547 0.968750 0.060547 0.970703 0.062500 0.976562 0.062500 0.978516 0.064453 0.978516 0.068359 0.980469 0.070312 0.980469 0.076172 0.982422 0.078125 0.990234 0.078125 0.990234 0.072266 0.996094 0.066406 0.996094 0.062500 0.994141 0.060547 0.996094 0.058594 0.998047 0.058594
0 0.013672 0.052734 0.011719 0.050781 0.005859 0.050781 0.001953 0.054688 0.001953 0.056641 0.000000 0.058594 0.001953 0.060547 0.001953 0.062500 0.005859 0.062500 0.007812 0.060547 0.011719 0.060547 0.013672 0.058594
0 0.306641 0.046875 0.306641 0.048828 0.308594 0.048828 0.310547 0.050781 0.312500 0.050781 0.318359 0.056641 0.318359 0.060547 0.320312 0.060547 0.322266 0.058594 0.322266 0.054688 0.320312 0.052734 0.320312 0.050781 0.318359 0.048828 0.314453 0.048828 0.312500 0.046875
0 0.095703 0.046875 0.095703 0.048828 0.097656 0.050781 0.097656 0.058594 0.101562 0.058594 0.103516 0.056641 0.105469 0.056641 0.107422 0.054688 0.107422 0.052734 0.109375 0.050781 0.107422 0.048828 0.107422 0.046875
0 0.312500 0.035156 0.312500 0.037109 0.314453 0.039062 0.314453 0.041016 0.316406 0.042969 0.318359 0.042969 0.326172 0.050781 0.328125 0.050781 0.330078 0.048828 0.330078 0.046875 0.322266 0.039062 0.320312 0.039062 0.318359 0.037109 0.316406 0.037109 0.314453 0.035156
0 0.732422 0.037109 0.728516 0.037109 0.726562 0.035156 0.724609 0.035156 0.722656 0.033203 0.720703 0.033203 0.718750 0.035156 0.707031 0.035156 0.703125 0.039062 0.701172 0.039062 0.699219 0.041016 0.699219 0.042969 0.707031 0.050781 0.707031 0.052734 0.710938 0.056641 0.710938 0.062500 0.726562 0.062500 0.730469 0.058594 0.730469 0.056641 0.732422 0.054688 0.732422 0.052734 0.736328 0.048828 0.734375 0.050781 0.732422 0.048828
0 0.654297 0.035156 0.654297 0.044922 0.656250 0.046875 0.656250 0.048828 0.658203 0.050781 0.658203 0.058594 0.660156 0.060547 0.662109 0.060547 0.666016 0.056641 0.667969 0.056641 0.669922 0.054688 0.671875 0.054688 0.675781 0.050781 0.677734 0.050781 0.679688 0.048828 0.681641 0.048828 0.679688 0.046875 0.679688 0.042969 0.675781 0.039062 0.673828 0.039062 0.671875 0.041016 0.669922 0.041016 0.667969 0.042969 0.666016 0.042969 0.664062 0.041016 0.664062 0.039062 0.662109 0.037109 0.662109 0.035156 0.660156 0.033203 0.656250 0.033203
0 0.503906 0.031250 0.503906 0.033203 0.505859 0.035156 0.505859 0.037109 0.507812 0.039062 0.507812 0.041016 0.509766 0.042969 0.509766 0.044922 0.511719 0.046875 0.511719 0.048828 0.513672 0.050781 0.513672 0.052734 0.515625 0.052734 0.517578 0.054688 0.517578 0.056641 0.521484 0.056641 0.525391 0.052734 0.533203 0.060547 0.537109 0.060547 0.537109 0.058594 0.535156 0.056641 0.533203 0.056641 0.531250 0.054688 0.527344 0.054688 0.525391 0.052734 0.525391 0.050781 0.521484 0.046875 0.521484 0.044922 0.519531 0.042969 0.519531 0.041016 0.517578 0.039062 0.513672 0.039062 0.511719 0.041016 0.509766 0.041016 0.505859 0.037109 0.505859 0.035156 0.503906 0.033203
0 0.466797 0.023438 0.466797 0.025391 0.468750 0.027344 0.468750 0.029297 0.470703 0.031250 0.470703 0.033203 0.472656 0.035156 0.472656 0.037109 0.476562 0.041016 0.476562 0.046875 0.478516 0.046875 0.480469 0.048828 0.480469 0.050781 0.482422 0.052734 0.482422 0.054688 0.484375 0.056641 0.484375 0.060547 0.486328 0.062500 0.486328 0.064453 0.488281 0.064453 0.488281 0.062500 0.486328 0.060547 0.486328 0.058594 0.484375 0.056641 0.484375 0.050781 0.486328 0.048828 0.484375 0.050781 0.482422 0.048828 0.482422 0.041016 0.478516 0.037109 0.478516 0.035156 0.476562 0.035156 0.472656 0.031250 0.472656 0.029297
0 0.513672 0.021484 0.511719 0.023438 0.509766 0.023438 0.511719 0.025391 0.511719 0.029297 0.513672 0.031250 0.513672 0.033203 0.515625 0.031250 0.519531 0.031250 0.519531 0.029297 0.517578 0.027344 0.517578 0.025391 0.515625 0.025391 0.513672 0.023438
0 0.541016 0.017578 0.539062 0.017578 0.535156 0.021484 0.533203 0.021484 0.529297 0.025391 0.529297 0.027344 0.531250 0.029297 0.531250 0.031250 0.537109 0.031250 0.539062 0.029297 0.541016 0.029297 0.541016 0.027344 0.539062 0.025391 0.539062 0.023438 0.537109 0.021484 0.539062 0.019531 0.542969 0.019531
0 0.984375 0.013672 0.980469 0.013672 0.978516 0.015625 0.974609 0.015625 0.974609 0.021484 0.976562 0.023438 0.976562 0.025391 0.978516 0.027344 0.980469 0.027344 0.984375 0.023438 0.984375 0.021484 0.982422 0.019531 0.982422 0.015625
0 0.789062 0.015625 0.789062 0.021484 0.791016 0.023438 0.789062 0.025391 0.789062 0.027344 0.792969 0.031250 0.794922 0.031250 0.796875 0.033203 0.798828 0.033203 0.800781 0.035156 0.800781 0.033203 0.802734 0.031250 0.804688 0.033203 0.806641 0.033203 0.808594 0.031250 0.806641 0.031250 0.804688 0.029297 0.804688 0.027344 0.808594 0.023438 0.812500 0.023438 0.814453 0.025391 0.814453 0.029297 0.816406 0.031250 0.818359 0.031250 0.822266 0.027344 0.820312 0.025391 0.822266 0.023438 0.824219 0.023438 0.820312 0.023438 0.818359 0.025391 0.814453 0.025391 0.812500 0.023438 0.812500 0.017578 0.804688 0.017578 0.802734 0.019531 0.796875 0.019531 0.794922 0.017578 0.794922 0.013672 0.791016 0.013672
0 0.488281 0.011719 0.490234 0.013672 0.490234 0.015625 0.492188 0.017578 0.492188 0.019531 0.496094 0.023438 0.500000 0.023438 0.503906 0.019531 0.505859 0.019531 0.507812 0.017578 0.509766 0.017578 0.509766 0.013672 0.507812 0.013672 0.505859 0.011719 0.505859 0.015625 0.503906 0.017578 0.501953 0.017578 0.498047 0.013672 0.496094 0.013672 0.492188 0.009766 0.490234 0.009766
0 0.011719 0.007812 0.009766 0.007812 0.007812 0.009766 0.007812 0.011719 0.003906 0.015625 0.003906 0.023438 0.007812 0.023438 0.009766 0.021484 0.011719 0.023438 0.013672 0.021484 0.015625 0.021484 0.015625 0.011719
0 0.691406 0.011719 0.691406 0.017578 0.693359 0.019531 0.693359 0.029297 0.695312 0.031250 0.695312 0.037109 0.697266 0.035156 0.699219 0.035156 0.699219 0.029297 0.701172 0.027344 0.701172 0.025391 0.703125 0.023438 0.705078 0.023438 0.707031 0.021484 0.732422 0.021484 0.734375 0.019531 0.744141 0.019531 0.746094 0.017578 0.751953 0.017578 0.753906 0.015625 0.757812 0.015625 0.757812 0.013672 0.753906 0.009766 0.742188 0.009766 0.740234 0.011719 0.728516 0.011719 0.726562 0.009766 0.726562 0.005859 0.724609 0.003906 0.718750 0.003906 0.716797 0.005859 0.714844 0.005859 0.712891 0.007812 0.708984 0.007812 0.707031 0.009766 0.699219 0.009766 0.697266 0.011719
0 0.923828 0.000000 0.919922 0.003906 0.921875 0.003906 0.923828 0.005859 0.921875 0.007812 0.921875 0.009766 0.919922 0.011719 0.923828 0.015625 0.923828 0.017578 0.927734 0.021484 0.927734 0.025391 0.929688 0.027344 0.935547 0.027344 0.935547 0.019531 0.937500 0.017578 0.937500 0.011719 0.935547 0.009766 0.935547 0.005859 0.937500 0.003906 0.933594 0.003906 0.931641 0.005859 0.929688 0.005859 0.927734 0.003906 0.927734 0.000000
0 0.513672 0.000000 0.515625 0.001953 0.517578 0.001953 0.521484 0.005859 0.521484 0.009766 0.523438 0.011719 0.519531 0.015625 0.521484 0.017578 0.521484 0.019531 0.523438 0.021484 0.523438 0.023438 0.523438 0.021484 0.525391 0.019531 0.527344 0.021484 0.525391 0.019531 0.525391 0.013672 0.523438 0.011719 0.525391 0.009766 0.527344 0.009766 0.527344 0.005859 0.525391 0.003906 0.525391 0.001953 0.523438 0.000000 0.521484 0.000000 0.519531 0.001953 0.515625 0.001953
