0 0.169922 0.982422 0.166016 0.986328 0.164062 0.986328 0.164062 0.988281 0.162109 0.990234 0.162109 0.992188 0.160156 0.994141 0.160156 0.996094 0.158203 0.998047 0.171875 0.998047 0.169922 0.996094 0.169922 0.994141 0.167969 0.992188 0.167969 0.990234 0.169922 0.988281
0 0.158203 0.976562 0.154297 0.976562 0.154297 0.978516 0.152344 0.980469 0.150391 0.980469 0.150391 0.982422 0.148438 0.984375 0.148438 0.986328 0.150391 0.988281 0.156250 0.982422 0.156250 0.980469 0.158203 0.978516
0 0.046875 0.976562 0.046875 0.978516 0.044922 0.980469 0.044922 0.984375 0.041016 0.988281 0.041016 0.990234 0.042969 0.992188 0.042969 0.994141 0.044922 0.996094 0.048828 0.992188 0.050781 0.992188 0.052734 0.990234 0.052734 0.984375 0.050781 0.982422 0.050781 0.978516 0.048828 0.978516
0 0.998047 0.972656 0.996094 0.972656 0.994141 0.970703 0.992188 0.970703 0.990234 0.968750 0.980469 0.968750 0.976562 0.964844 0.976562 0.966797 0.974609 0.968750 0.966797 0.968750 0.964844 0.970703 0.960938 0.970703 0.958984 0.972656 0.957031 0.972656 0.955078 0.974609 0.955078 0.976562 0.951172 0.980469 0.951172 0.988281 0.949219 0.990234 0.941406 0.990234 0.939453 0.988281 0.937500 0.988281 0.935547 0.986328 0.933594 0.986328 0.931641 0.988281 0.933594 0.988281 0.935547 0.990234 0.935547 0.992188 0.937500 0.994141 0.937500 0.996094 0.939453 0.998047 0.970703 0.998047 0.970703 0.978516 0.972656 0.976562 0.982422 0.976562 0.984375 0.978516 0.986328 0.978516 0.988281 0.980469 0.990234 0.980469 0.992188 0.982422 0.996094 0.982422 0.998047 0.980469
0 0.236328 0.968750 0.232422 0.968750 0.230469 0.966797 0.228516 0.966797 0.226562 0.964844 0.226562 0.966797 0.224609 0.968750 0.222656 0.968750 0.226562 0.968750 0.228516 0.970703 0.222656 0.976562 0.220703 0.976562 0.218750 0.978516 0.218750 0.980469 0.216797 0.982422 0.214844 0.982422 0.210938 0.986328 0.210938 0.990234 0.207031 0.994141 0.207031 0.998047 0.208984 0.998047 0.210938 0.996094 0.208984 0.994141 0.208984 0.992188 0.212891 0.988281 0.212891 0.986328 0.214844 0.984375 0.218750 0.984375 0.220703 0.982422 0.222656 0.982422 0.222656 0.976562 0.230469 0.968750 0.232422 0.970703 0.234375 0.970703
0 0.957031 0.958984 0.958984 0.960938 0.964844 0.960938 0.966797 0.962891 0.968750 0.962891 0.970703 0.964844 0.972656 0.964844 0.970703 0.962891 0.970703 0.958984
0 0.779297 0.968750 0.777344 0.966797 0.773438 0.966797 0.771484 0.964844 0.771484 0.970703 0.769531 0.972656 0.765625 0.972656 0.761719 0.968750 0.761719 0.966797 0.765625 0.962891 0.763672 0.960938 0.761719 0.960938 0.759766 0.958984 0.757812 0.958984 0.755859 0.957031 0.753906 0.957031 0.753906 0.962891 0.750000 0.966797 0.748047 0.966797 0.744141 0.970703 0.744141 0.974609 0.742188 0.976562 0.746094 0.980469 0.744141 0.982422 0.744141 0.984375 0.742188 0.986328 0.740234 0.984375 0.740234 0.980469 0.738281 0.982422 0.734375 0.982422 0.734375 0.984375 0.730469 0.988281 0.728516 0.988281 0.728516 0.990234 0.726562 0.992188 0.728516 0.992188 0.730469 0.994141 0.732422 0.994141 0.736328 0.998047 0.746094 0.998047 0.744141 0.996094 0.744141 0.990234 0.742188 0.988281 0.746094 0.984375 0.748047 0.984375 0.751953 0.988281 0.750000 0.990234 0.748047 0.990234 0.750000 0.990234 0.751953 0.992188 0.750000 0.994141 0.753906 0.998047 0.765625 0.998047 0.765625 0.988281 0.767578 0.986328 0.769531 0.986328 0.769531 0.984375 0.771484 0.982422 0.771484 0.980469 0.767578 0.984375 0.765625 0.982422 0.763672 0.982422 0.761719 0.980469 0.765625 0.976562 0.767578 0.978516 0.769531 0.976562 0.773438 0.976562 0.775391 0.974609 0.777344 0.974609 0.777344 0.972656 0.779297 0.970703
0 0.375000 0.957031 0.375000 0.968750 0.376953 0.968750 0.378906 0.970703 0.384766 0.970703 0.384766 0.955078 0.378906 0.955078 0.376953 0.957031
0 0.082031 0.949219 0.082031 0.951172 0.080078 0.953125 0.080078 0.955078 0.076172 0.958984 0.076172 0.960938 0.078125 0.962891 0.076172 0.964844 0.076172 0.966797 0.074219 0.968750 0.068359 0.968750 0.070312 0.968750 0.074219 0.972656 0.076172 0.972656 0.078125 0.970703 0.082031 0.974609 0.085938 0.974609 0.087891 0.972656 0.089844 0.972656 0.089844 0.970703 0.097656 0.962891 0.097656 0.960938 0.099609 0.958984 0.099609 0.957031 0.097656 0.957031 0.095703 0.955078 0.093750 0.957031 0.091797 0.957031 0.089844 0.955078 0.089844 0.951172 0.085938 0.951172 0.083984 0.949219
0 0.544922 0.939453 0.544922 0.941406 0.546875 0.943359 0.546875 0.945312 0.544922 0.947266 0.544922 0.949219 0.546875 0.947266 0.552734 0.947266 0.554688 0.945312 0.560547 0.945312 0.560547 0.943359 0.550781 0.943359 0.548828 0.941406 0.548828 0.939453
0 0.058594 0.941406 0.056641 0.939453 0.054688 0.939453 0.052734 0.941406 0.050781 0.941406 0.048828 0.939453 0.048828 0.935547 0.046875 0.935547 0.044922 0.937500 0.041016 0.937500 0.041016 0.939453 0.039062 0.941406 0.039062 0.943359 0.037109 0.945312 0.037109 0.951172 0.035156 0.953125 0.031250 0.953125 0.031250 0.955078 0.029297 0.957031 0.027344 0.957031 0.027344 0.958984 0.023438 0.962891 0.021484 0.960938 0.019531 0.960938 0.017578 0.958984 0.015625 0.960938 0.015625 0.962891 0.013672 0.964844 0.011719 0.964844 0.011719 0.968750 0.009766 0.970703 0.009766 0.974609 0.013672 0.974609 0.015625 0.976562 0.017578 0.976562 0.019531 0.978516 0.021484 0.978516 0.021484 0.976562 0.023438 0.974609 0.023438 0.970703 0.027344 0.966797 0.029297 0.968750 0.029297 0.964844 0.031250 0.962891 0.039062 0.962891 0.039062 0.960938 0.041016 0.958984 0.046875 0.958984 0.046875 0.955078 0.044922 0.955078 0.042969 0.953125 0.042969 0.951172 0.044922 0.949219 0.046875 0.949219 0.048828 0.947266 0.056641 0.947266 0.056641 0.945312 0.054688 0.943359 0.056641 0.941406
0 0.332031 0.912109 0.330078 0.912109 0.326172 0.916016 0.326172 0.921875 0.322266 0.925781 0.318359 0.925781 0.316406 0.927734 0.316406 0.931641 0.314453 0.933594 0.314453 0.939453 0.320312 0.939453 0.322266 0.937500 0.324219 0.939453 0.324219 0.941406 0.322266 0.943359 0.322266 0.947266 0.320312 0.949219 0.312500 0.949219 0.312500 0.955078 0.314453 0.955078 0.316406 0.957031 0.316406 0.958984 0.314453 0.960938 0.316406 0.960938 0.318359 0.962891 0.318359 0.964844 0.320312 0.964844 0.322266 0.966797 0.322266 0.968750 0.326172 0.968750 0.328125 0.966797 0.330078 0.966797 0.330078 0.960938 0.332031 0.958984 0.332031 0.955078 0.333984 0.953125 0.335938 0.953125 0.333984 0.953125 0.330078 0.949219 0.332031 0.947266 0.332031 0.945312 0.328125 0.941406 0.328125 0.937500 0.330078 0.935547 0.330078 0.931641 0.333984 0.927734 0.337891 0.931641 0.335938 0.933594 0.337891 0.935547 0.339844 0.935547 0.341797 0.933594 0.347656 0.937500 0.347656 0.939453 0.349609 0.941406 0.349609 0.943359 0.347656 0.945312 0.347656 0.947266 0.349609 0.949219 0.351562 0.949219 0.349609 0.947266 0.351562 0.945312 0.351562 0.941406 0.349609 0.941406 0.347656 0.939453 0.347656 0.937500 0.351562 0.933594 0.351562 0.923828 0.349609 0.925781 0.347656 0.925781 0.349609 0.925781 0.351562 0.927734 0.351562 0.933594 0.349609 0.935547 0.345703 0.935547 0.341797 0.931641 0.341797 0.921875 0.339844 0.919922 0.339844 0.917969 0.335938 0.917969 0.332031 0.914062
0 0.246094 0.914062 0.232422 0.912109 0.230469 0.908203 0.222656 0.904297 0.218750 0.910156 0.212891 0.910156 0.210938 0.914062 0.205078 0.912109 0.208984 0.912109 0.210938 0.916016 0.205078 0.917969 0.199219 0.925781 0.195312 0.923828 0.195312 0.917969 0.199219 0.916016 0.201172 0.910156 0.197266 0.910156 0.201172 0.912109 0.193359 0.914062 0.181641 0.929688 0.179688 0.925781 0.177734 0.929688 0.171875 0.931641 0.162109 0.927734 0.166016 0.923828 0.171875 0.925781 0.173828 0.921875 0.160156 0.921875 0.158203 0.931641 0.154297 0.935547 0.154297 0.941406 0.156250 0.939453 0.158203 0.941406 0.154297 0.951172 0.146484 0.949219 0.134766 0.958984 0.128906 0.953125 0.138672 0.937500 0.134766 0.933594 0.136719 0.931641 0.132812 0.933594 0.136719 0.937500 0.128906 0.947266 0.119141 0.949219 0.107422 0.960938 0.111328 0.962891 0.105469 0.964844 0.101562 0.970703 0.099609 0.978516 0.101562 0.988281 0.089844 0.998047 0.085938 0.996094 0.085938 0.990234 0.083984 0.994141 0.087891 0.998047 0.095703 0.998047 0.103516 0.984375 0.113281 0.976562 0.125000 0.984375 0.125000 0.988281 0.121094 0.992188 0.128906 0.990234 0.138672 0.976562 0.148438 0.968750 0.148438 0.960938 0.146484 0.960938 0.146484 0.966797 0.134766 0.980469 0.130859 0.978516 0.134766 0.968750 0.142578 0.958984 0.142578 0.953125 0.146484 0.949219 0.150391 0.949219 0.154297 0.955078 0.160156 0.955078 0.164062 0.951172 0.164062 0.935547 0.158203 0.931641 0.162109 0.927734 0.166016 0.931641 0.175781 0.933594 0.175781 0.945312 0.179688 0.947266 0.187500 0.945312 0.193359 0.951172 0.191406 0.945312 0.195312 0.941406 0.197266 0.933594 0.205078 0.931641 0.207031 0.935547 0.218750 0.921875 0.218750 0.914062 0.222656 0.910156 0.226562 0.916016 0.230469 0.914062 0.236328 0.919922 0.238281 0.917969 0.248047 0.919922 0.244141 0.917969
0 0.296875 0.902344 0.287109 0.902344 0.291016 0.902344 0.292969 0.904297 0.292969 0.906250 0.291016 0.908203 0.289062 0.908203 0.289062 0.910156 0.287109 0.912109 0.285156 0.912109 0.283203 0.910156 0.279297 0.910156 0.277344 0.912109 0.275391 0.912109 0.271484 0.916016 0.265625 0.916016 0.263672 0.917969 0.257812 0.917969 0.255859 0.919922 0.255859 0.921875 0.257812 0.923828 0.257812 0.929688 0.259766 0.931641 0.259766 0.933594 0.263672 0.933594 0.267578 0.939453 0.267578 0.953125 0.265625 0.955078 0.265625 0.958984 0.269531 0.958984 0.269531 0.941406 0.271484 0.939453 0.267578 0.935547 0.267578 0.929688 0.273438 0.925781 0.273438 0.919922 0.275391 0.917969 0.277344 0.919922 0.277344 0.929688 0.279297 0.927734 0.279297 0.923828 0.281250 0.921875 0.283203 0.921875 0.283203 0.919922 0.285156 0.917969 0.287109 0.919922 0.287109 0.925781 0.285156 0.927734 0.285156 0.935547 0.283203 0.937500 0.283203 0.941406 0.281250 0.943359 0.279297 0.943359 0.281250 0.943359 0.283203 0.945312 0.283203 0.949219 0.291016 0.949219 0.291016 0.947266 0.292969 0.945312 0.296875 0.945312 0.298828 0.947266 0.302734 0.947266 0.304688 0.949219 0.306641 0.949219 0.306641 0.929688 0.308594 0.927734 0.308594 0.919922 0.304688 0.919922 0.304688 0.923828 0.302734 0.925781 0.296875 0.925781 0.294922 0.923828 0.294922 0.914062 0.292969 0.912109 0.294922 0.910156 0.296875 0.910156 0.298828 0.912109 0.298828 0.904297
0 0.384766 0.906250 0.384766 0.904297 0.382812 0.902344 0.382812 0.896484 0.378906 0.900391 0.373047 0.900391 0.371094 0.898438 0.369141 0.900391 0.369141 0.902344 0.373047 0.902344 0.375000 0.900391 0.376953 0.902344 0.378906 0.902344 0.382812 0.906250
0 0.064453 0.910156 0.062500 0.910156 0.060547 0.908203 0.062500 0.906250 0.062500 0.902344 0.056641 0.896484 0.056641 0.898438 0.054688 0.900391 0.052734 0.900391 0.050781 0.902344 0.048828 0.900391 0.048828 0.898438 0.044922 0.902344 0.042969 0.902344 0.042969 0.908203 0.039062 0.912109 0.041016 0.912109 0.041016 0.910156 0.042969 0.908203 0.044922 0.910156 0.044922 0.916016 0.056641 0.916016 0.056641 0.914062 0.060547 0.910156 0.062500 0.912109 0.062500 0.916016 0.062500 0.914062 0.064453 0.912109
0 0.718750 0.898438 0.718750 0.900391 0.724609 0.900391 0.726562 0.902344 0.726562 0.908203 0.728516 0.910156 0.728516 0.914062 0.730469 0.916016 0.736328 0.916016 0.738281 0.917969 0.746094 0.917969 0.748047 0.919922 0.748047 0.921875 0.746094 0.923828 0.744141 0.923828 0.742188 0.921875 0.736328 0.921875 0.734375 0.919922 0.732422 0.919922 0.732422 0.923828 0.738281 0.929688 0.740234 0.929688 0.742188 0.931641 0.744141 0.931641 0.746094 0.933594 0.750000 0.933594 0.751953 0.935547 0.753906 0.935547 0.755859 0.937500 0.761719 0.937500 0.765625 0.941406 0.769531 0.941406 0.773438 0.945312 0.775391 0.943359 0.779297 0.943359 0.781250 0.945312 0.779297 0.943359 0.781250 0.941406 0.783203 0.941406 0.781250 0.939453 0.771484 0.939453 0.769531 0.937500 0.769531 0.935547 0.757812 0.935547 0.755859 0.933594 0.755859 0.931641 0.753906 0.929688 0.753906 0.927734 0.751953 0.925781 0.751953 0.923828 0.753906 0.921875 0.755859 0.921875 0.753906 0.919922 0.751953 0.919922 0.750000 0.921875 0.748047 0.919922 0.748047 0.917969 0.746094 0.916016 0.746094 0.914062 0.748047 0.912109 0.750000 0.912109 0.750000 0.910156 0.751953 0.908203 0.753906 0.908203 0.755859 0.906250 0.755859 0.904297 0.753906 0.902344 0.746094 0.902344 0.744141 0.900391 0.740234 0.900391 0.734375 0.894531 0.730469 0.894531 0.728516 0.892578 0.724609 0.892578 0.726562 0.894531 0.726562 0.896484 0.724609 0.898438
0 0.906250 0.892578 0.904297 0.890625 0.896484 0.898438 0.892578 0.898438 0.892578 0.900391 0.896484 0.900391 0.898438 0.902344 0.898438 0.904297 0.896484 0.906250 0.892578 0.906250 0.892578 0.908203 0.894531 0.908203 0.896484 0.910156 0.894531 0.912109 0.892578 0.912109 0.890625 0.914062 0.888672 0.914062 0.886719 0.912109 0.884766 0.914062 0.882812 0.914062 0.880859 0.912109 0.878906 0.912109 0.876953 0.914062 0.873047 0.914062 0.869141 0.910156 0.867188 0.910156 0.865234 0.908203 0.863281 0.908203 0.863281 0.912109 0.861328 0.914062 0.865234 0.917969 0.867188 0.917969 0.869141 0.919922 0.871094 0.919922 0.873047 0.921875 0.875000 0.921875 0.876953 0.923828 0.880859 0.923828 0.880859 0.921875 0.882812 0.919922 0.884766 0.921875 0.886719 0.921875 0.890625 0.917969 0.892578 0.919922 0.896484 0.919922 0.896484 0.917969 0.894531 0.916016 0.896484 0.914062 0.898438 0.914062 0.900391 0.912109 0.900391 0.906250 0.902344 0.904297 0.902344 0.902344 0.904297 0.900391 0.902344 0.900391 0.900391 0.898438 0.900391 0.896484 0.902344 0.894531 0.904297 0.896484 0.904297 0.894531
0 0.601562 0.882812 0.599609 0.882812 0.599609 0.884766 0.597656 0.886719 0.595703 0.886719 0.591797 0.890625 0.587891 0.890625 0.587891 0.892578 0.583984 0.896484 0.585938 0.898438 0.583984 0.900391 0.583984 0.902344 0.585938 0.904297 0.587891 0.904297 0.589844 0.902344 0.591797 0.902344 0.595703 0.906250 0.593750 0.908203 0.593750 0.910156 0.595703 0.910156 0.597656 0.912109 0.597656 0.916016 0.599609 0.916016 0.605469 0.910156 0.607422 0.910156 0.607422 0.906250 0.609375 0.904297 0.609375 0.896484 0.607422 0.894531 0.607422 0.890625 0.605469 0.890625 0.603516 0.888672 0.599609 0.888672 0.597656 0.886719 0.599609 0.884766 0.601562 0.884766
0 0.298828 0.878906 0.298828 0.880859 0.304688 0.880859 0.306641 0.882812 0.310547 0.882812 0.310547 0.878906 0.306641 0.878906 0.304688 0.876953 0.300781 0.876953
0 0.195312 0.873047 0.195312 0.875000 0.193359 0.876953 0.193359 0.878906 0.191406 0.880859 0.191406 0.882812 0.189453 0.884766 0.189453 0.886719 0.187500 0.888672 0.185547 0.888672 0.185547 0.890625 0.183594 0.892578 0.183594 0.896484 0.179688 0.900391 0.179688 0.902344 0.177734 0.904297 0.179688 0.904297 0.181641 0.902344 0.181641 0.900391 0.185547 0.896484 0.187500 0.896484 0.189453 0.898438 0.189453 0.894531 0.187500 0.892578 0.191406 0.888672 0.191406 0.880859 0.193359 0.878906 0.195312 0.878906
0 0.042969 0.865234 0.039062 0.865234 0.039062 0.867188 0.037109 0.869141 0.029297 0.869141 0.029297 0.871094 0.027344 0.873047 0.027344 0.888672 0.031250 0.888672 0.033203 0.890625 0.033203 0.894531 0.031250 0.896484 0.031250 0.900391 0.037109 0.900391 0.037109 0.898438 0.042969 0.892578 0.042969 0.888672 0.044922 0.886719 0.044922 0.884766 0.041016 0.880859 0.042969 0.878906 0.042969 0.875000 0.044922 0.873047 0.042969 0.871094
0 0.095703 0.863281 0.095703 0.869141 0.097656 0.871094 0.101562 0.871094 0.103516 0.873047 0.105469 0.871094 0.103516 0.871094 0.101562 0.869141 0.101562 0.867188 0.099609 0.865234 0.099609 0.863281
0 0.816406 0.863281 0.816406 0.865234 0.818359 0.865234 0.832031 0.878906 0.832031 0.880859 0.833984 0.880859 0.835938 0.882812 0.833984 0.884766 0.833984 0.886719 0.832031 0.888672 0.828125 0.884766 0.826172 0.884766 0.824219 0.882812 0.822266 0.882812 0.818359 0.878906 0.818359 0.875000 0.812500 0.875000 0.810547 0.876953 0.808594 0.876953 0.808594 0.882812 0.804688 0.886719 0.804688 0.892578 0.808594 0.896484 0.808594 0.898438 0.810547 0.900391 0.814453 0.900391 0.816406 0.898438 0.824219 0.898438 0.826172 0.896484 0.832031 0.896484 0.833984 0.898438 0.832031 0.900391 0.832031 0.902344 0.833984 0.900391 0.841797 0.900391 0.845703 0.904297 0.847656 0.904297 0.847656 0.900391 0.843750 0.896484 0.843750 0.892578 0.839844 0.888672 0.841797 0.886719 0.841797 0.884766 0.845703 0.880859 0.845703 0.878906 0.841797 0.878906 0.839844 0.880859 0.837891 0.878906 0.835938 0.878906 0.828125 0.871094 0.828125 0.869141 0.826172 0.869141 0.824219 0.867188 0.824219 0.865234 0.826172 0.863281 0.826172 0.861328 0.824219 0.859375 0.824219 0.863281 0.822266 0.865234 0.820312 0.863281
0 0.068359 0.861328 0.066406 0.861328 0.064453 0.863281 0.062500 0.863281 0.060547 0.861328 0.060547 0.859375 0.056641 0.863281 0.056641 0.865234 0.054688 0.867188 0.052734 0.867188 0.052734 0.871094 0.054688 0.871094 0.056641 0.869141 0.058594 0.869141 0.060547 0.871094 0.062500 0.869141 0.064453 0.869141 0.064453 0.867188 0.066406 0.865234 0.066406 0.863281
0 0.222656 0.861328 0.222656 0.863281 0.224609 0.865234 0.224609 0.867188 0.228516 0.867188 0.232422 0.871094 0.234375 0.871094 0.236328 0.873047 0.240234 0.873047 0.242188 0.871094 0.246094 0.871094 0.248047 0.869141 0.242188 0.869141 0.240234 0.871094 0.238281 0.869141 0.236328 0.869141 0.230469 0.863281 0.230469 0.859375 0.228516 0.859375 0.226562 0.857422 0.224609 0.857422 0.224609 0.859375
0 0.414062 0.853516 0.410156 0.851562 0.408203 0.853516 0.408203 0.857422 0.402344 0.863281 0.402344 0.867188 0.398438 0.871094 0.394531 0.869141 0.394531 0.867188 0.398438 0.865234 0.394531 0.863281 0.378906 0.863281 0.375000 0.867188 0.367188 0.857422 0.367188 0.859375 0.371094 0.861328 0.371094 0.867188 0.365234 0.873047 0.355469 0.873047 0.353516 0.875000 0.357422 0.878906 0.355469 0.880859 0.349609 0.880859 0.347656 0.878906 0.337891 0.878906 0.337891 0.888672 0.335938 0.892578 0.343750 0.892578 0.345703 0.894531 0.341797 0.896484 0.341797 0.898438 0.345703 0.902344 0.345703 0.916016 0.343750 0.917969 0.345703 0.916016 0.349609 0.919922 0.353516 0.917969 0.355469 0.919922 0.355469 0.900391 0.353516 0.900391 0.349609 0.894531 0.351562 0.892578 0.355469 0.894531 0.355469 0.890625 0.353516 0.886719 0.357422 0.878906 0.363281 0.878906 0.367188 0.882812 0.373047 0.878906 0.375000 0.880859 0.378906 0.880859 0.378906 0.878906 0.376953 0.878906 0.373047 0.873047 0.375000 0.871094 0.378906 0.871094 0.382812 0.876953 0.382812 0.882812 0.384766 0.878906 0.390625 0.878906 0.392578 0.875000 0.406250 0.875000 0.408203 0.876953 0.408203 0.882812 0.410156 0.884766 0.408203 0.888672 0.410156 0.886719 0.412109 0.888672 0.414062 0.886719 0.417969 0.886719 0.419922 0.888672 0.419922 0.892578 0.421875 0.896484 0.425781 0.900391 0.427734 0.900391 0.427734 0.890625 0.423828 0.886719 0.423828 0.882812 0.419922 0.876953 0.417969 0.867188 0.416016 0.867188 0.412109 0.861328 0.412109 0.857422
0 0.478516 0.849609 0.484375 0.849609 0.486328 0.851562 0.488281 0.851562 0.490234 0.853516 0.490234 0.855469 0.492188 0.857422 0.507812 0.857422 0.507812 0.853516 0.503906 0.853516 0.501953 0.855469 0.500000 0.853516 0.500000 0.851562 0.486328 0.851562 0.484375 0.849609
0 0.431641 0.845703 0.431641 0.855469 0.433594 0.857422 0.431641 0.859375 0.431641 0.861328 0.433594 0.863281 0.433594 0.867188 0.429688 0.871094 0.427734 0.871094 0.427734 0.875000 0.429688 0.875000 0.427734 0.873047 0.431641 0.869141 0.433594 0.871094 0.433594 0.875000 0.439453 0.875000 0.441406 0.876953 0.445312 0.873047 0.443359 0.867188 0.445312 0.865234 0.449219 0.865234 0.453125 0.871094 0.453125 0.876953 0.455078 0.876953 0.457031 0.878906 0.455078 0.880859 0.453125 0.880859 0.453125 0.882812 0.449219 0.888672 0.445312 0.888672 0.455078 0.888672 0.453125 0.888672 0.451172 0.886719 0.451172 0.884766 0.453125 0.882812 0.458984 0.882812 0.460938 0.884766 0.462891 0.890625 0.466797 0.886719 0.468750 0.886719 0.472656 0.882812 0.474609 0.882812 0.476562 0.880859 0.478516 0.880859 0.482422 0.884766 0.484375 0.882812 0.486328 0.882812 0.490234 0.886719 0.490234 0.884766 0.488281 0.882812 0.490234 0.880859 0.494141 0.880859 0.496094 0.878906 0.494141 0.876953 0.480469 0.876953 0.478516 0.875000 0.478516 0.873047 0.466797 0.873047 0.464844 0.875000 0.462891 0.873047 0.462891 0.871094 0.464844 0.869141 0.464844 0.865234 0.462891 0.863281 0.466797 0.859375 0.466797 0.855469 0.468750 0.853516 0.470703 0.847656 0.464844 0.847656 0.464844 0.849609 0.462891 0.851562 0.460938 0.851562 0.458984 0.849609 0.457031 0.851562 0.453125 0.851562 0.451172 0.853516 0.445312 0.853516 0.441406 0.849609 0.441406 0.855469 0.443359 0.857422 0.443359 0.859375 0.441406 0.861328 0.437500 0.857422 0.437500 0.853516 0.435547 0.853516 0.433594 0.851562 0.433594 0.847656
0 0.273438 0.841797 0.273438 0.843750 0.271484 0.845703 0.269531 0.845703 0.267578 0.847656 0.267578 0.851562 0.265625 0.853516 0.263672 0.853516 0.263672 0.855469 0.265625 0.855469 0.267578 0.857422 0.267578 0.869141 0.265625 0.871094 0.263672 0.871094 0.263672 0.876953 0.265625 0.876953 0.267578 0.878906 0.267578 0.880859 0.269531 0.880859 0.269531 0.873047 0.271484 0.871094 0.271484 0.869141 0.269531 0.867188 0.269531 0.861328 0.273438 0.857422 0.275391 0.859375 0.275391 0.863281 0.277344 0.863281 0.279297 0.865234 0.279297 0.867188 0.287109 0.867188 0.291016 0.871094 0.289062 0.873047 0.291016 0.875000 0.289062 0.876953 0.287109 0.876953 0.289062 0.878906 0.292969 0.878906 0.292969 0.873047 0.291016 0.871094 0.291016 0.869141 0.292969 0.867188 0.298828 0.867188 0.296875 0.867188 0.294922 0.865234 0.294922 0.857422 0.292969 0.857422 0.291016 0.855469 0.291016 0.849609 0.289062 0.847656 0.283203 0.847656 0.281250 0.845703 0.277344 0.845703
0 0.203125 0.841797 0.205078 0.843750 0.207031 0.841797 0.208984 0.841797 0.212891 0.837891 0.212891 0.835938 0.207031 0.835938 0.205078 0.837891 0.203125 0.835938
0 0.052734 0.835938 0.052734 0.837891 0.054688 0.835938 0.056641 0.835938 0.058594 0.837891 0.058594 0.839844 0.056641 0.841797 0.052734 0.841797 0.050781 0.843750 0.048828 0.843750 0.050781 0.843750 0.052734 0.845703 0.052734 0.847656 0.054688 0.849609 0.058594 0.849609 0.062500 0.845703 0.062500 0.843750 0.064453 0.841797 0.060547 0.837891 0.060547 0.835938
0 0.998047 0.830078 0.992188 0.835938 0.990234 0.835938 0.988281 0.837891 0.988281 0.841797 0.986328 0.843750 0.992188 0.843750 0.996094 0.839844 0.996094 0.837891 0.998047 0.835938
0 0.306641 0.835938 0.306641 0.839844 0.308594 0.839844 0.314453 0.845703 0.314453 0.847656 0.312500 0.849609 0.310547 0.849609 0.308594 0.851562 0.306641 0.851562 0.308594 0.851562 0.310547 0.849609 0.318359 0.849609 0.320312 0.851562 0.320312 0.853516 0.316406 0.857422 0.314453 0.857422 0.312500 0.859375 0.314453 0.861328 0.316406 0.861328 0.318359 0.859375 0.332031 0.859375 0.333984 0.861328 0.333984 0.863281 0.335938 0.865234 0.335938 0.867188 0.347656 0.867188 0.349609 0.865234 0.351562 0.865234 0.351562 0.857422 0.353516 0.855469 0.363281 0.855469 0.361328 0.853516 0.361328 0.849609 0.353516 0.849609 0.353516 0.851562 0.351562 0.853516 0.345703 0.853516 0.343750 0.851562 0.343750 0.849609 0.339844 0.849609 0.337891 0.847656 0.337891 0.845703 0.335938 0.847656 0.332031 0.847656 0.330078 0.849609 0.328125 0.849609 0.326172 0.851562 0.324219 0.851562 0.320312 0.847656 0.320312 0.845703 0.322266 0.843750 0.326172 0.843750 0.326172 0.837891 0.328125 0.835938 0.328125 0.833984 0.322266 0.833984 0.318359 0.830078 0.316406 0.832031 0.316406 0.833984 0.314453 0.835938
0 0.751953 0.826172 0.750000 0.826172 0.750000 0.830078 0.748047 0.832031 0.746094 0.832031 0.744141 0.833984 0.742188 0.833984 0.742188 0.835938 0.740234 0.837891 0.740234 0.843750 0.738281 0.845703 0.738281 0.847656 0.736328 0.849609 0.736328 0.853516 0.734375 0.855469 0.734375 0.857422 0.730469 0.861328 0.726562 0.861328 0.726562 0.863281 0.724609 0.865234 0.724609 0.869141 0.722656 0.871094 0.720703 0.871094 0.720703 0.875000 0.718750 0.876953 0.718750 0.884766 0.720703 0.882812 0.726562 0.882812 0.728516 0.880859 0.730469 0.880859 0.730469 0.876953 0.732422 0.875000 0.732422 0.863281 0.734375 0.861328 0.734375 0.859375 0.736328 0.857422 0.738281 0.857422 0.740234 0.855469 0.744141 0.855469 0.746094 0.857422 0.746094 0.863281 0.748047 0.863281 0.748047 0.861328 0.750000 0.859375 0.750000 0.857422 0.751953 0.855469 0.753906 0.855469 0.755859 0.853516 0.757812 0.855469 0.757812 0.851562 0.759766 0.849609 0.761719 0.849609 0.763672 0.847656 0.761719 0.845703 0.761719 0.839844 0.763672 0.837891 0.761719 0.835938 0.759766 0.835938 0.753906 0.830078 0.753906 0.828125
0 0.794922 0.824219 0.794922 0.826172 0.792969 0.828125 0.792969 0.830078 0.794922 0.828125 0.796875 0.830078 0.796875 0.832031 0.794922 0.833984 0.796875 0.835938 0.796875 0.843750 0.798828 0.841797 0.800781 0.841797 0.806641 0.835938 0.808594 0.837891 0.810547 0.837891 0.812500 0.839844 0.812500 0.843750 0.816406 0.843750 0.818359 0.845703 0.820312 0.845703 0.822266 0.847656 0.826172 0.843750 0.828125 0.843750 0.826172 0.841797 0.822266 0.845703 0.818359 0.845703 0.816406 0.843750 0.816406 0.837891 0.812500 0.837891 0.810547 0.835938 0.810547 0.833984 0.804688 0.828125 0.802734 0.828125 0.800781 0.826172 0.800781 0.824219
0 0.474609 0.822266 0.474609 0.826172 0.476562 0.826172 0.478516 0.824219 0.480469 0.824219 0.482422 0.826172 0.480469 0.828125 0.480469 0.830078 0.482422 0.832031 0.478516 0.835938 0.478516 0.837891 0.476562 0.839844 0.474609 0.839844 0.474609 0.841797 0.480469 0.841797 0.482422 0.843750 0.503906 0.843750 0.503906 0.841797 0.500000 0.837891 0.500000 0.833984 0.501953 0.832031 0.503906 0.832031 0.505859 0.830078 0.503906 0.828125 0.501953 0.828125 0.500000 0.826172 0.494141 0.826172 0.494141 0.832031 0.492188 0.833984 0.490234 0.832031 0.490234 0.828125 0.486328 0.824219 0.486328 0.822266
0 0.144531 0.816406 0.142578 0.818359 0.142578 0.824219 0.140625 0.826172 0.140625 0.830078 0.142578 0.830078 0.144531 0.832031 0.148438 0.832031 0.150391 0.833984 0.154297 0.833984 0.156250 0.832031 0.156250 0.830078 0.158203 0.828125 0.158203 0.826172 0.160156 0.824219 0.160156 0.820312 0.156250 0.820312 0.154297 0.818359 0.146484 0.818359
0 0.964844 0.832031 0.962891 0.830078 0.960938 0.830078 0.958984 0.828125 0.957031 0.828125 0.953125 0.824219 0.947266 0.824219 0.943359 0.820312 0.941406 0.820312 0.939453 0.818359 0.933594 0.818359 0.931641 0.816406 0.929688 0.816406 0.927734 0.814453 0.929688 0.816406 0.927734 0.818359 0.927734 0.820312 0.929688 0.822266 0.929688 0.824219 0.925781 0.828125 0.921875 0.828125 0.919922 0.830078 0.919922 0.832031 0.917969 0.833984 0.917969 0.835938 0.916016 0.837891 0.916016 0.843750 0.914062 0.845703 0.910156 0.845703 0.912109 0.847656 0.912109 0.851562 0.914062 0.851562 0.916016 0.853516 0.916016 0.855469 0.927734 0.855469 0.929688 0.853516 0.933594 0.853516 0.941406 0.845703 0.949219 0.845703 0.949219 0.841797 0.947266 0.839844 0.947266 0.837891 0.943359 0.833984 0.943359 0.832031 0.941406 0.832031 0.939453 0.830078 0.939453 0.828125 0.941406 0.826172 0.943359 0.826172 0.945312 0.828125 0.947266 0.828125 0.949219 0.830078 0.955078 0.830078 0.958984 0.833984 0.964844 0.833984
0 0.064453 0.814453 0.062500 0.816406 0.062500 0.818359 0.060547 0.820312 0.058594 0.818359 0.058594 0.816406 0.056641 0.818359 0.052734 0.818359 0.048828 0.822266 0.048828 0.830078 0.046875 0.832031 0.048828 0.830078 0.052734 0.830078 0.054688 0.828125 0.062500 0.828125 0.062500 0.822266 0.064453 0.820312
0 0.294922 0.800781 0.292969 0.802734 0.292969 0.812500 0.291016 0.814453 0.289062 0.814453 0.289062 0.824219 0.289062 0.822266 0.291016 0.820312 0.291016 0.818359 0.292969 0.816406 0.292969 0.812500 0.296875 0.808594 0.296875 0.806641 0.298828 0.804688 0.304688 0.804688 0.306641 0.806641 0.306641 0.812500 0.304688 0.814453 0.302734 0.814453 0.300781 0.816406 0.300781 0.820312 0.302734 0.822266 0.310547 0.822266 0.310547 0.820312 0.314453 0.816406 0.314453 0.804688 0.312500 0.802734 0.310547 0.802734 0.306641 0.806641 0.304688 0.804688 0.302734 0.804688 0.300781 0.802734 0.300781 0.800781 0.298828 0.802734 0.296875 0.800781
0 0.582031 0.798828 0.580078 0.798828 0.580078 0.802734 0.578125 0.804688 0.574219 0.798828 0.572266 0.800781 0.570312 0.800781 0.568359 0.802734 0.568359 0.804688 0.564453 0.808594 0.562500 0.806641 0.560547 0.806641 0.562500 0.808594 0.562500 0.812500 0.564453 0.814453 0.564453 0.818359 0.562500 0.820312 0.558594 0.814453 0.550781 0.814453 0.550781 0.816406 0.548828 0.818359 0.542969 0.818359 0.546875 0.822266 0.548828 0.822266 0.554688 0.826172 0.552734 0.828125 0.550781 0.828125 0.550781 0.830078 0.556641 0.830078 0.558594 0.828125 0.560547 0.830078 0.560547 0.832031 0.556641 0.835938 0.554688 0.835938 0.552734 0.837891 0.548828 0.837891 0.546875 0.835938 0.546875 0.839844 0.541016 0.845703 0.542969 0.851562 0.546875 0.851562 0.550781 0.855469 0.548828 0.857422 0.544922 0.857422 0.548828 0.861328 0.548828 0.863281 0.558594 0.863281 0.558594 0.859375 0.552734 0.855469 0.556641 0.851562 0.556641 0.849609 0.558594 0.847656 0.564453 0.847656 0.566406 0.845703 0.574219 0.845703 0.574219 0.841797 0.574219 0.843750 0.572266 0.845703 0.566406 0.845703 0.564453 0.847656 0.560547 0.841797 0.560547 0.839844 0.562500 0.837891 0.564453 0.839844 0.568359 0.839844 0.568359 0.837891 0.570312 0.835938 0.572266 0.835938 0.576172 0.832031 0.582031 0.832031 0.583984 0.833984 0.583984 0.843750 0.583984 0.841797 0.587891 0.837891 0.591797 0.837891 0.591797 0.833984 0.593750 0.832031 0.599609 0.832031 0.601562 0.833984 0.603516 0.833984 0.603516 0.830078 0.599609 0.830078 0.595703 0.826172 0.585938 0.826172 0.580078 0.820312 0.580078 0.814453 0.578125 0.812500 0.578125 0.806641 0.583984 0.802734 0.582031 0.800781
0 0.537109 0.798828 0.541016 0.802734 0.541016 0.804688 0.542969 0.804688 0.546875 0.808594 0.552734 0.808594 0.552734 0.806641 0.554688 0.804688 0.554688 0.798828
0 0.738281 0.789062 0.736328 0.791016 0.736328 0.792969 0.734375 0.794922 0.734375 0.796875 0.738281 0.800781 0.738281 0.802734 0.742188 0.806641 0.742188 0.808594 0.744141 0.808594 0.746094 0.806641 0.744141 0.804688 0.744141 0.802734 0.746094 0.800781 0.746094 0.798828 0.744141 0.796875 0.742188 0.796875 0.740234 0.794922 0.740234 0.789062
0 0.972656 0.787109 0.972656 0.789062 0.976562 0.789062 0.978516 0.791016 0.982422 0.791016 0.984375 0.792969 0.984375 0.796875 0.986328 0.796875 0.988281 0.798828 0.992188 0.798828 0.990234 0.798828 0.986328 0.794922 0.986328 0.791016 0.984375 0.789062 0.982422 0.789062 0.980469 0.787109
0 0.054688 0.787109 0.054688 0.792969 0.052734 0.794922 0.052734 0.800781 0.050781 0.802734 0.048828 0.802734 0.048828 0.808594 0.050781 0.808594 0.052734 0.810547 0.058594 0.810547 0.054688 0.810547 0.052734 0.808594 0.052734 0.804688 0.054688 0.802734 0.056641 0.802734 0.054688 0.800781 0.054688 0.791016 0.056641 0.789062 0.058594 0.789062 0.056641 0.789062
0 0.501953 0.794922 0.500000 0.792969 0.492188 0.792969 0.490234 0.791016 0.494141 0.787109 0.496094 0.787109 0.490234 0.787109 0.488281 0.785156 0.486328 0.787109 0.486328 0.791016 0.484375 0.792969 0.484375 0.794922 0.486328 0.796875 0.488281 0.794922 0.490234 0.796875 0.490234 0.798828 0.488281 0.800781 0.472656 0.800781 0.470703 0.798828 0.468750 0.798828 0.466797 0.800781 0.466797 0.802734 0.460938 0.808594 0.462891 0.810547 0.466797 0.810547 0.468750 0.812500 0.470703 0.812500 0.472656 0.814453 0.474609 0.812500 0.476562 0.812500 0.476562 0.808594 0.472656 0.808594 0.470703 0.806641 0.472656 0.804688 0.478516 0.804688 0.482422 0.808594 0.484375 0.806641 0.486328 0.806641 0.488281 0.808594 0.490234 0.808594 0.492188 0.810547 0.490234 0.812500 0.490234 0.818359 0.496094 0.818359 0.496094 0.816406 0.498047 0.814453 0.501953 0.814453 0.500000 0.812500 0.501953 0.810547 0.503906 0.810547 0.503906 0.804688 0.501953 0.804688 0.500000 0.806641 0.498047 0.804688 0.498047 0.800781 0.500000 0.798828 0.500000 0.796875
0 0.378906 0.783203 0.376953 0.785156 0.375000 0.785156 0.371094 0.789062 0.369141 0.789062 0.367188 0.791016 0.365234 0.791016 0.363281 0.792969 0.355469 0.792969 0.355469 0.794922 0.347656 0.802734 0.341797 0.802734 0.341797 0.808594 0.333984 0.816406 0.332031 0.816406 0.330078 0.814453 0.328125 0.814453 0.326172 0.816406 0.326172 0.818359 0.328125 0.816406 0.335938 0.816406 0.337891 0.818359 0.343750 0.818359 0.345703 0.820312 0.347656 0.820312 0.349609 0.822266 0.351562 0.822266 0.351562 0.818359 0.349609 0.816406 0.349609 0.808594 0.355469 0.802734 0.359375 0.802734 0.361328 0.800781 0.363281 0.800781 0.363281 0.798828 0.376953 0.785156 0.378906 0.785156
0 0.332031 0.783203 0.332031 0.789062 0.333984 0.789062 0.335938 0.791016 0.339844 0.791016 0.339844 0.789062 0.341797 0.787109 0.343750 0.787109 0.337891 0.787109 0.335938 0.785156 0.333984 0.785156
0 0.691406 0.777344 0.691406 0.792969 0.693359 0.792969 0.693359 0.787109 0.695312 0.785156 0.695312 0.781250
0 0.015625 0.775391 0.013672 0.775391 0.015625 0.777344 0.015625 0.779297 0.013672 0.781250 0.011719 0.779297 0.009766 0.779297 0.009766 0.781250 0.007812 0.783203 0.005859 0.781250 0.007812 0.783203 0.007812 0.785156 0.003906 0.789062 0.001953 0.787109 0.001953 0.785156 0.000000 0.785156 0.000000 0.822266 0.001953 0.824219 0.001953 0.828125 0.003906 0.828125 0.005859 0.830078 0.005859 0.832031 0.009766 0.835938 0.009766 0.837891 0.005859 0.841797 0.005859 0.845703 0.003906 0.847656 0.001953 0.847656 0.001953 0.859375 0.003906 0.859375 0.005859 0.861328 0.005859 0.859375 0.003906 0.857422 0.003906 0.855469 0.005859 0.853516 0.007812 0.853516 0.015625 0.845703 0.017578 0.845703 0.019531 0.843750 0.019531 0.841797 0.021484 0.839844 0.021484 0.832031 0.019531 0.832031 0.015625 0.828125 0.015625 0.824219 0.013672 0.822266 0.015625 0.820312 0.015625 0.816406 0.013672 0.816406 0.011719 0.814453 0.011719 0.812500 0.013672 0.810547 0.015625 0.810547 0.015625 0.802734 0.013672 0.800781 0.015625 0.798828 0.015625 0.794922 0.017578 0.792969 0.019531 0.792969 0.021484 0.791016 0.021484 0.787109 0.017578 0.787109 0.015625 0.785156
0 0.632812 0.773438 0.628906 0.773438 0.626953 0.775391 0.626953 0.781250 0.625000 0.783203 0.623047 0.783203 0.623047 0.785156 0.625000 0.785156 0.626953 0.787109 0.630859 0.787109 0.630859 0.779297 0.632812 0.777344
0 0.121094 0.771484 0.117188 0.771484 0.115234 0.773438 0.113281 0.773438 0.113281 0.775391 0.115234 0.775391 0.117188 0.777344 0.117188 0.781250 0.119141 0.783203 0.123047 0.779297 0.123047 0.777344 0.121094 0.775391
0 0.222656 0.763672 0.222656 0.767578 0.224609 0.769531 0.226562 0.769531 0.228516 0.771484 0.230469 0.771484 0.232422 0.769531 0.232422 0.767578 0.230469 0.765625 0.230469 0.763672
0 0.408203 0.773438 0.412109 0.773438 0.414062 0.775391 0.414062 0.777344 0.417969 0.777344 0.419922 0.775391 0.421875 0.775391 0.423828 0.773438 0.425781 0.773438 0.425781 0.771484 0.427734 0.769531 0.429688 0.771484 0.431641 0.769531 0.429688 0.767578 0.433594 0.763672 0.433594 0.761719 0.431641 0.763672 0.427734 0.759766 0.414062 0.759766 0.414062 0.767578
0 0.576172 0.755859 0.572266 0.755859 0.570312 0.757812 0.570312 0.759766 0.568359 0.761719 0.568359 0.769531 0.572266 0.765625 0.574219 0.765625 0.576172 0.763672 0.578125 0.763672 0.578125 0.757812
0 0.244141 0.746094 0.244141 0.755859 0.246094 0.757812 0.250000 0.757812 0.251953 0.755859 0.251953 0.751953 0.253906 0.750000 0.253906 0.748047 0.251953 0.748047 0.250000 0.746094
0 0.921875 0.751953 0.921875 0.753906 0.923828 0.755859 0.927734 0.755859 0.935547 0.763672 0.935547 0.765625 0.933594 0.767578 0.929688 0.767578 0.927734 0.765625 0.925781 0.765625 0.927734 0.767578 0.927734 0.773438 0.929688 0.775391 0.931641 0.775391 0.933594 0.777344 0.937500 0.777344 0.939453 0.779297 0.941406 0.777344 0.943359 0.777344 0.947266 0.773438 0.945312 0.773438 0.943359 0.771484 0.939453 0.771484 0.937500 0.769531 0.937500 0.767578 0.939453 0.765625 0.943359 0.765625 0.945312 0.767578 0.955078 0.767578 0.955078 0.765625 0.957031 0.763672 0.960938 0.763672 0.962891 0.765625 0.960938 0.767578 0.960938 0.771484 0.962891 0.771484 0.966797 0.775391 0.970703 0.775391 0.972656 0.777344 0.976562 0.777344 0.978516 0.779297 0.982422 0.779297 0.984375 0.781250 0.986328 0.781250 0.988281 0.779297 0.988281 0.777344 0.986328 0.777344 0.982422 0.773438 0.984375 0.771484 0.994141 0.771484 0.992188 0.771484 0.990234 0.769531 0.990234 0.765625 0.988281 0.763672 0.982422 0.763672 0.980469 0.761719 0.978516 0.761719 0.978516 0.763672 0.976562 0.765625 0.970703 0.765625 0.968750 0.763672 0.962891 0.763672 0.960938 0.761719 0.958984 0.761719 0.957031 0.763672 0.955078 0.761719 0.953125 0.761719 0.951172 0.759766 0.949219 0.759766 0.947266 0.757812 0.945312 0.757812 0.943359 0.755859 0.943359 0.750000 0.941406 0.748047 0.939453 0.748047 0.937500 0.746094 0.931641 0.746094 0.929688 0.744141
0 0.675781 0.748047 0.677734 0.750000 0.681641 0.750000 0.683594 0.751953 0.699219 0.751953 0.703125 0.755859 0.701172 0.757812 0.701172 0.759766 0.703125 0.759766 0.705078 0.761719 0.705078 0.767578 0.708984 0.767578 0.708984 0.765625 0.707031 0.763672 0.708984 0.761719 0.710938 0.761719 0.707031 0.757812 0.705078 0.757812 0.703125 0.755859 0.703125 0.753906 0.701172 0.751953 0.693359 0.751953 0.689453 0.748047 0.681641 0.748047 0.679688 0.746094 0.679688 0.744141
0 0.070312 0.740234 0.070312 0.742188 0.068359 0.744141 0.066406 0.744141 0.066406 0.753906 0.064453 0.755859 0.066406 0.753906 0.068359 0.753906 0.070312 0.755859 0.068359 0.757812 0.068359 0.763672 0.066406 0.765625 0.066406 0.769531 0.068359 0.769531 0.070312 0.771484 0.070312 0.773438 0.066406 0.777344 0.064453 0.777344 0.062500 0.775391 0.064453 0.777344 0.070312 0.777344 0.070312 0.775391 0.072266 0.773438 0.074219 0.773438 0.076172 0.771484 0.078125 0.771484 0.080078 0.773438 0.082031 0.773438 0.083984 0.775391 0.085938 0.775391 0.087891 0.777344 0.091797 0.773438 0.093750 0.773438 0.093750 0.767578 0.091797 0.767578 0.089844 0.765625 0.089844 0.763672 0.083984 0.763672 0.082031 0.761719 0.082031 0.759766 0.074219 0.759766 0.072266 0.757812 0.072266 0.755859 0.070312 0.755859 0.068359 0.753906 0.068359 0.751953 0.070312 0.750000 0.072266 0.750000 0.072266 0.740234
0 0.949219 0.740234 0.949219 0.742188 0.947266 0.744141 0.947266 0.746094 0.951172 0.746094 0.953125 0.744141 0.955078 0.746094 0.957031 0.746094 0.958984 0.748047 0.958984 0.750000 0.960938 0.750000 0.964844 0.746094 0.966797 0.746094 0.968750 0.748047 0.964844 0.751953 0.966797 0.751953 0.970703 0.755859 0.970703 0.751953 0.972656 0.750000 0.976562 0.750000 0.974609 0.748047 0.972656 0.748047 0.970703 0.746094 0.970703 0.742188 0.968750 0.742188 0.966797 0.740234 0.964844 0.740234 0.962891 0.738281 0.960938 0.738281 0.958984 0.736328 0.957031 0.738281 0.955078 0.738281 0.953125 0.740234 0.951172 0.738281
0 0.166016 0.736328 0.166016 0.738281 0.162109 0.742188 0.160156 0.742188 0.162109 0.744141 0.164062 0.744141 0.166016 0.746094 0.164062 0.748047 0.162109 0.748047 0.162109 0.750000 0.164062 0.750000 0.166016 0.751953 0.167969 0.751953 0.167969 0.750000 0.166016 0.750000 0.164062 0.748047 0.166016 0.746094 0.169922 0.746094 0.171875 0.748047 0.175781 0.748047 0.175781 0.746094 0.173828 0.744141 0.167969 0.744141 0.166016 0.742188 0.166016 0.740234 0.167969 0.738281 0.167969 0.736328
0 0.681641 0.734375 0.683594 0.736328 0.685547 0.736328 0.687500 0.738281 0.687500 0.740234 0.689453 0.742188 0.689453 0.744141 0.691406 0.744141 0.695312 0.740234 0.703125 0.740234 0.705078 0.738281 0.708984 0.738281 0.710938 0.740234 0.712891 0.740234 0.714844 0.742188 0.716797 0.742188 0.714844 0.742188 0.710938 0.738281 0.707031 0.738281 0.705078 0.736328 0.699219 0.736328 0.697266 0.734375 0.691406 0.734375 0.689453 0.732422 0.683594 0.732422
0 0.392578 0.732422 0.392578 0.740234 0.394531 0.738281 0.398438 0.738281 0.400391 0.740234 0.406250 0.740234 0.408203 0.742188 0.412109 0.742188 0.412109 0.738281 0.410156 0.738281 0.408203 0.740234 0.406250 0.740234 0.404297 0.738281 0.402344 0.738281 0.400391 0.736328 0.400391 0.732422
0 0.015625 0.732422 0.013672 0.732422 0.013672 0.734375 0.011719 0.736328 0.009766 0.736328 0.009766 0.738281 0.007812 0.740234 0.000000 0.740234 0.000000 0.753906 0.003906 0.753906 0.003906 0.751953 0.007812 0.748047 0.007812 0.744141 0.009766 0.742188 0.011719 0.742188 0.011719 0.736328 0.013672 0.734375 0.015625 0.734375
0 0.726562 0.732422 0.726562 0.734375 0.728516 0.734375 0.732422 0.738281 0.732422 0.744141 0.732422 0.742188 0.736328 0.738281 0.738281 0.738281 0.740234 0.740234 0.740234 0.742188 0.738281 0.744141 0.738281 0.748047 0.742188 0.751953 0.748047 0.751953 0.750000 0.753906 0.753906 0.750000 0.755859 0.751953 0.755859 0.755859 0.757812 0.755859 0.763672 0.759766 0.765625 0.759766 0.767578 0.757812 0.769531 0.757812 0.771484 0.759766 0.775391 0.759766 0.783203 0.767578 0.783203 0.769531 0.779297 0.773438 0.777344 0.773438 0.775391 0.775391 0.769531 0.775391 0.767578 0.777344 0.769531 0.779297 0.771484 0.779297 0.775391 0.785156 0.775391 0.798828 0.779297 0.798828 0.781250 0.796875 0.781250 0.792969 0.783203 0.791016 0.783203 0.789062 0.791016 0.779297 0.791016 0.771484 0.789062 0.769531 0.789062 0.767578 0.785156 0.767578 0.783203 0.765625 0.785156 0.763672 0.787109 0.763672 0.787109 0.761719 0.783203 0.761719 0.781250 0.759766 0.779297 0.753906 0.777344 0.751953 0.775391 0.753906 0.773438 0.751953 0.773438 0.748047 0.775391 0.746094 0.781250 0.748047 0.777344 0.744141 0.769531 0.751953 0.769531 0.753906 0.771484 0.755859 0.769531 0.757812 0.767578 0.757812 0.765625 0.755859 0.763672 0.755859 0.761719 0.753906 0.761719 0.751953 0.759766 0.751953 0.748047 0.740234 0.750000 0.738281 0.750000 0.734375 0.746094 0.730469 0.744141 0.730469 0.742188 0.728516 0.738281 0.728516 0.740234 0.730469 0.740234 0.732422 0.738281 0.734375 0.736328 0.734375 0.732422 0.730469 0.730469 0.732422
0 0.078125 0.728516 0.078125 0.730469 0.082031 0.730469 0.083984 0.732422 0.083984 0.734375 0.089844 0.734375 0.091797 0.736328 0.091797 0.738281 0.093750 0.738281 0.095703 0.740234 0.095703 0.742188 0.101562 0.742188 0.101562 0.740234 0.099609 0.738281 0.095703 0.738281 0.091797 0.734375 0.089844 0.734375 0.087891 0.732422 0.085938 0.732422 0.083984 0.730469 0.083984 0.728516
0 0.687500 0.726562 0.687500 0.728516 0.695312 0.728516 0.697266 0.730469 0.705078 0.730469 0.707031 0.732422 0.720703 0.732422 0.718750 0.730469 0.714844 0.730469 0.712891 0.728516 0.710938 0.728516 0.708984 0.726562 0.707031 0.726562 0.705078 0.728516 0.703125 0.726562
0 0.613281 0.718750 0.609375 0.718750 0.609375 0.720703 0.607422 0.722656 0.603516 0.722656 0.599609 0.726562 0.599609 0.732422 0.595703 0.736328 0.591797 0.736328 0.591797 0.740234 0.595703 0.740234 0.597656 0.742188 0.597656 0.744141 0.599609 0.744141 0.601562 0.746094 0.599609 0.748047 0.601562 0.750000 0.601562 0.751953 0.599609 0.753906 0.601562 0.751953 0.603516 0.751953 0.605469 0.753906 0.605469 0.757812 0.599609 0.763672 0.599609 0.783203 0.601562 0.781250 0.603516 0.781250 0.607422 0.785156 0.607422 0.787109 0.605469 0.789062 0.601562 0.789062 0.599609 0.787109 0.595703 0.787109 0.595703 0.789062 0.597656 0.791016 0.595703 0.792969 0.595703 0.794922 0.597656 0.792969 0.599609 0.792969 0.603516 0.789062 0.605469 0.791016 0.607422 0.791016 0.607422 0.787109 0.609375 0.785156 0.611328 0.785156 0.609375 0.785156 0.603516 0.779297 0.603516 0.777344 0.607422 0.773438 0.607422 0.771484 0.605469 0.769531 0.607422 0.767578 0.607422 0.763672 0.609375 0.761719 0.609375 0.759766 0.611328 0.757812 0.613281 0.757812 0.613281 0.750000 0.615234 0.748047 0.611328 0.748047 0.607422 0.744141 0.611328 0.740234 0.613281 0.740234 0.613281 0.736328 0.617188 0.732422 0.619141 0.732422 0.619141 0.728516 0.607422 0.728516 0.605469 0.726562 0.607422 0.724609 0.611328 0.724609 0.613281 0.722656
0 0.570312 0.720703 0.572266 0.720703 0.574219 0.722656 0.574219 0.724609 0.578125 0.724609 0.580078 0.722656 0.583984 0.722656 0.585938 0.724609 0.587891 0.722656 0.591797 0.726562 0.591797 0.728516 0.593750 0.728516 0.593750 0.722656 0.587891 0.722656 0.585938 0.720703 0.585938 0.718750 0.583984 0.718750 0.582031 0.720703 0.580078 0.720703 0.578125 0.718750 0.574219 0.718750 0.572266 0.720703
0 0.976562 0.710938 0.974609 0.710938 0.972656 0.708984 0.972656 0.710938 0.970703 0.712891 0.958984 0.712891 0.957031 0.714844 0.953125 0.714844 0.953125 0.720703 0.955078 0.722656 0.958984 0.722656 0.960938 0.724609 0.966797 0.724609 0.964844 0.724609 0.962891 0.722656 0.966797 0.718750 0.970703 0.718750 0.968750 0.716797 0.968750 0.714844 0.972656 0.710938
0 0.402344 0.707031 0.404297 0.707031 0.406250 0.708984 0.406250 0.710938 0.412109 0.710938 0.414062 0.712891 0.414062 0.714844 0.416016 0.714844 0.417969 0.716797 0.417969 0.718750 0.421875 0.722656 0.429688 0.722656 0.431641 0.724609 0.431641 0.726562 0.433594 0.726562 0.433594 0.722656 0.431641 0.720703 0.427734 0.720703 0.425781 0.718750 0.425781 0.716797 0.421875 0.716797 0.419922 0.714844 0.419922 0.712891 0.421875 0.710938 0.423828 0.710938 0.425781 0.708984 0.425781 0.705078 0.421875 0.705078 0.416016 0.699219 0.414062 0.699219 0.414062 0.703125 0.408203 0.708984 0.406250 0.707031
0 0.259766 0.697266 0.257812 0.699219 0.257812 0.705078 0.263672 0.710938 0.263672 0.712891 0.261719 0.714844 0.257812 0.714844 0.255859 0.716797 0.253906 0.716797 0.251953 0.714844 0.248047 0.714844 0.246094 0.712891 0.246094 0.714844 0.251953 0.714844 0.253906 0.716797 0.253906 0.718750 0.263672 0.718750 0.265625 0.720703 0.265625 0.722656 0.269531 0.722656 0.271484 0.724609 0.269531 0.726562 0.267578 0.726562 0.269531 0.726562 0.273438 0.730469 0.271484 0.732422 0.271484 0.734375 0.273438 0.734375 0.275391 0.736328 0.277344 0.736328 0.277344 0.734375 0.279297 0.732422 0.279297 0.728516 0.281250 0.726562 0.279297 0.724609 0.279297 0.720703 0.283203 0.716797 0.281250 0.714844 0.281250 0.712891 0.279297 0.712891 0.279297 0.714844 0.275391 0.718750 0.273438 0.716797 0.271484 0.716797 0.269531 0.718750 0.267578 0.718750 0.265625 0.716797 0.265625 0.710938 0.267578 0.708984 0.273438 0.708984 0.275391 0.710938 0.271484 0.707031 0.271484 0.705078 0.269531 0.705078 0.263672 0.699219 0.263672 0.697266
0 0.667969 0.695312 0.662109 0.695312 0.664062 0.697266 0.662109 0.699219 0.658203 0.699219 0.658203 0.701172 0.656250 0.703125 0.656250 0.705078 0.654297 0.707031 0.650391 0.707031 0.650391 0.708984 0.648438 0.710938 0.650391 0.712891 0.652344 0.712891 0.656250 0.708984 0.658203 0.708984 0.660156 0.710938 0.660156 0.714844 0.662109 0.712891 0.664062 0.714844 0.664062 0.712891 0.666016 0.710938 0.666016 0.703125 0.664062 0.701172 0.666016 0.699219 0.666016 0.697266
0 0.531250 0.691406 0.529297 0.691406 0.527344 0.689453 0.525391 0.691406 0.521484 0.691406 0.519531 0.693359 0.517578 0.693359 0.517578 0.701172 0.513672 0.705078 0.509766 0.705078 0.507812 0.703125 0.507812 0.693359 0.505859 0.693359 0.503906 0.695312 0.501953 0.695312 0.503906 0.697266 0.503906 0.710938 0.501953 0.712891 0.503906 0.714844 0.503906 0.716797 0.505859 0.714844 0.507812 0.714844 0.509766 0.716797 0.511719 0.716797 0.515625 0.712891 0.515625 0.707031 0.517578 0.705078 0.519531 0.705078 0.519531 0.695312 0.521484 0.693359 0.525391 0.697266 0.525391 0.705078 0.525391 0.701172 0.527344 0.699219 0.529297 0.701172 0.531250 0.699219
0 0.167969 0.691406 0.173828 0.697266 0.173828 0.703125 0.183594 0.703125 0.185547 0.705078 0.187500 0.705078 0.191406 0.708984 0.191406 0.710938 0.193359 0.710938 0.195312 0.712891 0.195312 0.707031 0.193359 0.707031 0.191406 0.705078 0.189453 0.707031 0.185547 0.703125 0.183594 0.703125 0.181641 0.701172 0.177734 0.701172 0.175781 0.699219 0.177734 0.697266 0.185547 0.697266 0.185547 0.695312 0.183594 0.693359 0.181641 0.693359 0.179688 0.691406 0.177734 0.693359 0.175781 0.691406 0.173828 0.691406 0.171875 0.689453 0.169922 0.689453
0 0.339844 0.687500 0.341797 0.689453 0.341797 0.687500 0.343750 0.685547 0.345703 0.687500 0.347656 0.687500 0.349609 0.685547 0.351562 0.687500 0.355469 0.687500 0.357422 0.689453 0.361328 0.689453 0.365234 0.693359 0.369141 0.693359 0.371094 0.695312 0.371094 0.699219 0.373047 0.697266 0.373047 0.695312 0.375000 0.693359 0.376953 0.693359 0.378906 0.695312 0.380859 0.695312 0.382812 0.693359 0.384766 0.693359 0.384766 0.691406 0.382812 0.689453 0.378906 0.689453 0.375000 0.693359 0.371094 0.693359 0.369141 0.691406 0.369141 0.689453 0.361328 0.689453 0.359375 0.687500 0.359375 0.683594 0.359375 0.685547 0.357422 0.687500 0.355469 0.685547 0.349609 0.685547 0.347656 0.683594 0.345703 0.683594 0.343750 0.681641 0.341797 0.681641 0.341797 0.685547
0 0.187500 0.675781 0.187500 0.677734 0.193359 0.683594 0.193359 0.687500 0.203125 0.687500 0.203125 0.683594 0.199219 0.679688 0.197266 0.679688 0.195312 0.677734 0.191406 0.677734 0.189453 0.675781
0 0.470703 0.673828 0.466797 0.673828 0.462891 0.677734 0.460938 0.677734 0.460938 0.679688 0.458984 0.681641 0.455078 0.681641 0.458984 0.681641 0.462891 0.677734 0.464844 0.677734 0.466797 0.679688 0.466797 0.683594 0.468750 0.681641 0.472656 0.681641 0.474609 0.683594 0.474609 0.687500 0.472656 0.689453 0.470703 0.687500 0.468750 0.689453 0.466797 0.689453 0.466797 0.691406 0.462891 0.695312 0.460938 0.695312 0.457031 0.699219 0.457031 0.703125 0.458984 0.705078 0.464844 0.705078 0.464844 0.701172 0.468750 0.697266 0.470703 0.697266 0.470703 0.695312 0.474609 0.691406 0.476562 0.691406 0.474609 0.689453 0.474609 0.683594 0.472656 0.681641 0.472656 0.675781
0 0.361328 0.669922 0.361328 0.671875 0.363281 0.671875 0.365234 0.673828 0.365234 0.679688 0.367188 0.679688 0.371094 0.675781 0.373047 0.675781 0.369141 0.671875 0.365234 0.671875 0.363281 0.669922
0 0.980469 0.666016 0.978516 0.664062 0.974609 0.664062 0.972656 0.666016 0.972656 0.667969 0.970703 0.669922 0.972656 0.671875 0.974609 0.671875 0.974609 0.669922 0.976562 0.667969 0.978516 0.667969
0 0.556641 0.664062 0.556641 0.673828 0.552734 0.677734 0.552734 0.679688 0.552734 0.677734 0.556641 0.673828 0.564453 0.673828 0.564453 0.671875 0.566406 0.669922 0.572266 0.669922 0.574219 0.671875 0.576172 0.671875 0.578125 0.673828 0.580078 0.673828 0.582031 0.675781 0.582031 0.681641 0.585938 0.685547 0.589844 0.685547 0.589844 0.683594 0.587891 0.683594 0.585938 0.681641 0.585938 0.675781 0.583984 0.675781 0.582031 0.673828 0.582031 0.671875 0.580078 0.671875 0.578125 0.669922 0.578125 0.667969 0.576172 0.667969 0.574219 0.669922 0.572266 0.669922 0.570312 0.667969 0.564453 0.667969 0.560547 0.664062
0 0.341797 0.658203 0.339844 0.658203 0.337891 0.660156 0.335938 0.660156 0.333984 0.658203 0.333984 0.660156 0.337891 0.664062 0.335938 0.666016 0.335938 0.667969 0.337891 0.667969 0.341797 0.664062
0 0.591797 0.656250 0.591797 0.662109 0.599609 0.662109 0.603516 0.658203 0.605469 0.660156 0.607422 0.660156 0.607422 0.656250
0 0.679688 0.652344 0.681641 0.654297 0.681641 0.656250 0.679688 0.658203 0.679688 0.662109 0.683594 0.658203 0.685547 0.658203 0.689453 0.662109 0.689453 0.666016 0.693359 0.666016 0.695312 0.667969 0.701172 0.667969 0.703125 0.666016 0.703125 0.656250 0.701172 0.654297 0.699219 0.654297 0.697266 0.652344
0 0.546875 0.654297 0.544922 0.652344 0.542969 0.654297 0.541016 0.654297 0.539062 0.656250 0.537109 0.656250 0.537109 0.660156 0.535156 0.662109 0.539062 0.662109 0.539062 0.660156 0.541016 0.658203 0.546875 0.658203
0 0.566406 0.640625 0.566406 0.642578 0.568359 0.644531 0.568359 0.648438 0.566406 0.650391 0.574219 0.650391 0.576172 0.652344 0.578125 0.652344 0.580078 0.654297 0.582031 0.654297 0.583984 0.652344 0.585938 0.652344 0.587891 0.650391 0.599609 0.650391 0.599609 0.646484 0.597656 0.644531 0.595703 0.644531 0.593750 0.646484 0.587891 0.646484 0.585938 0.644531 0.580078 0.644531 0.578125 0.646484 0.576172 0.646484 0.574219 0.648438 0.572266 0.646484 0.572266 0.642578 0.574219 0.640625
0 0.695312 0.636719 0.695312 0.638672 0.693359 0.640625 0.691406 0.640625 0.691406 0.646484 0.693359 0.646484 0.695312 0.644531 0.699219 0.648438 0.701172 0.646484 0.701172 0.644531 0.703125 0.642578 0.703125 0.640625 0.697266 0.640625 0.695312 0.638672
0 0.539062 0.634766 0.539062 0.638672 0.541016 0.640625 0.541016 0.646484 0.544922 0.646484 0.546875 0.644531 0.546875 0.642578 0.542969 0.642578 0.541016 0.640625 0.542969 0.638672 0.544922 0.638672 0.546875 0.636719 0.546875 0.634766
0 0.974609 0.632812 0.974609 0.638672 0.972656 0.640625 0.972656 0.648438 0.970703 0.650391 0.970703 0.652344 0.972656 0.652344 0.972656 0.650391 0.974609 0.648438 0.978516 0.648438 0.980469 0.650391 0.990234 0.650391 0.992188 0.652344 0.994141 0.652344 0.996094 0.650391 0.998047 0.650391 0.992188 0.650391 0.990234 0.648438 0.982422 0.648438 0.980469 0.650391 0.978516 0.648438 0.978516 0.646484 0.976562 0.646484 0.972656 0.642578 0.972656 0.640625 0.974609 0.638672
0 0.937500 0.626953 0.935547 0.625000 0.933594 0.625000 0.929688 0.621094 0.927734 0.623047 0.916016 0.623047 0.914062 0.625000 0.912109 0.625000 0.910156 0.626953 0.908203 0.626953 0.906250 0.628906 0.904297 0.628906 0.906250 0.628906 0.908203 0.626953 0.912109 0.626953 0.914062 0.625000 0.929688 0.625000 0.931641 0.626953 0.933594 0.626953 0.935547 0.628906
0 0.542969 0.607422 0.539062 0.607422 0.539062 0.611328 0.535156 0.615234 0.535156 0.621094 0.533203 0.623047 0.533203 0.625000 0.537109 0.628906 0.537109 0.630859 0.539062 0.628906 0.541016 0.628906 0.541016 0.613281 0.542969 0.611328
0 0.001953 0.591797 0.000000 0.593750 0.000000 0.621094 0.007812 0.621094 0.007812 0.591797
0 0.601562 0.589844 0.601562 0.595703 0.599609 0.597656 0.599609 0.599609 0.597656 0.601562 0.595703 0.601562 0.593750 0.599609 0.593750 0.597656 0.587891 0.597656 0.589844 0.599609 0.587891 0.601562 0.587891 0.611328 0.585938 0.613281 0.585938 0.615234 0.587891 0.617188 0.591797 0.617188 0.593750 0.619141 0.593750 0.611328 0.591797 0.609375 0.591797 0.607422 0.593750 0.605469 0.595703 0.607422 0.605469 0.607422 0.603516 0.605469 0.603516 0.591797
0 0.513672 0.583984 0.511719 0.583984 0.511719 0.587891 0.509766 0.589844 0.509766 0.595703 0.507812 0.597656 0.507812 0.609375 0.509766 0.611328 0.509766 0.609375 0.511719 0.607422 0.511719 0.597656 0.513672 0.595703
0 0.492188 0.582031 0.490234 0.582031 0.488281 0.580078 0.486328 0.580078 0.486328 0.582031 0.484375 0.583984 0.482422 0.583984 0.482422 0.591797 0.480469 0.593750 0.480469 0.595703 0.482422 0.593750 0.486328 0.593750 0.488281 0.591797 0.490234 0.591797 0.490234 0.585938 0.492188 0.583984
0 0.064453 0.578125 0.062500 0.578125 0.060547 0.576172 0.056641 0.576172 0.050781 0.582031 0.048828 0.582031 0.048828 0.583984 0.046875 0.585938 0.041016 0.585938 0.039062 0.587891 0.037109 0.587891 0.031250 0.593750 0.033203 0.593750 0.035156 0.595703 0.035156 0.597656 0.033203 0.599609 0.031250 0.599609 0.031250 0.601562 0.029297 0.603516 0.027344 0.603516 0.027344 0.609375 0.037109 0.609375 0.037109 0.607422 0.039062 0.605469 0.041016 0.605469 0.042969 0.603516 0.044922 0.603516 0.046875 0.605469 0.050781 0.601562 0.052734 0.601562 0.054688 0.599609 0.054688 0.595703 0.056641 0.593750 0.056641 0.585938 0.060547 0.582031 0.064453 0.582031
0 0.572266 0.572266 0.568359 0.572266 0.568359 0.574219 0.572266 0.574219 0.574219 0.576172 0.572266 0.578125 0.572266 0.582031 0.570312 0.583984 0.570312 0.587891 0.568359 0.589844 0.566406 0.587891 0.564453 0.587891 0.566406 0.589844 0.566406 0.595703 0.564453 0.597656 0.564453 0.603516 0.562500 0.605469 0.562500 0.611328 0.560547 0.613281 0.558594 0.613281 0.558594 0.617188 0.556641 0.619141 0.556641 0.621094 0.558594 0.623047 0.558594 0.625000 0.562500 0.625000 0.562500 0.621094 0.564453 0.619141 0.564453 0.617188 0.566406 0.615234 0.566406 0.607422 0.568359 0.605469 0.568359 0.601562 0.570312 0.599609 0.570312 0.585938 0.572266 0.583984 0.572266 0.580078 0.574219 0.578125 0.574219 0.576172 0.572266 0.574219
0 0.000000 0.564453 0.000000 0.568359 0.003906 0.572266 0.001953 0.574219 0.001953 0.576172 0.003906 0.578125 0.011719 0.578125 0.015625 0.574219 0.019531 0.574219 0.021484 0.576172 0.021484 0.580078 0.019531 0.582031 0.021484 0.583984 0.021484 0.587891 0.023438 0.585938 0.027344 0.585938 0.027344 0.583984 0.025391 0.583984 0.023438 0.582031 0.023438 0.574219 0.025391 0.572266 0.027344 0.572266 0.029297 0.570312 0.027344 0.568359 0.025391 0.568359 0.025391 0.570312 0.023438 0.572266 0.021484 0.570312 0.021484 0.568359 0.009766 0.568359 0.007812 0.566406 0.005859 0.566406 0.001953 0.562500
0 0.552734 0.542969 0.550781 0.544922 0.550781 0.550781 0.546875 0.554688 0.546875 0.564453 0.548828 0.564453 0.550781 0.566406 0.554688 0.566406 0.554688 0.562500 0.558594 0.558594 0.556641 0.558594 0.550781 0.552734 0.550781 0.550781 0.552734 0.548828
0 0.500000 0.535156 0.500000 0.542969 0.501953 0.541016 0.507812 0.541016 0.509766 0.542969 0.511719 0.542969 0.511719 0.539062 0.513672 0.537109 0.519531 0.537109 0.521484 0.539062 0.523438 0.539062 0.525391 0.541016 0.525391 0.542969 0.523438 0.544922 0.521484 0.544922 0.519531 0.542969 0.517578 0.544922 0.515625 0.544922 0.513672 0.546875 0.513672 0.548828 0.511719 0.550781 0.511719 0.554688 0.515625 0.554688 0.517578 0.552734 0.517578 0.548828 0.521484 0.544922 0.527344 0.544922 0.529297 0.546875 0.531250 0.546875 0.535156 0.550781 0.535156 0.552734 0.533203 0.554688 0.535156 0.556641 0.539062 0.556641 0.539062 0.550781 0.531250 0.542969 0.531250 0.539062 0.529297 0.541016 0.527344 0.539062 0.527344 0.533203 0.525391 0.531250 0.525391 0.527344 0.527344 0.525391 0.529297 0.527344 0.529297 0.523438 0.521484 0.523438 0.521484 0.529297 0.515625 0.535156 0.507812 0.535156 0.505859 0.533203 0.505859 0.531250 0.503906 0.531250 0.503906 0.533203 0.501953 0.535156
0 0.294922 0.509766 0.294922 0.517578 0.298828 0.517578 0.300781 0.519531 0.302734 0.519531 0.302734 0.517578 0.304688 0.515625 0.306641 0.517578 0.308594 0.517578 0.308594 0.515625 0.304688 0.511719 0.302734 0.513672 0.300781 0.511719 0.298828 0.511719 0.296875 0.509766
0 0.000000 0.505859 0.000000 0.519531 0.001953 0.519531 0.007812 0.525391 0.009766 0.525391 0.013672 0.529297 0.013672 0.531250 0.011719 0.533203 0.005859 0.533203 0.001953 0.537109 0.003906 0.539062 0.005859 0.539062 0.007812 0.537109 0.011719 0.537109 0.015625 0.533203 0.017578 0.535156 0.019531 0.535156 0.021484 0.537109 0.021484 0.535156 0.019531 0.535156 0.017578 0.533203 0.021484 0.529297 0.021484 0.527344 0.023438 0.525391 0.021484 0.527344 0.019531 0.527344 0.017578 0.525391 0.017578 0.523438 0.013672 0.523438 0.011719 0.525391 0.009766 0.523438 0.009766 0.521484 0.007812 0.521484 0.005859 0.519531 0.003906 0.519531 0.001953 0.517578 0.001953 0.509766 0.003906 0.507812 0.001953 0.507812
0 0.513672 0.486328 0.542969 0.517578 0.562500 0.527344 0.570312 0.535156 0.591797 0.539062 0.621094 0.537109 0.634766 0.531250 0.669922 0.525391 0.673828 0.521484 0.722656 0.513672 0.779297 0.513672 0.824219 0.519531 0.851562 0.529297 0.863281 0.529297 0.865234 0.533203 0.869141 0.531250 0.888672 0.539062 0.890625 0.542969 0.923828 0.552734 0.957031 0.570312 0.962891 0.570312 0.998047 0.601562 0.998047 0.582031 0.951172 0.546875 0.917969 0.535156 0.892578 0.521484 0.816406 0.498047 0.738281 0.494141 0.667969 0.503906 0.628906 0.515625 0.578125 0.519531 0.558594 0.511719 0.539062 0.492188 0.527344 0.474609 0.519531 0.484375 0.517578 0.482422
0 0.832031 0.437500 0.826172 0.437500 0.826172 0.447266 0.828125 0.449219 0.826172 0.451172 0.826172 0.462891 0.826172 0.458984 0.828125 0.457031 0.828125 0.445312 0.830078 0.443359 0.832031 0.443359
0 0.349609 0.437500 0.349609 0.439453 0.351562 0.441406 0.355469 0.441406 0.357422 0.443359 0.359375 0.443359 0.361328 0.445312 0.359375 0.447266 0.359375 0.449219 0.361328 0.449219 0.363281 0.451172 0.363281 0.455078 0.365234 0.457031 0.367188 0.457031 0.365234 0.455078 0.365234 0.453125 0.363281 0.451172 0.363281 0.449219 0.365234 0.447266 0.367188 0.447266 0.369141 0.449219 0.365234 0.445312 0.365234 0.439453 0.361328 0.435547 0.361328 0.431641 0.361328 0.435547 0.359375 0.437500
0 0.980469 0.416016 0.978516 0.417969 0.980469 0.419922 0.980469 0.425781 0.986328 0.425781 0.986328 0.419922 0.982422 0.419922 0.980469 0.417969
0 0.759766 0.414062 0.755859 0.414062 0.751953 0.417969 0.751953 0.421875 0.753906 0.423828 0.753906 0.425781 0.755859 0.425781 0.755859 0.423828 0.757812 0.421875 0.759766 0.421875 0.759766 0.419922 0.761719 0.417969 0.761719 0.416016
0 0.957031 0.404297 0.945312 0.404297 0.945312 0.408203 0.943359 0.410156 0.941406 0.408203 0.935547 0.414062 0.933594 0.412109 0.925781 0.412109 0.925781 0.416016 0.929688 0.416016 0.931641 0.417969 0.931641 0.421875 0.929688 0.423828 0.931641 0.425781 0.931641 0.421875 0.935547 0.417969 0.937500 0.419922 0.939453 0.419922 0.943359 0.416016 0.943359 0.410156 0.945312 0.408203 0.947266 0.408203 0.949219 0.410156 0.949219 0.412109 0.951172 0.412109 0.953125 0.410156 0.953125 0.408203
0 0.964844 0.400391 0.966797 0.400391 0.968750 0.402344 0.966797 0.404297 0.960938 0.404297 0.966797 0.404297 0.968750 0.406250 0.968750 0.414062 0.972656 0.417969 0.972656 0.421875 0.974609 0.419922 0.974609 0.414062 0.976562 0.412109 0.974609 0.412109 0.972656 0.410156 0.972656 0.408203 0.970703 0.408203 0.968750 0.406250 0.968750 0.400391
0 0.095703 0.396484 0.095703 0.400391 0.097656 0.402344 0.097656 0.404297 0.093750 0.408203 0.093750 0.416016 0.091797 0.417969 0.091797 0.419922 0.093750 0.421875 0.093750 0.423828 0.091797 0.425781 0.091797 0.431641 0.095703 0.435547 0.093750 0.437500 0.091797 0.437500 0.093750 0.437500 0.095703 0.439453 0.097656 0.439453 0.099609 0.437500 0.109375 0.437500 0.109375 0.435547 0.115234 0.429688 0.119141 0.429688 0.119141 0.425781 0.115234 0.429688 0.113281 0.427734 0.111328 0.429688 0.105469 0.429688 0.103516 0.431641 0.097656 0.431641 0.095703 0.429688 0.095703 0.427734 0.097656 0.425781 0.107422 0.425781 0.107422 0.423828 0.113281 0.417969 0.111328 0.416016 0.107422 0.416016 0.105469 0.417969 0.103516 0.417969 0.101562 0.419922 0.099609 0.417969 0.099609 0.408203 0.097656 0.406250 0.097656 0.402344 0.099609 0.400391 0.097656 0.398438 0.097656 0.396484
0 0.861328 0.396484 0.859375 0.394531 0.857422 0.394531 0.855469 0.396484 0.851562 0.396484 0.851562 0.402344 0.853516 0.402344 0.855469 0.400391 0.857422 0.402344 0.859375 0.402344 0.859375 0.400391 0.861328 0.398438
0 0.919922 0.388672 0.917969 0.388672 0.917969 0.394531 0.916016 0.396484 0.914062 0.396484 0.914062 0.402344 0.912109 0.404297 0.904297 0.404297 0.892578 0.416016 0.892578 0.417969 0.890625 0.419922 0.892578 0.421875 0.892578 0.423828 0.896484 0.423828 0.902344 0.417969 0.906250 0.421875 0.906250 0.423828 0.908203 0.425781 0.914062 0.425781 0.916016 0.427734 0.916016 0.412109 0.914062 0.412109 0.912109 0.410156 0.912109 0.408203 0.914062 0.406250 0.916016 0.406250 0.916016 0.398438 0.917969 0.396484 0.917969 0.390625
0 0.216797 0.386719 0.216797 0.388672 0.214844 0.390625 0.214844 0.396484 0.212891 0.398438 0.212891 0.404297 0.218750 0.404297 0.218750 0.388672
0 0.371094 0.369141 0.369141 0.371094 0.369141 0.373047 0.371094 0.375000 0.371094 0.376953 0.375000 0.380859 0.376953 0.380859 0.378906 0.382812 0.380859 0.382812 0.380859 0.375000 0.378906 0.373047 0.378906 0.371094 0.373047 0.371094
0 0.634766 0.365234 0.634766 0.369141 0.636719 0.369141 0.642578 0.375000 0.648438 0.375000 0.648438 0.373047 0.646484 0.371094 0.646484 0.369141 0.644531 0.367188 0.644531 0.361328 0.640625 0.361328 0.642578 0.363281 0.642578 0.365234 0.644531 0.367188 0.642578 0.369141 0.640625 0.369141 0.636719 0.365234
0 0.148438 0.345703 0.150391 0.347656 0.150391 0.349609 0.148438 0.351562 0.146484 0.351562 0.142578 0.355469 0.144531 0.357422 0.144531 0.359375 0.148438 0.359375 0.152344 0.363281 0.152344 0.357422 0.154297 0.355469 0.154297 0.347656 0.152344 0.345703
0 0.154297 0.330078 0.154297 0.332031 0.152344 0.333984 0.154297 0.333984 0.156250 0.335938 0.156250 0.339844 0.156250 0.337891 0.158203 0.335938 0.160156 0.337891 0.160156 0.343750 0.162109 0.345703 0.164062 0.345703 0.166016 0.347656 0.171875 0.347656 0.173828 0.349609 0.173828 0.355469 0.175781 0.357422 0.175781 0.359375 0.169922 0.365234 0.167969 0.363281 0.167969 0.355469 0.169922 0.353516 0.169922 0.351562 0.164062 0.351562 0.162109 0.349609 0.160156 0.351562 0.160156 0.353516 0.158203 0.355469 0.158203 0.357422 0.156250 0.359375 0.156250 0.373047 0.158203 0.373047 0.158203 0.371094 0.162109 0.367188 0.164062 0.367188 0.166016 0.365234 0.167969 0.365234 0.171875 0.369141 0.169922 0.371094 0.173828 0.367188 0.175781 0.369141 0.179688 0.365234 0.179688 0.363281 0.183594 0.359375 0.181641 0.357422 0.183594 0.355469 0.183594 0.351562 0.181641 0.349609 0.177734 0.349609 0.175781 0.347656 0.177734 0.345703 0.179688 0.345703 0.181641 0.343750 0.181641 0.339844 0.179688 0.337891 0.177734 0.337891 0.175781 0.339844 0.175781 0.343750 0.177734 0.345703 0.173828 0.349609 0.169922 0.345703 0.169922 0.341797 0.171875 0.339844 0.167969 0.335938 0.164062 0.335938 0.162109 0.333984 0.160156 0.335938 0.158203 0.333984 0.158203 0.330078 0.156250 0.332031
0 0.003906 0.361328 0.003906 0.419922 0.023438 0.464844 0.142578 0.541016 0.166016 0.564453 0.181641 0.593750 0.179688 0.626953 0.205078 0.644531 0.234375 0.644531 0.242188 0.632812 0.244141 0.640625 0.261719 0.636719 0.306641 0.609375 0.361328 0.556641 0.412109 0.457031 0.423828 0.414062 0.437500 0.402344 0.455078 0.404297 0.472656 0.421875 0.486328 0.455078 0.511719 0.447266 0.480469 0.392578 0.460938 0.386719 0.455078 0.378906 0.421875 0.390625 0.412109 0.398438 0.417969 0.400391 0.408203 0.408203 0.337891 0.548828 0.291016 0.595703 0.244141 0.623047 0.236328 0.634766 0.234375 0.626953 0.208984 0.630859 0.197266 0.623047 0.199219 0.607422 0.193359 0.605469 0.199219 0.580078 0.166016 0.525391 0.125000 0.490234 0.076172 0.474609 0.027344 0.441406 0.019531 0.388672 0.037109 0.332031 0.037109 0.298828 0.015625 0.312500
0 0.011719 0.269531 0.000000 0.269531 0.000000 0.287109 0.001953 0.289062 0.003906 0.289062 0.005859 0.291016 0.005859 0.289062 0.007812 0.287109 0.009766 0.287109 0.009766 0.281250 0.011719 0.279297 0.013672 0.279297 0.013672 0.271484
0 0.023438 0.148438 0.021484 0.148438 0.019531 0.150391 0.013672 0.150391 0.013672 0.154297 0.011719 0.156250 0.009766 0.154297 0.003906 0.154297 0.003906 0.160156 0.007812 0.164062 0.007812 0.167969 0.009766 0.167969 0.013672 0.164062 0.013672 0.160156 0.015625 0.158203 0.025391 0.158203 0.023438 0.156250
0 0.876953 0.109375 0.875000 0.111328 0.873047 0.111328 0.865234 0.119141 0.865234 0.134766 0.867188 0.136719 0.869141 0.136719 0.871094 0.138672 0.876953 0.138672 0.878906 0.140625 0.882812 0.140625 0.882812 0.134766 0.884766 0.132812 0.884766 0.130859 0.882812 0.128906 0.880859 0.128906 0.876953 0.125000 0.876953 0.119141 0.878906 0.117188 0.880859 0.117188 0.882812 0.115234 0.884766 0.115234 0.884766 0.113281 0.882812 0.111328 0.882812 0.109375
0 0.021484 0.093750 0.021484 0.099609 0.023438 0.101562 0.025391 0.101562 0.027344 0.103516 0.027344 0.123047 0.029297 0.125000 0.029297 0.132812 0.033203 0.132812 0.035156 0.130859 0.037109 0.130859 0.037109 0.123047 0.035156 0.121094 0.035156 0.105469 0.031250 0.101562 0.031250 0.099609 0.029297 0.097656 0.029297 0.093750
0 0.015625 0.091797 0.013672 0.091797 0.009766 0.095703 0.009766 0.099609 0.007812 0.101562 0.001953 0.101562 0.001953 0.103516 0.000000 0.105469 0.000000 0.119141 0.001953 0.121094 0.001953 0.123047 0.003906 0.121094 0.015625 0.121094 0.017578 0.119141 0.023438 0.119141 0.023438 0.109375 0.017578 0.103516 0.017578 0.101562 0.015625 0.099609
0 0.099609 0.085938 0.099609 0.091797 0.101562 0.091797 0.103516 0.093750 0.103516 0.095703 0.105469 0.095703 0.107422 0.093750 0.105469 0.091797 0.105469 0.089844 0.103516 0.087891 0.103516 0.085938
0 0.232422 0.072266 0.232422 0.076172 0.234375 0.076172 0.238281 0.080078 0.238281 0.082031 0.242188 0.078125 0.242188 0.076172 0.238281 0.072266
0 0.968750 0.074219 0.966797 0.072266 0.966797 0.070312 0.964844 0.068359 0.962891 0.070312 0.962891 0.072266 0.958984 0.076172 0.957031 0.076172 0.953125 0.080078 0.951172 0.080078 0.945312 0.074219 0.945312 0.072266 0.935547 0.072266 0.933594 0.070312 0.931641 0.072266 0.927734 0.072266 0.927734 0.076172 0.925781 0.078125 0.925781 0.080078 0.927734 0.082031 0.929688 0.082031 0.933594 0.085938 0.935547 0.085938 0.941406 0.091797 0.943359 0.091797 0.945312 0.093750 0.947266 0.093750 0.951172 0.097656 0.953125 0.097656 0.955078 0.099609 0.957031 0.099609 0.958984 0.101562 0.960938 0.101562 0.960938 0.097656 0.962891 0.095703 0.962891 0.091797 0.964844 0.089844 0.964844 0.083984 0.966797 0.082031 0.968750 0.082031 0.968750 0.080078 0.966797 0.078125 0.966797 0.076172
0 0.970703 0.070312 0.976562 0.070312 0.978516 0.072266 0.978516 0.087891 0.976562 0.089844 0.974609 0.089844 0.972656 0.087891 0.974609 0.089844 0.976562 0.089844 0.978516 0.091797 0.978516 0.095703 0.980469 0.095703 0.984375 0.099609 0.986328 0.099609 0.988281 0.101562 0.996094 0.101562 0.998047 0.103516 0.998047 0.099609 0.996094 0.097656 0.996094 0.091797 0.998047 0.089844 0.998047 0.078125 0.984375 0.078125 0.982422 0.076172 0.982422 0.068359 0.984375 0.066406 0.980469 0.066406 0.976562 0.070312
0 0.285156 0.054688 0.283203 0.054688 0.281250 0.052734 0.277344 0.056641 0.275391 0.056641 0.273438 0.058594 0.271484 0.058594 0.271484 0.062500 0.269531 0.064453 0.269531 0.066406 0.265625 0.070312 0.265625 0.072266 0.261719 0.076172 0.261719 0.078125 0.263672 0.080078 0.265625 0.080078 0.269531 0.076172 0.269531 0.074219 0.271484 0.072266 0.275391 0.072266 0.275391 0.066406 0.281250 0.060547 0.287109 0.060547 0.287109 0.058594 0.285156 0.056641
0 0.300781 0.048828 0.298828 0.050781 0.298828 0.056641 0.296875 0.058594 0.294922 0.058594 0.296875 0.058594 0.300781 0.062500 0.302734 0.060547 0.306641 0.064453 0.306641 0.066406 0.312500 0.066406 0.316406 0.070312 0.316406 0.074219 0.318359 0.076172 0.318359 0.080078 0.320312 0.082031 0.320312 0.083984 0.322266 0.082031 0.322266 0.078125 0.320312 0.078125 0.316406 0.074219 0.316406 0.072266 0.318359 0.070312 0.318359 0.068359 0.320312 0.066406 0.322266 0.068359 0.324219 0.066406 0.324219 0.064453 0.322266 0.062500 0.318359 0.066406 0.314453 0.062500 0.314453 0.060547 0.312500 0.060547 0.310547 0.058594 0.308594 0.058594 0.306641 0.056641 0.304688 0.056641 0.302734 0.054688 0.302734 0.050781 0.304688 0.048828
0 0.894531 0.052734 0.892578 0.052734 0.890625 0.054688 0.888672 0.054688 0.884766 0.050781 0.878906 0.050781 0.876953 0.048828 0.876953 0.046875 0.875000 0.048828 0.869141 0.048828 0.867188 0.050781 0.863281 0.050781 0.863281 0.052734 0.867188 0.056641 0.865234 0.058594 0.865234 0.066406 0.863281 0.068359 0.863281 0.070312 0.861328 0.072266 0.861328 0.074219 0.855469 0.080078 0.855469 0.089844 0.851562 0.093750 0.849609 0.093750 0.847656 0.095703 0.845703 0.095703 0.845703 0.097656 0.841797 0.101562 0.843750 0.099609 0.845703 0.099609 0.847656 0.101562 0.847656 0.107422 0.849609 0.105469 0.851562 0.105469 0.859375 0.097656 0.863281 0.097656 0.865234 0.095703 0.865234 0.089844 0.867188 0.087891 0.867188 0.083984 0.865234 0.082031 0.867188 0.080078 0.869141 0.080078 0.873047 0.076172 0.875000 0.076172 0.876953 0.074219 0.878906 0.074219 0.880859 0.072266 0.882812 0.072266 0.886719 0.068359 0.886719 0.062500 0.884766 0.062500 0.882812 0.060547 0.884766 0.058594 0.890625 0.058594 0.894531 0.054688
0 0.505859 0.037109 0.501953 0.041016 0.498047 0.041016 0.498047 0.044922 0.496094 0.046875 0.498047 0.048828 0.498047 0.052734 0.496094 0.054688 0.490234 0.054688 0.492188 0.056641 0.492188 0.058594 0.494141 0.058594 0.496094 0.056641 0.498047 0.056641 0.500000 0.058594 0.501953 0.058594 0.503906 0.060547 0.507812 0.060547 0.507812 0.058594 0.505859 0.056641 0.505859 0.048828 0.507812 0.046875 0.509766 0.046875 0.509766 0.042969 0.507812 0.041016 0.507812 0.039062
0 0.925781 0.023438 0.925781 0.025391 0.935547 0.033203 0.935547 0.037109 0.941406 0.037109 0.945312 0.042969 0.945312 0.052734 0.941406 0.056641 0.945312 0.056641 0.945312 0.050781 0.947266 0.048828 0.949219 0.048828 0.945312 0.042969 0.947266 0.041016 0.951172 0.041016 0.953125 0.039062 0.960938 0.039062 0.962891 0.041016 0.958984 0.044922 0.955078 0.044922 0.955078 0.046875 0.953125 0.048828 0.955078 0.050781 0.960938 0.050781 0.964844 0.054688 0.966797 0.054688 0.970703 0.060547 0.974609 0.060547 0.976562 0.058594 0.984375 0.058594 0.986328 0.056641 0.988281 0.058594 0.988281 0.056641 0.990234 0.054688 0.992188 0.056641 0.994141 0.054688 0.998047 0.054688 0.998047 0.041016 0.994141 0.041016 0.990234 0.037109 0.990234 0.035156 0.986328 0.035156 0.984375 0.037109 0.982422 0.035156 0.976562 0.035156 0.976562 0.039062 0.978516 0.041016 0.980469 0.041016 0.982422 0.042969 0.988281 0.042969 0.990234 0.044922 0.988281 0.046875 0.982422 0.046875 0.980469 0.048828 0.978516 0.046875 0.976562 0.046875 0.964844 0.035156 0.964844 0.031250 0.962891 0.031250 0.955078 0.023438 0.953125 0.023438 0.953125 0.027344 0.951172 0.029297 0.945312 0.029297 0.941406 0.025391 0.937500 0.025391 0.935547 0.023438
0 0.207031 0.025391 0.207031 0.029297 0.208984 0.029297 0.210938 0.031250 0.212891 0.029297 0.214844 0.031250 0.216797 0.031250 0.218750 0.033203 0.218750 0.037109 0.224609 0.031250 0.224609 0.029297 0.226562 0.027344 0.224609 0.027344 0.222656 0.029297 0.218750 0.025391 0.220703 0.023438 0.216797 0.027344 0.214844 0.027344 0.212891 0.029297 0.210938 0.029297 0.208984 0.027344 0.208984 0.025391 0.210938 0.023438 0.208984 0.025391
0 0.060547 0.015625 0.060547 0.023438 0.052734 0.031250 0.044922 0.031250 0.042969 0.033203 0.039062 0.033203 0.037109 0.035156 0.033203 0.035156 0.031250 0.037109 0.033203 0.037109 0.035156 0.039062 0.033203 0.041016 0.031250 0.041016 0.031250 0.042969 0.029297 0.044922 0.021484 0.044922 0.019531 0.046875 0.017578 0.046875 0.013672 0.050781 0.015625 0.048828 0.021484 0.048828 0.023438 0.046875 0.027344 0.046875 0.033203 0.041016 0.035156 0.041016 0.037109 0.039062 0.041016 0.039062 0.042969 0.037109 0.044922 0.037109 0.046875 0.035156 0.048828 0.035156 0.058594 0.025391 0.060547 0.025391
0 0.341797 0.011719 0.339844 0.013672 0.339844 0.019531 0.347656 0.019531 0.347656 0.017578 0.345703 0.015625 0.345703 0.013672 0.343750 0.011719
0 0.037109 0.017578 0.039062 0.017578 0.041016 0.015625 0.046875 0.015625 0.048828 0.013672 0.056641 0.013672 0.054688 0.011719 0.052734 0.011719 0.050781 0.009766 0.042969 0.009766 0.041016 0.011719 0.037109 0.011719
0 0.332031 0.003906 0.324219 0.003906 0.322266 0.005859 0.322266 0.013672 0.324219 0.015625 0.326172 0.015625 0.326172 0.013672 0.328125 0.011719 0.328125 0.007812 0.330078 0.005859 0.332031 0.005859
0 0.220703 0.003906 0.218750 0.005859 0.216797 0.005859 0.216797 0.013672 0.218750 0.013672 0.220703 0.015625 0.222656 0.013672 0.226562 0.013672 0.230469 0.009766 0.226562 0.013672 0.222656 0.009766 0.222656 0.005859
0 0.771484 0.048828 0.775391 0.052734 0.781250 0.048828 0.791016 0.048828 0.792969 0.050781 0.798828 0.050781 0.808594 0.044922 0.812500 0.044922 0.824219 0.039062 0.822266 0.035156 0.822266 0.023438 0.824219 0.021484 0.828125 0.023438 0.837891 0.023438 0.841797 0.019531 0.837891 0.017578 0.837891 0.013672 0.835938 0.011719 0.832031 0.015625 0.830078 0.015625 0.828125 0.019531 0.822266 0.019531 0.820312 0.017578 0.820312 0.027344 0.818359 0.029297 0.810547 0.029297 0.810547 0.031250 0.806641 0.035156 0.802734 0.035156 0.800781 0.033203 0.800781 0.027344 0.804688 0.023438 0.806641 0.023438 0.812500 0.013672 0.820312 0.009766 0.822266 0.013672 0.826172 0.011719 0.826172 0.009766 0.830078 0.005859 0.837891 0.005859 0.839844 0.003906 0.841797 0.005859 0.843750 0.003906 0.847656 0.003906 0.861328 0.013672 0.861328 0.027344 0.863281 0.029297 0.882812 0.031250 0.884766 0.033203 0.894531 0.031250 0.900391 0.037109 0.900391 0.041016 0.904297 0.041016 0.906250 0.037109 0.904297 0.041016 0.902344 0.039062 0.902344 0.031250 0.898438 0.029297 0.898438 0.027344 0.890625 0.019531 0.884766 0.009766 0.880859 0.007812 0.880859 0.003906 0.876953 0.003906 0.875000 0.000000 0.812500 0.000000 0.808594 0.003906 0.806641 0.003906 0.806641 0.005859 0.802734 0.007812 0.802734 0.009766 0.798828 0.013672 0.794922 0.013672 0.792969 0.017578 0.775391 0.035156 0.771484 0.042969
0 0.707031 0.000000 0.707031 0.001953 0.712891 0.007812 0.714844 0.007812 0.716797 0.009766 0.734375 0.009766 0.736328 0.007812 0.740234 0.007812 0.744141 0.003906 0.746094 0.003906 0.748047 0.001953 0.748047 0.000000 0.738281 0.000000 0.734375 0.003906 0.732422 0.001953 0.724609 0.001953 0.722656 0.003906 0.720703 0.001953 0.720703 0.000000
0 0.044922 0.166016 0.066406 0.173828 0.136719 0.166016 0.162109 0.146484 0.187500 0.093750 0.232422 0.052734 0.257812 0.041016 0.283203 0.021484 0.294922 0.021484 0.312500 0.029297 0.333984 0.050781 0.351562 0.056641 0.375000 0.044922 0.388672 0.027344 0.394531 0.000000 0.384766 0.000000 0.376953 0.033203 0.355469 0.048828 0.343750 0.048828 0.304688 0.019531 0.292969 0.015625 0.277344 0.017578 0.255859 0.035156 0.222656 0.050781 0.205078 0.064453 0.175781 0.099609 0.158203 0.132812 0.134766 0.156250 0.109375 0.160156 0.101562 0.166016 0.068359 0.166016 0.054688 0.160156 0.048828 0.150391 0.054688 0.105469 0.041016 0.078125 0.062500 0.052734 0.083984 0.046875 0.113281 0.029297 0.119141 0.007812 0.109375 0.000000 0.074219 0.000000 0.097656 0.001953 0.107422 0.005859 0.109375 0.013672 0.103516 0.023438 0.072266 0.039062 0.056641 0.056641 0.033203 0.072266 0.048828 0.119141
0 0.000000 0.009766 0.001953 0.007812 0.005859 0.007812 0.007812 0.005859 0.009766 0.005859 0.011719 0.003906 0.015625 0.003906 0.017578 0.001953 0.019531 0.001953 0.021484 0.000000 0.025391 0.000000 0.000000 0.000000
