0 0.271484 0.994141 0.271484 0.996094 0.273438 0.996094 0.275391 0.998047 0.277344 0.996094 0.279297 0.998047 0.292969 0.998047 0.289062 0.998047 0.287109 0.996094 0.287109 0.994141
0 0.966797 0.996094 0.970703 0.996094 0.972656 0.998047 0.990234 0.998047 0.992188 0.996094 0.994141 0.996094 0.996094 0.994141 0.998047 0.996094 0.996094 0.994141 0.990234 0.994141 0.988281 0.992188 0.980469 0.992188 0.980469 0.994141 0.978516 0.996094
0 0.921875 0.990234 0.921875 0.998047 0.929688 0.998047 0.929688 0.992188 0.925781 0.992188 0.923828 0.990234
0 0.316406 0.990234 0.314453 0.990234 0.312500 0.992188 0.310547 0.992188 0.308594 0.994141 0.304688 0.994141 0.306641 0.994141 0.310547 0.998047 0.312500 0.998047 0.314453 0.996094 0.314453 0.994141 0.316406 0.992188
0 0.632812 0.986328 0.632812 0.994141 0.634766 0.996094 0.634766 0.998047 0.638672 0.998047 0.640625 0.996094 0.638672 0.994141 0.640625 0.992188 0.642578 0.992188 0.636719 0.992188 0.634766 0.990234 0.634766 0.988281
0 0.341797 0.986328 0.341797 0.990234 0.339844 0.992188 0.341797 0.994141 0.343750 0.994141 0.345703 0.992188 0.351562 0.998047 0.355469 0.998047 0.355469 0.992188 0.353516 0.990234 0.351562 0.992188 0.349609 0.990234 0.349609 0.988281 0.347656 0.986328
0 0.935547 0.984375 0.935547 0.986328 0.939453 0.986328 0.941406 0.988281 0.945312 0.988281 0.947266 0.990234 0.949219 0.988281 0.951172 0.990234 0.951172 0.988281 0.949219 0.988281 0.947266 0.986328 0.945312 0.986328 0.943359 0.984375
0 0.734375 0.984375 0.732422 0.984375 0.732422 0.986328 0.730469 0.988281 0.730469 0.994141 0.732422 0.994141 0.734375 0.992188 0.736328 0.992188 0.736328 0.990234 0.738281 0.988281 0.736328 0.988281 0.734375 0.986328
0 0.214844 0.972656 0.220703 0.972656 0.222656 0.974609 0.230469 0.974609 0.232422 0.972656 0.234375 0.974609 0.234375 0.976562 0.238281 0.972656 0.238281 0.970703 0.220703 0.970703 0.218750 0.972656
0 0.628906 0.964844 0.628906 0.974609 0.630859 0.974609 0.632812 0.976562 0.636719 0.972656 0.660156 0.972656 0.666016 0.978516 0.666016 0.984375 0.664062 0.986328 0.664062 0.988281 0.671875 0.988281 0.673828 0.990234 0.673828 0.992188 0.677734 0.992188 0.677734 0.990234 0.683594 0.984375 0.689453 0.984375 0.683594 0.984375 0.677734 0.978516 0.677734 0.974609 0.679688 0.972656 0.679688 0.966797 0.677734 0.964844 0.677734 0.962891 0.673828 0.962891 0.671875 0.960938 0.667969 0.960938 0.666016 0.958984 0.664062 0.958984 0.662109 0.957031 0.660156 0.958984 0.658203 0.958984 0.658203 0.960938 0.656250 0.962891 0.656250 0.964844 0.654297 0.966797 0.652344 0.966797 0.650391 0.964844 0.644531 0.964844 0.640625 0.960938 0.634766 0.960938 0.634766 0.962891 0.632812 0.964844
0 0.818359 0.953125 0.816406 0.955078 0.816406 0.958984 0.814453 0.960938 0.812500 0.960938 0.810547 0.962891 0.810547 0.966797 0.814453 0.962891 0.816406 0.962891 0.820312 0.966797 0.822266 0.966797 0.824219 0.968750 0.824219 0.957031 0.822266 0.957031
0 0.582031 0.953125 0.578125 0.953125 0.576172 0.955078 0.576172 0.957031 0.580078 0.957031 0.582031 0.958984 0.578125 0.962891 0.576172 0.962891 0.574219 0.960938 0.570312 0.960938 0.570312 0.962891 0.572266 0.964844 0.578125 0.964844 0.580078 0.966797 0.580078 0.968750 0.578125 0.970703 0.576172 0.970703 0.576172 0.976562 0.578125 0.976562 0.578125 0.970703 0.582031 0.966797
0 0.685547 0.958984 0.689453 0.958984 0.693359 0.962891 0.693359 0.968750 0.693359 0.966797 0.695312 0.964844 0.703125 0.964844 0.705078 0.962891 0.708984 0.962891 0.710938 0.964844 0.710938 0.968750 0.712891 0.970703 0.710938 0.972656 0.705078 0.972656 0.703125 0.970703 0.699219 0.970703 0.699219 0.972656 0.697266 0.974609 0.699219 0.976562 0.697266 0.978516 0.697266 0.984375 0.699219 0.982422 0.701172 0.982422 0.705078 0.986328 0.705078 0.988281 0.708984 0.988281 0.710938 0.990234 0.710938 0.992188 0.710938 0.984375 0.712891 0.982422 0.714844 0.984375 0.716797 0.984375 0.716797 0.980469 0.714844 0.978516 0.714844 0.976562 0.710938 0.972656 0.712891 0.970703 0.714844 0.970703 0.716797 0.972656 0.720703 0.968750 0.722656 0.970703 0.722656 0.974609 0.728516 0.974609 0.730469 0.976562 0.738281 0.976562 0.740234 0.978516 0.748047 0.978516 0.748047 0.976562 0.750000 0.974609 0.750000 0.972656 0.748047 0.970703 0.750000 0.968750 0.748047 0.970703 0.744141 0.970703 0.742188 0.968750 0.742188 0.966797 0.732422 0.966797 0.730469 0.964844 0.724609 0.964844 0.724609 0.966797 0.722656 0.968750 0.720703 0.966797 0.720703 0.962891 0.716797 0.962891 0.714844 0.960938 0.712891 0.960938 0.708984 0.957031 0.705078 0.957031 0.703125 0.955078 0.699219 0.955078 0.693359 0.949219 0.691406 0.951172 0.693359 0.951172 0.697266 0.955078 0.697266 0.957031 0.695312 0.958984
0 0.187500 0.957031 0.185547 0.955078 0.181641 0.955078 0.179688 0.953125 0.173828 0.953125 0.171875 0.951172 0.158203 0.951172 0.154297 0.947266 0.148438 0.947266 0.146484 0.949219 0.144531 0.949219 0.142578 0.947266 0.138672 0.947266 0.136719 0.945312 0.134766 0.945312 0.132812 0.947266 0.125000 0.947266 0.123047 0.949219 0.117188 0.949219 0.117188 0.958984 0.111328 0.964844 0.111328 0.966797 0.105469 0.972656 0.105469 0.974609 0.095703 0.984375 0.091797 0.984375 0.089844 0.986328 0.085938 0.986328 0.083984 0.988281 0.078125 0.988281 0.076172 0.990234 0.066406 0.990234 0.064453 0.992188 0.056641 0.992188 0.054688 0.994141 0.048828 0.994141 0.044922 0.998047 0.056641 0.998047 0.058594 0.996094 0.062500 0.996094 0.064453 0.994141 0.068359 0.994141 0.070312 0.992188 0.082031 0.992188 0.083984 0.990234 0.085938 0.990234 0.087891 0.992188 0.083984 0.996094 0.083984 0.998047 0.085938 0.998047 0.095703 0.988281 0.097656 0.988281 0.115234 0.970703 0.115234 0.968750 0.117188 0.966797 0.119141 0.960938 0.126953 0.953125 0.166016 0.953125 0.167969 0.955078 0.177734 0.955078 0.179688 0.957031
0 0.767578 0.951172 0.769531 0.953125 0.769531 0.957031 0.771484 0.957031 0.773438 0.955078 0.779297 0.955078 0.781250 0.953125 0.785156 0.953125 0.787109 0.955078 0.787109 0.957031 0.791016 0.960938 0.792969 0.960938 0.794922 0.958984 0.796875 0.958984 0.796875 0.957031 0.798828 0.955078 0.798828 0.953125 0.800781 0.951172 0.804688 0.951172 0.806641 0.953125 0.806641 0.957031 0.804688 0.958984 0.802734 0.958984 0.808594 0.958984 0.806641 0.957031 0.806641 0.951172 0.808594 0.949219 0.806641 0.949219 0.804688 0.951172 0.800781 0.951172 0.798828 0.949219 0.796875 0.951172 0.792969 0.951172 0.791016 0.949219 0.791016 0.951172 0.789062 0.953125 0.787109 0.953125 0.785156 0.951172 0.785156 0.947266 0.787109 0.945312 0.787109 0.943359 0.785156 0.941406 0.785156 0.939453 0.779297 0.939453 0.779297 0.943359 0.775391 0.947266 0.773438 0.947266 0.771484 0.949219 0.769531 0.949219
0 0.628906 0.935547 0.628906 0.937500 0.630859 0.939453 0.632812 0.939453 0.634766 0.941406 0.634766 0.943359 0.640625 0.943359 0.638672 0.941406 0.638672 0.937500 0.634766 0.937500 0.632812 0.935547
0 0.941406 0.933594 0.941406 0.935547 0.943359 0.937500 0.941406 0.939453 0.947266 0.939453 0.949219 0.941406 0.949219 0.947266 0.957031 0.947266 0.958984 0.949219 0.958984 0.951172 0.960938 0.951172 0.964844 0.957031 0.958984 0.962891 0.953125 0.962891 0.951172 0.964844 0.949219 0.964844 0.949219 0.966797 0.947266 0.968750 0.947266 0.972656 0.945312 0.974609 0.945312 0.978516 0.947266 0.980469 0.951172 0.980469 0.953125 0.978516 0.982422 0.978516 0.984375 0.980469 0.984375 0.982422 0.988281 0.978516 0.990234 0.980469 0.992188 0.978516 0.994141 0.978516 0.994141 0.974609 0.992188 0.974609 0.990234 0.976562 0.988281 0.974609 0.988281 0.972656 0.986328 0.972656 0.984375 0.970703 0.984375 0.968750 0.986328 0.966797 0.998047 0.966797 0.998047 0.953125 0.996094 0.951172 0.996094 0.947266 0.998047 0.945312 0.998047 0.937500 0.992188 0.937500 0.986328 0.933594 0.982422 0.933594 0.976562 0.939453 0.972656 0.939453 0.968750 0.935547 0.966797 0.935547 0.968750 0.937500 0.968750 0.939453 0.974609 0.945312 0.976562 0.945312 0.986328 0.955078 0.982422 0.958984 0.980469 0.958984 0.978516 0.957031 0.974609 0.957031 0.968750 0.951172 0.964844 0.951172 0.962891 0.949219 0.958984 0.949219 0.957031 0.947266 0.957031 0.945312 0.953125 0.945312 0.943359 0.935547 0.943359 0.933594
0 0.310547 0.927734 0.310547 0.929688 0.308594 0.931641 0.306641 0.931641 0.306641 0.933594 0.308594 0.933594 0.312500 0.937500 0.314453 0.937500 0.314453 0.931641 0.312500 0.929688 0.312500 0.927734
0 0.666016 0.921875 0.666016 0.927734 0.664062 0.929688 0.666016 0.931641 0.667969 0.931641 0.669922 0.929688 0.671875 0.929688 0.673828 0.931641 0.671875 0.929688 0.671875 0.923828 0.669922 0.923828 0.667969 0.921875
0 0.494141 0.921875 0.494141 0.927734 0.498047 0.927734 0.500000 0.929688 0.511719 0.929688 0.509766 0.927734 0.509766 0.923828 0.501953 0.923828 0.500000 0.921875
0 0.949219 0.917969 0.949219 0.919922 0.951172 0.919922 0.953125 0.921875 0.953125 0.923828 0.957031 0.923828 0.958984 0.925781 0.958984 0.927734 0.962891 0.927734 0.966797 0.923828 0.966797 0.921875 0.957031 0.921875 0.955078 0.919922 0.955078 0.917969 0.953125 0.919922 0.951172 0.919922
0 0.816406 0.917969 0.812500 0.917969 0.812500 0.919922 0.806641 0.925781 0.810547 0.925781 0.812500 0.927734 0.812500 0.933594 0.814453 0.933594 0.816406 0.931641 0.816406 0.923828 0.818359 0.921875 0.818359 0.919922
0 0.773438 0.925781 0.779297 0.925781 0.781250 0.923828 0.787109 0.923828 0.791016 0.919922 0.792969 0.919922 0.791016 0.919922 0.789062 0.917969 0.787109 0.919922 0.785156 0.919922 0.783203 0.917969 0.781250 0.917969 0.777344 0.921875 0.777344 0.923828 0.775391 0.925781
0 0.337891 0.916016 0.337891 0.917969 0.335938 0.919922 0.333984 0.919922 0.335938 0.921875 0.335938 0.927734 0.341797 0.933594 0.341797 0.937500 0.341797 0.919922 0.339844 0.917969 0.341797 0.916016
0 0.849609 0.910156 0.839844 0.910156 0.839844 0.914062 0.837891 0.916016 0.835938 0.914062 0.835938 0.910156 0.832031 0.910156 0.832031 0.921875 0.830078 0.923828 0.830078 0.933594 0.832031 0.933594 0.833984 0.931641 0.833984 0.925781 0.837891 0.921875 0.841797 0.925781 0.841797 0.935547 0.839844 0.937500 0.839844 0.941406 0.841797 0.941406 0.843750 0.943359 0.841797 0.945312 0.839844 0.945312 0.837891 0.947266 0.835938 0.947266 0.833984 0.949219 0.832031 0.947266 0.828125 0.947266 0.830078 0.949219 0.830078 0.953125 0.828125 0.955078 0.828125 0.964844 0.837891 0.964844 0.837891 0.958984 0.839844 0.957031 0.841797 0.957031 0.843750 0.955078 0.845703 0.957031 0.845703 0.960938 0.845703 0.945312 0.847656 0.943359 0.847656 0.933594 0.845703 0.931641 0.847656 0.929688 0.847656 0.921875 0.849609 0.919922 0.849609 0.914062 0.851562 0.912109
0 0.636719 0.904297 0.634766 0.906250 0.632812 0.906250 0.632812 0.910156 0.630859 0.912109 0.630859 0.927734 0.628906 0.929688 0.628906 0.931641 0.634766 0.931641 0.634766 0.927734 0.636719 0.925781 0.636719 0.923828 0.634766 0.921875 0.634766 0.916016 0.636719 0.914062
0 0.279297 0.892578 0.279297 0.894531 0.277344 0.896484 0.275391 0.896484 0.275391 0.910156 0.277344 0.910156 0.279297 0.912109 0.279297 0.914062 0.285156 0.914062 0.285156 0.912109 0.283203 0.912109 0.281250 0.910156 0.281250 0.908203 0.279297 0.908203 0.277344 0.906250 0.277344 0.904297 0.279297 0.902344 0.281250 0.902344 0.281250 0.896484 0.283203 0.894531 0.283203 0.892578
0 0.240234 0.892578 0.240234 0.894531 0.242188 0.894531 0.244141 0.896484 0.244141 0.902344 0.246094 0.902344 0.248047 0.904297 0.248047 0.914062 0.255859 0.914062 0.255859 0.906250 0.257812 0.904297 0.255859 0.902344 0.255859 0.900391 0.253906 0.900391 0.251953 0.898438 0.251953 0.894531 0.250000 0.894531 0.248047 0.892578
0 0.767578 0.882812 0.757812 0.882812 0.755859 0.884766 0.753906 0.884766 0.751953 0.882812 0.748047 0.882812 0.746094 0.884766 0.740234 0.884766 0.738281 0.882812 0.738281 0.880859 0.732422 0.880859 0.734375 0.880859 0.736328 0.882812 0.736328 0.890625 0.730469 0.894531 0.726562 0.894531 0.724609 0.892578 0.724609 0.884766 0.726562 0.882812 0.726562 0.880859 0.724609 0.878906 0.724609 0.882812 0.722656 0.884766 0.716797 0.884766 0.720703 0.890625 0.718750 0.892578 0.718750 0.902344 0.734375 0.902344 0.736328 0.904297 0.734375 0.906250 0.728516 0.906250 0.730469 0.908203 0.730469 0.914062 0.728516 0.916016 0.726562 0.916016 0.726562 0.917969 0.722656 0.921875 0.716797 0.921875 0.714844 0.923828 0.714844 0.927734 0.722656 0.927734 0.724609 0.929688 0.720703 0.933594 0.718750 0.933594 0.716797 0.935547 0.718750 0.933594 0.722656 0.933594 0.724609 0.931641 0.728516 0.931641 0.730469 0.929688 0.734375 0.933594 0.734375 0.935547 0.732422 0.937500 0.732422 0.943359 0.736328 0.943359 0.736328 0.939453 0.744141 0.929688 0.750000 0.929688 0.751953 0.927734 0.757812 0.927734 0.759766 0.925781 0.759766 0.916016 0.761719 0.914062 0.759766 0.912109 0.759766 0.908203 0.761719 0.906250 0.763672 0.908203 0.763672 0.910156 0.767578 0.910156 0.771484 0.906250 0.773438 0.908203 0.773438 0.900391 0.773438 0.904297 0.771484 0.906250 0.767578 0.902344 0.767578 0.900391 0.769531 0.898438 0.769531 0.892578 0.767578 0.890625 0.763672 0.890625 0.761719 0.888672 0.763672 0.886719 0.767578 0.886719
0 0.224609 0.880859 0.218750 0.880859 0.216797 0.878906 0.216797 0.876953 0.212891 0.876953 0.212891 0.882812 0.210938 0.884766 0.193359 0.884766 0.193359 0.886719 0.191406 0.888672 0.191406 0.894531 0.193359 0.896484 0.193359 0.900391 0.195312 0.900391 0.197266 0.902344 0.199219 0.902344 0.199219 0.900391 0.201172 0.898438 0.203125 0.898438 0.203125 0.894531 0.207031 0.890625 0.210938 0.890625 0.212891 0.892578 0.212891 0.900391 0.208984 0.904297 0.210938 0.906250 0.216797 0.906250 0.216797 0.900391 0.214844 0.898438 0.214844 0.896484 0.216797 0.894531 0.220703 0.894531 0.220703 0.892578 0.222656 0.890625 0.224609 0.890625 0.222656 0.888672 0.224609 0.886719
0 0.677734 0.855469 0.675781 0.855469 0.675781 0.857422 0.673828 0.859375 0.671875 0.859375 0.671875 0.871094 0.675781 0.871094 0.675781 0.861328 0.677734 0.859375
0 0.486328 0.853516 0.486328 0.855469 0.488281 0.857422 0.486328 0.859375 0.486328 0.861328 0.488281 0.863281 0.490234 0.863281 0.496094 0.869141 0.498047 0.869141 0.498047 0.857422 0.488281 0.857422 0.486328 0.855469 0.488281 0.853516 0.490234 0.853516 0.492188 0.851562 0.494141 0.851562 0.490234 0.851562 0.488281 0.853516
0 0.630859 0.847656 0.630859 0.851562 0.628906 0.853516 0.630859 0.855469 0.632812 0.853516 0.634766 0.855469 0.634766 0.857422 0.632812 0.859375 0.632812 0.865234 0.634766 0.865234 0.636719 0.867188 0.636719 0.878906 0.634766 0.880859 0.632812 0.880859 0.632812 0.894531 0.634766 0.894531 0.636719 0.896484 0.636719 0.898438 0.638672 0.898438 0.638672 0.896484 0.640625 0.894531 0.640625 0.875000 0.642578 0.873047 0.642578 0.863281 0.640625 0.863281 0.636719 0.859375 0.636719 0.851562 0.634766 0.851562
0 0.150391 0.841797 0.150391 0.847656 0.152344 0.849609 0.152344 0.851562 0.164062 0.851562 0.164062 0.849609 0.158203 0.843750 0.156250 0.843750 0.152344 0.839844
0 0.003906 0.833984 0.003906 0.841797 0.001953 0.843750 0.001953 0.851562 0.000000 0.853516 0.000000 0.876953 0.001953 0.875000 0.001953 0.871094 0.003906 0.869141 0.005859 0.869141 0.007812 0.867188 0.011719 0.871094 0.009766 0.873047 0.009766 0.880859 0.007812 0.882812 0.003906 0.882812 0.005859 0.884766 0.005859 0.886719 0.011719 0.886719 0.017578 0.892578 0.027344 0.892578 0.027344 0.888672 0.025391 0.886719 0.025391 0.880859 0.025391 0.882812 0.023438 0.884766 0.021484 0.884766 0.017578 0.880859 0.019531 0.878906 0.017578 0.876953 0.017578 0.875000 0.019531 0.873047 0.017578 0.873047 0.015625 0.875000 0.011719 0.871094 0.015625 0.867188 0.017578 0.867188 0.019531 0.865234 0.019531 0.863281 0.017578 0.865234 0.015625 0.863281 0.015625 0.861328 0.013672 0.861328 0.011719 0.859375 0.009766 0.861328 0.005859 0.857422 0.003906 0.857422 0.001953 0.855469 0.001953 0.849609 0.003906 0.847656 0.005859 0.847656 0.005859 0.839844 0.007812 0.837891 0.007812 0.833984
0 0.279297 0.832031 0.279297 0.847656 0.277344 0.849609 0.275391 0.847656 0.275391 0.845703 0.269531 0.845703 0.269531 0.847656 0.267578 0.849609 0.265625 0.849609 0.265625 0.851562 0.263672 0.853516 0.261719 0.853516 0.261719 0.863281 0.267578 0.863281 0.267578 0.861328 0.269531 0.859375 0.273438 0.859375 0.273438 0.857422 0.275391 0.855469 0.277344 0.855469 0.277344 0.849609 0.279297 0.847656 0.281250 0.847656 0.281250 0.835938 0.279297 0.833984
0 0.957031 0.828125 0.957031 0.830078 0.955078 0.832031 0.953125 0.832031 0.955078 0.833984 0.955078 0.837891 0.957031 0.839844 0.957031 0.845703 0.960938 0.845703 0.962891 0.847656 0.962891 0.859375 0.964844 0.859375 0.966797 0.861328 0.966797 0.863281 0.962891 0.869141 0.960938 0.869141 0.958984 0.867188 0.949219 0.867188 0.949219 0.871094 0.951172 0.871094 0.953125 0.873047 0.960938 0.873047 0.962891 0.875000 0.958984 0.880859 0.949219 0.884766 0.951172 0.884766 0.957031 0.890625 0.957031 0.900391 0.955078 0.902344 0.953125 0.902344 0.953125 0.908203 0.958984 0.908203 0.960938 0.910156 0.960938 0.912109 0.968750 0.912109 0.970703 0.914062 0.972656 0.914062 0.972656 0.904297 0.974609 0.902344 0.978516 0.902344 0.980469 0.900391 0.986328 0.900391 0.988281 0.902344 0.988281 0.900391 0.986328 0.900391 0.982422 0.896484 0.982422 0.892578 0.980469 0.894531 0.974609 0.894531 0.972656 0.892578 0.972656 0.890625 0.974609 0.888672 0.982422 0.888672 0.982422 0.882812 0.984375 0.880859 0.986328 0.880859 0.988281 0.882812 0.988281 0.886719 0.986328 0.888672 0.992188 0.888672 0.994141 0.886719 0.994141 0.880859 0.992188 0.878906 0.994141 0.876953 0.994141 0.873047 0.992188 0.875000 0.988281 0.875000 0.986328 0.873047 0.986328 0.871094 0.988281 0.869141 0.990234 0.869141 0.988281 0.867188 0.990234 0.865234 0.988281 0.863281 0.988281 0.859375 0.990234 0.857422 0.990234 0.851562 0.988281 0.849609 0.986328 0.849609 0.984375 0.859375 0.980469 0.863281 0.978516 0.861328 0.978516 0.857422 0.980469 0.855469 0.978516 0.855469 0.976562 0.853516 0.978516 0.851562 0.980469 0.851562 0.978516 0.851562 0.972656 0.843750 0.972656 0.845703 0.968750 0.849609 0.966797 0.847656 0.966797 0.843750 0.968750 0.841797 0.968750 0.835938 0.966797 0.833984 0.966797 0.832031 0.964844 0.832031 0.962891 0.833984 0.960938 0.832031 0.958984 0.832031 0.957031 0.830078
0 0.222656 0.828125 0.222656 0.830078 0.220703 0.832031 0.218750 0.832031 0.218750 0.847656 0.216797 0.849609 0.214844 0.849609 0.214844 0.855469 0.208984 0.861328 0.207031 0.861328 0.207031 0.863281 0.208984 0.865234 0.208984 0.867188 0.220703 0.867188 0.220703 0.865234 0.222656 0.863281 0.238281 0.863281 0.238281 0.861328 0.236328 0.859375 0.236328 0.857422 0.234375 0.855469 0.218750 0.855469 0.216797 0.853516 0.220703 0.849609 0.220703 0.845703 0.218750 0.843750 0.218750 0.839844 0.222656 0.835938 0.228516 0.835938 0.228516 0.833984 0.226562 0.832031 0.226562 0.830078 0.224609 0.830078
0 0.478516 0.816406 0.480469 0.818359 0.480469 0.820312 0.482422 0.822266 0.480469 0.824219 0.482422 0.826172 0.482422 0.832031 0.484375 0.830078 0.486328 0.830078 0.486328 0.818359 0.484375 0.816406
0 0.425781 0.814453 0.425781 0.820312 0.427734 0.820312 0.429688 0.822266 0.429688 0.826172 0.433594 0.826172 0.433594 0.818359 0.431641 0.818359 0.427734 0.814453
0 0.548828 0.816406 0.552734 0.816406 0.554688 0.814453 0.556641 0.816406 0.556641 0.820312 0.570312 0.820312 0.572266 0.822266 0.574219 0.822266 0.578125 0.826172 0.583984 0.826172 0.585938 0.828125 0.585938 0.830078 0.591797 0.830078 0.593750 0.832031 0.593750 0.833984 0.595703 0.832031 0.611328 0.832031 0.605469 0.832031 0.601562 0.828125 0.595703 0.828125 0.593750 0.826172 0.591797 0.826172 0.589844 0.824219 0.583984 0.824219 0.582031 0.822266 0.576172 0.822266 0.574219 0.820312 0.570312 0.820312 0.568359 0.818359 0.564453 0.818359 0.560547 0.814453 0.558594 0.814453 0.556641 0.812500 0.552734 0.812500
0 0.074219 0.812500 0.074219 0.814453 0.089844 0.814453 0.091797 0.816406 0.093750 0.816406 0.097656 0.820312 0.099609 0.820312 0.099609 0.818359 0.097656 0.816406 0.097656 0.814453 0.095703 0.812500 0.095703 0.810547 0.093750 0.808594 0.091797 0.810547 0.089844 0.808594 0.089844 0.802734 0.082031 0.802734 0.082031 0.804688 0.078125 0.808594 0.076172 0.808594 0.076172 0.810547
0 0.726562 0.812500 0.718750 0.835938 0.703125 0.832031 0.707031 0.853516 0.738281 0.855469 0.728516 0.849609 0.740234 0.847656 0.734375 0.843750 0.740234 0.826172 0.748047 0.833984 0.757812 0.833984 0.763672 0.847656 0.775391 0.832031 0.783203 0.845703 0.781250 0.863281 0.796875 0.863281 0.810547 0.875000 0.810547 0.882812 0.837891 0.873047 0.845703 0.876953 0.847656 0.869141 0.837891 0.853516 0.845703 0.832031 0.830078 0.822266 0.832031 0.812500 0.857422 0.824219 0.853516 0.832031 0.857422 0.871094 0.869141 0.869141 0.873047 0.861328 0.882812 0.876953 0.894531 0.863281 0.896484 0.867188 0.908203 0.863281 0.908203 0.851562 0.888672 0.857422 0.876953 0.835938 0.859375 0.833984 0.861328 0.824219 0.910156 0.833984 0.923828 0.843750 0.935547 0.878906 0.935547 0.900391 0.927734 0.908203 0.931641 0.912109 0.925781 0.929688 0.904297 0.941406 0.900391 0.951172 0.867188 0.968750 0.861328 0.966797 0.861328 0.929688 0.857422 0.972656 0.830078 0.974609 0.828125 0.984375 0.800781 0.980469 0.789062 0.990234 0.802734 0.990234 0.808594 0.984375 0.816406 0.990234 0.826172 0.988281 0.837891 0.998047 0.832031 0.988281 0.833984 0.978516 0.847656 0.978516 0.878906 0.962891 0.892578 0.960938 0.900391 0.966797 0.908203 0.949219 0.925781 0.935547 0.933594 0.910156 0.939453 0.908203 0.939453 0.880859 0.929688 0.865234 0.933594 0.830078 0.927734 0.835938 0.914062 0.835938 0.886719 0.824219 0.843750 0.816406 0.814453 0.800781 0.816406 0.806641 0.830078 0.810547 0.828125 0.814453 0.818359 0.810547 0.820312 0.828125 0.814453 0.837891 0.808594 0.828125 0.800781 0.830078 0.796875 0.824219 0.761719 0.828125 0.748047 0.824219 0.742188 0.808594 0.742188 0.818359
0 0.302734 0.814453 0.304688 0.816406 0.306641 0.816406 0.310547 0.820312 0.316406 0.820312 0.318359 0.822266 0.318359 0.824219 0.328125 0.824219 0.328125 0.822266 0.330078 0.820312 0.332031 0.820312 0.333984 0.822266 0.333984 0.824219 0.333984 0.814453 0.335938 0.812500 0.337891 0.812500 0.339844 0.814453 0.337891 0.816406 0.341797 0.816406 0.343750 0.818359 0.343750 0.828125 0.345703 0.828125 0.347656 0.830078 0.349609 0.830078 0.351562 0.828125 0.353516 0.828125 0.355469 0.826172 0.355469 0.824219 0.351562 0.820312 0.349609 0.820312 0.341797 0.812500 0.341797 0.810547 0.339844 0.810547 0.333984 0.804688 0.332031 0.806641 0.330078 0.806641 0.328125 0.804688 0.328125 0.800781 0.326172 0.802734 0.324219 0.802734 0.322266 0.804688 0.320312 0.804688 0.320312 0.806641 0.318359 0.808594 0.316406 0.808594 0.316406 0.810547 0.318359 0.812500 0.318359 0.818359 0.316406 0.820312 0.310547 0.820312 0.306641 0.816406 0.306641 0.814453 0.308594 0.812500 0.308594 0.810547 0.304688 0.814453
0 0.716797 0.789062 0.714844 0.791016 0.712891 0.791016 0.712891 0.792969 0.710938 0.794922 0.707031 0.794922 0.705078 0.796875 0.705078 0.798828 0.703125 0.800781 0.699219 0.800781 0.697266 0.798828 0.697266 0.802734 0.695312 0.804688 0.693359 0.804688 0.693359 0.806641 0.691406 0.808594 0.687500 0.808594 0.687500 0.810547 0.681641 0.816406 0.679688 0.816406 0.679688 0.820312 0.681641 0.820312 0.685547 0.824219 0.687500 0.824219 0.693359 0.818359 0.697266 0.818359 0.701172 0.822266 0.705078 0.818359 0.707031 0.818359 0.710938 0.814453 0.712891 0.814453 0.714844 0.816406 0.716797 0.814453 0.718750 0.814453 0.718750 0.812500 0.720703 0.810547 0.720703 0.802734 0.718750 0.800781 0.720703 0.798828 0.720703 0.796875 0.718750 0.794922 0.716797 0.794922 0.714844 0.792969 0.716797 0.791016
0 0.789062 0.791016 0.789062 0.794922 0.792969 0.794922 0.794922 0.796875 0.792969 0.798828 0.792969 0.802734 0.796875 0.798828 0.798828 0.798828 0.800781 0.796875 0.812500 0.796875 0.810547 0.794922 0.810547 0.792969 0.804688 0.792969 0.802734 0.791016 0.800781 0.791016 0.796875 0.787109 0.794922 0.787109 0.791016 0.791016
0 0.308594 0.777344 0.302734 0.783203 0.300781 0.783203 0.300781 0.791016 0.302734 0.791016 0.308594 0.785156 0.308594 0.783203 0.310547 0.781250 0.308594 0.779297
0 0.875000 0.765625 0.873047 0.765625 0.873047 0.767578 0.871094 0.769531 0.871094 0.773438 0.869141 0.775391 0.865234 0.775391 0.863281 0.777344 0.869141 0.777344 0.873047 0.781250 0.869141 0.785156 0.867188 0.783203 0.857422 0.783203 0.855469 0.785156 0.855469 0.787109 0.857422 0.789062 0.855469 0.791016 0.855469 0.792969 0.857422 0.794922 0.857422 0.798828 0.853516 0.802734 0.855469 0.802734 0.857422 0.804688 0.859375 0.804688 0.861328 0.806641 0.867188 0.806641 0.869141 0.804688 0.869141 0.800781 0.871094 0.798828 0.871094 0.796875 0.869141 0.794922 0.873047 0.791016 0.873047 0.787109 0.878906 0.781250 0.878906 0.779297 0.876953 0.777344 0.876953 0.775391 0.878906 0.773438 0.882812 0.773438 0.882812 0.771484 0.880859 0.769531 0.878906 0.769531
0 0.656250 0.763672 0.656250 0.765625 0.654297 0.767578 0.656250 0.769531 0.656250 0.773438 0.654297 0.775391 0.654297 0.779297 0.656250 0.781250 0.656250 0.785156 0.654297 0.787109 0.654297 0.802734 0.652344 0.804688 0.646484 0.804688 0.646484 0.812500 0.648438 0.810547 0.650391 0.810547 0.652344 0.812500 0.652344 0.826172 0.654297 0.824219 0.656250 0.824219 0.658203 0.826172 0.662109 0.826172 0.664062 0.824219 0.664062 0.820312 0.666016 0.818359 0.667969 0.820312 0.667969 0.818359 0.669922 0.816406 0.671875 0.816406 0.669922 0.814453 0.666016 0.814453 0.664062 0.812500 0.664062 0.796875 0.666016 0.794922 0.666016 0.781250 0.667969 0.779297 0.667969 0.773438 0.669922 0.771484 0.667969 0.769531 0.667969 0.765625 0.666016 0.765625 0.664062 0.763672
0 0.599609 0.757812 0.599609 0.759766 0.595703 0.763672 0.593750 0.761719 0.591797 0.761719 0.591797 0.779297 0.589844 0.781250 0.578125 0.781250 0.576172 0.779297 0.574219 0.779297 0.570312 0.775391 0.572266 0.777344 0.572266 0.785156 0.574219 0.787109 0.574219 0.789062 0.576172 0.791016 0.576172 0.789062 0.578125 0.787109 0.580078 0.787109 0.583984 0.791016 0.589844 0.791016 0.591797 0.792969 0.595703 0.792969 0.597656 0.794922 0.595703 0.796875 0.597656 0.798828 0.597656 0.800781 0.601562 0.800781 0.603516 0.802734 0.603516 0.808594 0.605469 0.808594 0.605469 0.798828 0.607422 0.796875 0.607422 0.794922 0.605469 0.792969 0.605469 0.791016 0.607422 0.789062 0.605469 0.789062 0.603516 0.787109 0.603516 0.757812
0 0.570312 0.755859 0.570312 0.767578 0.572266 0.769531 0.572266 0.771484 0.572266 0.769531 0.574219 0.767578 0.576172 0.767578 0.576172 0.757812 0.574219 0.757812 0.572266 0.755859
0 0.250000 0.755859 0.242188 0.755859 0.240234 0.757812 0.236328 0.757812 0.234375 0.755859 0.230469 0.759766 0.224609 0.759766 0.222656 0.761719 0.220703 0.761719 0.218750 0.763672 0.216797 0.763672 0.210938 0.769531 0.208984 0.769531 0.205078 0.773438 0.203125 0.773438 0.199219 0.777344 0.197266 0.777344 0.195312 0.779297 0.193359 0.779297 0.193359 0.781250 0.191406 0.783203 0.191406 0.792969 0.193359 0.794922 0.197266 0.794922 0.199219 0.796875 0.201172 0.796875 0.203125 0.798828 0.205078 0.798828 0.207031 0.796875 0.220703 0.796875 0.222656 0.794922 0.224609 0.794922 0.226562 0.792969 0.228516 0.792969 0.232422 0.789062 0.234375 0.789062 0.244141 0.779297 0.244141 0.773438 0.246094 0.771484 0.246094 0.767578 0.248047 0.765625 0.250000 0.765625 0.248047 0.763672 0.250000 0.761719 0.248047 0.759766 0.250000 0.757812
0 0.289062 0.751953 0.289062 0.753906 0.291016 0.755859 0.291016 0.757812 0.289062 0.759766 0.285156 0.759766 0.283203 0.761719 0.283203 0.763672 0.285156 0.765625 0.285156 0.773438 0.287109 0.775391 0.287109 0.777344 0.289062 0.779297 0.287109 0.781250 0.291016 0.777344 0.289062 0.775391 0.291016 0.773438 0.294922 0.773438 0.294922 0.771484 0.296875 0.769531 0.296875 0.757812 0.294922 0.757812
0 0.199219 0.751953 0.197266 0.751953 0.195312 0.753906 0.185547 0.753906 0.183594 0.755859 0.181641 0.755859 0.179688 0.757812 0.177734 0.757812 0.171875 0.763672 0.171875 0.765625 0.169922 0.767578 0.169922 0.789062 0.173828 0.789062 0.175781 0.787109 0.177734 0.787109 0.177734 0.781250 0.175781 0.779297 0.175781 0.771484 0.179688 0.767578 0.179688 0.765625 0.183594 0.761719 0.185547 0.761719 0.187500 0.759766 0.191406 0.759766 0.193359 0.757812 0.197266 0.757812 0.197266 0.755859 0.199219 0.753906
0 0.550781 0.738281 0.544922 0.744141 0.542969 0.744141 0.544922 0.744141 0.546875 0.746094 0.546875 0.748047 0.550781 0.748047 0.552734 0.750000 0.552734 0.767578 0.550781 0.769531 0.550781 0.777344 0.552734 0.779297 0.552734 0.781250 0.556641 0.781250 0.560547 0.785156 0.564453 0.785156 0.564453 0.769531 0.560547 0.769531 0.558594 0.767578 0.558594 0.759766 0.556641 0.759766 0.554688 0.757812 0.554688 0.744141 0.556641 0.742188 0.556641 0.740234 0.554688 0.738281
0 0.292969 0.732422 0.292969 0.736328 0.296875 0.736328 0.298828 0.738281 0.300781 0.738281 0.302734 0.740234 0.304688 0.738281 0.306641 0.738281 0.308594 0.740234 0.306641 0.742188 0.306641 0.748047 0.304688 0.750000 0.302734 0.748047 0.298828 0.748047 0.298828 0.750000 0.302734 0.753906 0.304688 0.753906 0.306641 0.755859 0.308594 0.755859 0.304688 0.751953 0.304688 0.750000 0.306641 0.748047 0.308594 0.748047 0.310547 0.750000 0.310547 0.748047 0.312500 0.746094 0.314453 0.746094 0.310547 0.742188 0.310547 0.740234 0.306641 0.736328 0.306641 0.734375 0.304688 0.734375 0.302734 0.732422
0 0.607422 0.730469 0.597656 0.730469 0.597656 0.744141 0.599609 0.746094 0.599609 0.750000 0.601562 0.750000 0.601562 0.746094 0.605469 0.742188 0.607422 0.742188
0 0.539062 0.708984 0.537109 0.710938 0.537109 0.712891 0.533203 0.716797 0.533203 0.718750 0.531250 0.720703 0.531250 0.722656 0.533203 0.724609 0.535156 0.724609 0.537109 0.726562 0.537109 0.728516 0.539062 0.726562 0.541016 0.728516 0.542969 0.726562 0.544922 0.726562 0.546875 0.724609 0.544922 0.722656 0.544922 0.710938 0.541016 0.710938
0 0.185547 0.707031 0.181641 0.707031 0.179688 0.708984 0.175781 0.708984 0.173828 0.710938 0.169922 0.710938 0.167969 0.712891 0.166016 0.712891 0.162109 0.716797 0.160156 0.716797 0.156250 0.720703 0.154297 0.720703 0.150391 0.724609 0.148438 0.724609 0.146484 0.726562 0.144531 0.726562 0.140625 0.730469 0.140625 0.746094 0.142578 0.748047 0.142578 0.750000 0.144531 0.751953 0.144531 0.755859 0.146484 0.757812 0.150391 0.753906 0.158203 0.753906 0.160156 0.755859 0.164062 0.755859 0.166016 0.753906 0.166016 0.750000 0.169922 0.746094 0.177734 0.746094 0.179688 0.744141 0.181641 0.744141 0.183594 0.742188 0.185547 0.742188 0.191406 0.736328 0.191406 0.734375 0.193359 0.732422 0.193359 0.730469 0.191406 0.728516 0.191406 0.724609 0.189453 0.722656 0.189453 0.716797 0.187500 0.714844 0.187500 0.710938 0.185547 0.708984
0 0.517578 0.705078 0.515625 0.705078 0.513672 0.707031 0.511719 0.707031 0.509766 0.708984 0.509766 0.712891 0.515625 0.712891 0.517578 0.714844 0.517578 0.716797 0.515625 0.718750 0.515625 0.722656 0.511719 0.726562 0.511719 0.732422 0.513672 0.730469 0.515625 0.730469 0.517578 0.728516 0.519531 0.728516 0.521484 0.726562 0.519531 0.724609 0.519531 0.716797 0.515625 0.712891 0.517578 0.710938 0.517578 0.708984 0.519531 0.707031
0 0.263672 0.708984 0.263672 0.710938 0.265625 0.712891 0.265625 0.714844 0.267578 0.714844 0.269531 0.712891 0.279297 0.712891 0.281250 0.714844 0.287109 0.714844 0.285156 0.714844 0.283203 0.712891 0.277344 0.712891 0.275391 0.710938 0.275391 0.703125 0.273438 0.703125 0.271484 0.705078 0.269531 0.705078 0.267578 0.707031 0.265625 0.707031
0 0.396484 0.691406 0.396484 0.695312 0.398438 0.693359 0.402344 0.693359 0.404297 0.695312 0.404297 0.699219 0.408203 0.699219 0.408203 0.697266 0.410156 0.695312 0.412109 0.695312 0.414062 0.693359 0.416016 0.693359 0.408203 0.693359 0.406250 0.691406 0.406250 0.689453 0.398438 0.689453
0 0.427734 0.656250 0.421875 0.656250 0.419922 0.658203 0.419922 0.660156 0.417969 0.662109 0.417969 0.669922 0.416016 0.671875 0.416016 0.679688 0.417969 0.679688 0.419922 0.677734 0.419922 0.675781 0.421875 0.673828 0.421875 0.669922 0.425781 0.666016 0.427734 0.666016 0.427734 0.664062 0.425781 0.664062 0.423828 0.662109 0.423828 0.660156 0.425781 0.658203 0.429688 0.658203
0 0.468750 0.650391 0.468750 0.652344 0.470703 0.652344 0.472656 0.654297 0.472656 0.656250 0.474609 0.656250 0.478516 0.660156 0.480469 0.660156 0.482422 0.662109 0.482422 0.666016 0.484375 0.667969 0.482422 0.669922 0.486328 0.669922 0.488281 0.671875 0.490234 0.671875 0.492188 0.673828 0.492188 0.675781 0.494141 0.677734 0.492188 0.679688 0.486328 0.679688 0.486328 0.681641 0.488281 0.683594 0.488281 0.685547 0.490234 0.685547 0.490234 0.683594 0.492188 0.681641 0.494141 0.681641 0.496094 0.679688 0.500000 0.679688 0.496094 0.675781 0.496094 0.671875 0.498047 0.669922 0.498047 0.667969 0.501953 0.664062 0.503906 0.664062 0.507812 0.667969 0.507812 0.669922 0.511719 0.669922 0.513672 0.667969 0.515625 0.669922 0.517578 0.669922 0.519531 0.667969 0.521484 0.667969 0.523438 0.666016 0.531250 0.666016 0.533203 0.664062 0.535156 0.664062 0.535156 0.662109 0.533203 0.660156 0.531250 0.662109 0.529297 0.662109 0.527344 0.664062 0.525391 0.664062 0.523438 0.662109 0.521484 0.662109 0.521484 0.664062 0.519531 0.666016 0.505859 0.666016 0.503906 0.664062 0.501953 0.664062 0.500000 0.662109 0.494141 0.662109 0.490234 0.666016 0.486328 0.666016 0.482422 0.662109 0.482422 0.660156 0.484375 0.658203 0.494141 0.658203 0.496094 0.656250 0.478516 0.656250 0.476562 0.654297 0.472656 0.654297 0.470703 0.652344 0.470703 0.650391
0 0.365234 0.644531 0.365234 0.648438 0.369141 0.652344 0.367188 0.654297 0.365234 0.654297 0.367188 0.654297 0.371094 0.658203 0.371094 0.664062 0.376953 0.664062 0.378906 0.666016 0.382812 0.666016 0.390625 0.673828 0.386719 0.677734 0.386719 0.679688 0.388672 0.681641 0.388672 0.685547 0.390625 0.687500 0.392578 0.685547 0.394531 0.685547 0.392578 0.685547 0.390625 0.683594 0.390625 0.671875 0.388672 0.669922 0.392578 0.666016 0.394531 0.666016 0.394531 0.660156 0.390625 0.660156 0.388672 0.658203 0.384766 0.658203 0.380859 0.654297 0.382812 0.652344 0.382812 0.648438 0.384766 0.646484 0.384766 0.642578 0.382812 0.642578 0.380859 0.644531 0.375000 0.644531 0.373047 0.642578 0.371094 0.642578 0.369141 0.644531
0 0.472656 0.609375 0.451172 0.609375 0.453125 0.609375 0.455078 0.611328 0.458984 0.611328 0.460938 0.613281 0.462891 0.613281 0.464844 0.615234 0.464844 0.617188 0.462891 0.619141 0.458984 0.619141 0.457031 0.617188 0.447266 0.617188 0.449219 0.619141 0.447266 0.621094 0.447266 0.630859 0.449219 0.632812 0.449219 0.634766 0.451172 0.636719 0.453125 0.636719 0.455078 0.634766 0.457031 0.634766 0.458984 0.636719 0.458984 0.642578 0.460938 0.640625 0.460938 0.632812 0.457031 0.628906 0.458984 0.626953 0.464844 0.626953 0.464844 0.623047 0.466797 0.621094 0.466797 0.615234 0.468750 0.613281 0.472656 0.613281
0 0.162109 0.609375 0.158203 0.613281 0.156250 0.613281 0.154297 0.611328 0.152344 0.611328 0.152344 0.615234 0.158203 0.621094 0.164062 0.621094 0.164062 0.619141 0.166016 0.617188 0.167969 0.617188 0.167969 0.615234 0.166016 0.615234 0.162109 0.611328
0 0.226562 0.603516 0.226562 0.609375 0.228516 0.609375 0.230469 0.611328 0.232422 0.611328 0.234375 0.609375 0.234375 0.607422 0.232422 0.605469 0.234375 0.603516 0.232422 0.605469 0.228516 0.605469
0 0.998047 0.595703 0.992188 0.607422 0.976562 0.611328 0.976562 0.615234 0.962891 0.625000 0.960938 0.638672 0.957031 0.638672 0.955078 0.642578 0.953125 0.640625 0.947266 0.642578 0.958984 0.644531 0.957031 0.660156 0.958984 0.671875 0.953125 0.679688 0.953125 0.685547 0.949219 0.689453 0.943359 0.687500 0.941406 0.691406 0.943359 0.695312 0.941406 0.697266 0.939453 0.695312 0.931641 0.708984 0.933594 0.716797 0.929688 0.724609 0.919922 0.728516 0.921875 0.738281 0.912109 0.746094 0.896484 0.751953 0.900391 0.755859 0.900391 0.761719 0.908203 0.763672 0.916016 0.751953 0.925781 0.751953 0.919922 0.748047 0.925781 0.744141 0.925781 0.734375 0.927734 0.732422 0.931641 0.734375 0.933594 0.730469 0.935547 0.765625 0.949219 0.771484 0.953125 0.777344 0.955078 0.791016 0.966797 0.792969 0.964844 0.787109 0.970703 0.783203 0.992188 0.791016 0.998047 0.798828 0.996094 0.800781 0.980469 0.796875 0.992188 0.806641 0.990234 0.818359 0.998047 0.822266 0.998047 0.785156 0.994141 0.781250 0.982422 0.779297 0.986328 0.767578 0.998047 0.757812 0.998047 0.732422 0.994141 0.728516 0.990234 0.732422 0.986328 0.728516 0.970703 0.728516 0.968750 0.736328 0.947266 0.734375 0.951172 0.732422 0.947266 0.730469 0.951172 0.726562 0.947266 0.724609 0.960938 0.695312 0.958984 0.691406 0.960938 0.689453 0.968750 0.691406 0.970703 0.681641 0.974609 0.679688 0.980469 0.667969 0.976562 0.658203 0.984375 0.648438 0.990234 0.646484 0.990234 0.640625 0.986328 0.638672 0.990234 0.634766 0.998047 0.636719 0.998047 0.628906 0.992188 0.626953 0.988281 0.630859 0.982422 0.630859 0.978516 0.625000 0.982422 0.619141 0.998047 0.621094
0 0.212891 0.593750 0.212891 0.601562 0.220703 0.601562 0.222656 0.599609 0.230469 0.599609 0.228516 0.597656 0.222656 0.597656 0.222656 0.599609 0.220703 0.601562 0.218750 0.601562 0.212891 0.595703 0.216797 0.591797 0.218750 0.591797 0.218750 0.587891 0.218750 0.589844 0.216797 0.591797 0.214844 0.591797
0 0.175781 0.587891 0.173828 0.587891 0.169922 0.591797 0.169922 0.593750 0.167969 0.595703 0.166016 0.595703 0.167969 0.595703 0.171875 0.599609 0.171875 0.597656 0.169922 0.595703 0.171875 0.593750 0.177734 0.593750 0.175781 0.591797
0 0.216797 0.578125 0.214844 0.578125 0.212891 0.576172 0.210938 0.576172 0.207031 0.580078 0.205078 0.580078 0.207031 0.580078 0.208984 0.582031 0.207031 0.583984 0.205078 0.583984 0.205078 0.587891 0.214844 0.587891 0.212891 0.587891 0.210938 0.585938 0.212891 0.583984 0.214844 0.583984 0.214844 0.582031 0.216797 0.580078
0 0.990234 0.570312 0.988281 0.570312 0.984375 0.574219 0.982422 0.574219 0.978516 0.578125 0.980469 0.578125 0.984375 0.582031 0.984375 0.583984 0.986328 0.585938 0.986328 0.593750 0.990234 0.593750 0.990234 0.591797 0.992188 0.589844 0.994141 0.589844 0.994141 0.587891 0.992188 0.585938 0.994141 0.583984 0.992188 0.585938 0.990234 0.585938 0.988281 0.583984 0.990234 0.582031 0.990234 0.580078 0.992188 0.578125 0.992188 0.574219 0.990234 0.572266
0 0.115234 0.570312 0.113281 0.570312 0.113281 0.576172 0.107422 0.580078 0.107422 0.583984 0.105469 0.585938 0.103516 0.585938 0.099609 0.589844 0.093750 0.589844 0.091797 0.591797 0.087891 0.591797 0.087891 0.597656 0.085938 0.599609 0.085938 0.603516 0.083984 0.605469 0.087891 0.609375 0.093750 0.609375 0.095703 0.607422 0.099609 0.607422 0.103516 0.611328 0.105469 0.611328 0.109375 0.615234 0.113281 0.615234 0.115234 0.617188 0.115234 0.621094 0.113281 0.623047 0.113281 0.625000 0.109375 0.628906 0.107422 0.628906 0.105469 0.626953 0.103516 0.626953 0.103516 0.630859 0.101562 0.632812 0.101562 0.636719 0.099609 0.638672 0.101562 0.640625 0.101562 0.644531 0.103516 0.644531 0.105469 0.646484 0.107422 0.644531 0.109375 0.644531 0.109375 0.642578 0.111328 0.640625 0.113281 0.642578 0.115234 0.642578 0.115234 0.640625 0.111328 0.636719 0.115234 0.632812 0.119141 0.632812 0.123047 0.636719 0.128906 0.636719 0.128906 0.623047 0.130859 0.621094 0.136719 0.621094 0.136719 0.619141 0.142578 0.615234 0.142578 0.613281 0.138672 0.617188 0.136719 0.615234 0.130859 0.615234 0.128906 0.613281 0.128906 0.609375 0.130859 0.607422 0.132812 0.607422 0.132812 0.603516 0.128906 0.603516 0.126953 0.605469 0.123047 0.601562 0.123047 0.599609 0.121094 0.599609 0.119141 0.597656 0.119141 0.595703 0.117188 0.593750 0.119141 0.591797 0.119141 0.589844 0.121094 0.587891 0.121094 0.585938 0.123047 0.583984 0.125000 0.583984 0.125000 0.582031 0.121094 0.578125 0.121094 0.576172 0.119141 0.576172 0.117188 0.574219 0.117188 0.572266
0 0.476562 0.574219 0.478516 0.576172 0.484375 0.576172 0.486328 0.574219 0.494141 0.574219 0.498047 0.570312 0.498047 0.568359 0.496094 0.568359 0.494141 0.566406 0.490234 0.566406 0.488281 0.564453 0.488281 0.562500 0.486328 0.562500 0.484375 0.560547 0.482422 0.560547 0.482422 0.568359
0 0.812500 0.546875 0.810547 0.548828 0.812500 0.550781 0.812500 0.560547 0.818359 0.560547 0.820312 0.558594 0.820312 0.556641 0.818359 0.554688 0.816406 0.554688 0.814453 0.552734 0.814453 0.546875
0 0.560547 0.537109 0.558594 0.537109 0.556641 0.535156 0.556641 0.533203 0.552734 0.537109 0.550781 0.537109 0.550781 0.539062 0.548828 0.541016 0.548828 0.542969 0.544922 0.546875 0.544922 0.548828 0.541016 0.552734 0.544922 0.552734 0.548828 0.548828 0.550781 0.548828 0.552734 0.546875 0.552734 0.544922
0 0.128906 0.546875 0.119141 0.544922 0.115234 0.539062 0.113281 0.541016 0.107422 0.541016 0.103516 0.537109 0.103516 0.533203 0.099609 0.531250 0.089844 0.537109 0.083984 0.550781 0.070312 0.564453 0.058594 0.570312 0.052734 0.570312 0.050781 0.568359 0.050781 0.562500 0.048828 0.558594 0.044922 0.556641 0.046875 0.552734 0.041016 0.550781 0.041016 0.544922 0.035156 0.546875 0.042969 0.552734 0.029297 0.560547 0.029297 0.568359 0.037109 0.572266 0.037109 0.576172 0.029297 0.580078 0.029297 0.582031 0.035156 0.582031 0.037109 0.578125 0.042969 0.582031 0.039062 0.593750 0.033203 0.595703 0.039062 0.599609 0.039062 0.605469 0.037109 0.607422 0.029297 0.607422 0.019531 0.603516 0.019531 0.613281 0.017578 0.615234 0.011719 0.615234 0.017578 0.615234 0.019531 0.617188 0.013672 0.623047 0.007812 0.623047 0.005859 0.625000 0.000000 0.623047 0.001953 0.619141 0.005859 0.617188 0.009766 0.607422 0.000000 0.607422 0.000000 0.650391 0.013672 0.648438 0.021484 0.638672 0.031250 0.638672 0.035156 0.646484 0.037109 0.644531 0.041016 0.646484 0.041016 0.640625 0.044922 0.632812 0.048828 0.628906 0.058594 0.626953 0.066406 0.621094 0.064453 0.617188 0.064453 0.599609 0.066406 0.597656 0.064453 0.595703 0.064453 0.587891 0.074219 0.583984 0.082031 0.572266 0.091797 0.570312 0.097656 0.564453 0.101562 0.556641 0.103516 0.562500 0.113281 0.560547 0.111328 0.558594 0.117188 0.552734
0 0.960938 0.523438 0.960938 0.527344 0.972656 0.527344 0.972656 0.525391 0.970703 0.525391 0.968750 0.523438 0.968750 0.521484 0.962891 0.521484
0 0.673828 0.521484 0.673828 0.523438 0.671875 0.525391 0.671875 0.535156 0.669922 0.537109 0.669922 0.542969 0.667969 0.544922 0.667969 0.546875 0.669922 0.546875 0.669922 0.542969 0.671875 0.541016 0.671875 0.539062 0.673828 0.537109
0 0.048828 0.523438 0.048828 0.531250 0.050781 0.533203 0.052734 0.533203 0.054688 0.531250 0.056641 0.531250 0.058594 0.529297 0.060547 0.531250 0.060547 0.533203 0.064453 0.537109 0.066406 0.537109 0.068359 0.535156 0.080078 0.535156 0.080078 0.531250 0.078125 0.529297 0.076172 0.531250 0.072266 0.531250 0.070312 0.529297 0.070312 0.525391 0.068359 0.525391 0.066406 0.523438 0.066406 0.521484 0.064453 0.521484 0.062500 0.523438 0.060547 0.521484 0.050781 0.521484
0 0.107422 0.507812 0.107422 0.511719 0.109375 0.513672 0.117188 0.513672 0.115234 0.511719 0.115234 0.507812
0 0.000000 0.527344 0.003906 0.527344 0.005859 0.525391 0.005859 0.517578 0.007812 0.515625 0.009766 0.517578 0.009766 0.515625 0.011719 0.513672 0.013672 0.513672 0.015625 0.515625 0.015625 0.519531 0.009766 0.525391 0.009766 0.527344 0.021484 0.527344 0.023438 0.525391 0.023438 0.523438 0.025391 0.521484 0.025391 0.513672 0.027344 0.511719 0.027344 0.509766 0.029297 0.507812 0.033203 0.507812 0.000000 0.507812
0 0.986328 0.505859 0.986328 0.509766 0.988281 0.509766 0.990234 0.511719 0.994141 0.511719 0.996094 0.513672 0.996094 0.515625 0.998047 0.517578 0.998047 0.505859
0 0.814453 0.505859 0.814453 0.517578 0.816406 0.519531 0.816406 0.521484 0.814453 0.523438 0.814453 0.525391 0.810547 0.529297 0.806641 0.529297 0.804688 0.531250 0.806641 0.531250 0.808594 0.533203 0.810547 0.533203 0.816406 0.539062 0.822266 0.539062 0.822266 0.537109 0.824219 0.535156 0.824219 0.529297 0.826172 0.527344 0.832031 0.527344 0.832031 0.513672 0.830078 0.515625 0.828125 0.513672 0.826172 0.513672 0.824219 0.511719 0.826172 0.509766 0.826172 0.507812 0.824219 0.507812 0.822266 0.505859
0 0.269531 0.501953 0.275391 0.507812 0.273438 0.509766 0.275391 0.511719 0.273438 0.513672 0.271484 0.513672 0.269531 0.511719 0.269531 0.513672 0.271484 0.513672 0.273438 0.515625 0.275391 0.515625 0.277344 0.513672 0.279297 0.513672 0.277344 0.513672 0.275391 0.511719 0.275391 0.509766 0.277344 0.507812 0.279297 0.507812 0.281250 0.509766 0.287109 0.509766 0.291016 0.513672 0.292969 0.513672 0.294922 0.515625 0.298828 0.515625 0.291016 0.507812 0.283203 0.507812 0.279297 0.503906 0.275391 0.503906 0.273438 0.501953
0 0.568359 0.496094 0.566406 0.498047 0.564453 0.498047 0.562500 0.500000 0.560547 0.498047 0.560547 0.501953 0.558594 0.503906 0.558594 0.507812 0.560547 0.509766 0.560547 0.515625 0.558594 0.517578 0.558594 0.525391 0.560547 0.525391 0.560547 0.523438 0.562500 0.521484 0.562500 0.517578 0.564453 0.515625 0.564453 0.513672 0.562500 0.511719 0.564453 0.509766 0.568359 0.509766 0.568359 0.503906 0.570312 0.501953 0.572266 0.501953 0.572266 0.500000 0.570312 0.500000 0.568359 0.498047
0 0.587891 0.496094 0.587891 0.498047 0.589844 0.500000 0.589844 0.501953 0.597656 0.501953 0.597656 0.498047 0.595703 0.498047 0.591797 0.494141 0.589844 0.494141
0 0.509766 0.496094 0.511719 0.496094 0.513672 0.498047 0.517578 0.498047 0.519531 0.496094 0.525391 0.496094 0.525391 0.492188 0.521484 0.492188 0.519531 0.490234 0.513672 0.490234 0.511719 0.492188 0.511719 0.494141
0 0.818359 0.488281 0.818359 0.500000 0.822266 0.500000 0.824219 0.498047 0.824219 0.492188 0.822266 0.492188 0.820312 0.490234 0.820312 0.488281
0 0.740234 0.486328 0.740234 0.490234 0.738281 0.492188 0.740234 0.494141 0.744141 0.494141 0.748047 0.498047 0.748047 0.509766 0.750000 0.509766 0.750000 0.507812 0.751953 0.505859 0.753906 0.505859 0.753906 0.500000 0.750000 0.496094 0.750000 0.488281 0.748047 0.486328 0.746094 0.488281 0.742188 0.488281
0 0.304688 0.546875 0.300781 0.544922 0.294922 0.548828 0.283203 0.546875 0.275391 0.537109 0.285156 0.531250 0.285156 0.525391 0.273438 0.519531 0.269531 0.519531 0.261719 0.513672 0.244141 0.509766 0.242188 0.507812 0.242188 0.501953 0.234375 0.503906 0.232422 0.500000 0.216797 0.507812 0.207031 0.507812 0.203125 0.501953 0.205078 0.500000 0.216797 0.500000 0.220703 0.496094 0.224609 0.496094 0.224609 0.494141 0.234375 0.486328 0.228516 0.492188 0.220703 0.494141 0.216797 0.498047 0.203125 0.498047 0.201172 0.492188 0.181641 0.496094 0.175781 0.500000 0.179688 0.501953 0.175781 0.507812 0.167969 0.507812 0.175781 0.507812 0.177734 0.509766 0.173828 0.517578 0.166016 0.517578 0.167969 0.519531 0.167969 0.535156 0.162109 0.541016 0.152344 0.541016 0.142578 0.544922 0.142578 0.548828 0.148438 0.554688 0.146484 0.560547 0.152344 0.564453 0.152344 0.568359 0.156250 0.566406 0.158203 0.570312 0.160156 0.570312 0.162109 0.564453 0.167969 0.570312 0.169922 0.570312 0.171875 0.566406 0.175781 0.572266 0.181641 0.572266 0.183594 0.574219 0.187500 0.572266 0.189453 0.568359 0.199219 0.568359 0.201172 0.570312 0.199219 0.568359 0.201172 0.564453 0.205078 0.562500 0.210938 0.564453 0.214844 0.560547 0.218750 0.562500 0.222656 0.556641 0.228516 0.554688 0.232422 0.556641 0.232422 0.560547 0.226562 0.566406 0.220703 0.566406 0.224609 0.570312 0.228516 0.570312 0.236328 0.564453 0.236328 0.562500 0.232422 0.560547 0.236328 0.556641 0.238281 0.558594 0.242188 0.556641 0.250000 0.556641 0.251953 0.558594 0.250000 0.556641 0.257812 0.550781 0.259766 0.552734 0.259766 0.558594 0.265625 0.560547 0.269531 0.552734 0.273438 0.552734 0.275391 0.556641 0.279297 0.558594 0.285156 0.558594 0.287109 0.556641 0.294922 0.556641 0.296875 0.558594 0.296875 0.552734 0.298828 0.550781 0.304688 0.550781
0 0.201172 0.486328 0.199219 0.484375 0.187500 0.484375 0.185547 0.486328 0.181641 0.486328 0.179688 0.488281 0.177734 0.488281 0.171875 0.494141 0.169922 0.494141 0.167969 0.496094 0.173828 0.496094 0.175781 0.494141 0.177734 0.494141 0.179688 0.492188 0.181641 0.492188 0.183594 0.490234 0.185547 0.490234 0.187500 0.488281 0.195312 0.488281 0.197266 0.486328
0 0.255859 0.482422 0.257812 0.482422 0.259766 0.484375 0.261719 0.484375 0.265625 0.488281 0.265625 0.490234 0.269531 0.490234 0.271484 0.492188 0.273438 0.492188 0.275391 0.494141 0.277344 0.494141 0.279297 0.496094 0.287109 0.496094 0.289062 0.494141 0.291016 0.494141 0.294922 0.498047 0.300781 0.498047 0.302734 0.500000 0.304688 0.500000 0.306641 0.498047 0.306641 0.496094 0.304688 0.494141 0.302734 0.494141 0.298828 0.490234 0.296875 0.490234 0.294922 0.488281 0.292969 0.488281 0.291016 0.486328 0.289062 0.486328 0.287109 0.488281 0.285156 0.488281 0.281250 0.492188 0.277344 0.492188 0.275391 0.490234 0.273438 0.490234 0.271484 0.488281 0.271484 0.484375 0.267578 0.480469 0.265625 0.480469 0.263672 0.478516 0.263672 0.476562 0.257812 0.482422
0 0.435547 0.472656 0.433594 0.472656 0.431641 0.476562 0.433594 0.478516 0.431641 0.480469 0.431641 0.488281 0.433594 0.490234 0.439453 0.490234 0.443359 0.492188 0.447266 0.500000 0.443359 0.503906 0.435547 0.501953 0.433594 0.505859 0.435547 0.505859 0.437500 0.509766 0.435547 0.511719 0.429688 0.511719 0.427734 0.517578 0.433594 0.523438 0.433594 0.525391 0.441406 0.525391 0.443359 0.529297 0.447266 0.531250 0.447266 0.533203 0.445312 0.535156 0.439453 0.535156 0.437500 0.531250 0.431641 0.531250 0.433594 0.542969 0.429688 0.546875 0.425781 0.546875 0.425781 0.550781 0.423828 0.552734 0.425781 0.560547 0.439453 0.566406 0.437500 0.570312 0.421875 0.570312 0.425781 0.578125 0.423828 0.580078 0.419922 0.580078 0.417969 0.578125 0.417969 0.583984 0.419922 0.583984 0.427734 0.591797 0.431641 0.587891 0.429688 0.583984 0.433594 0.580078 0.437500 0.580078 0.439453 0.583984 0.443359 0.585938 0.443359 0.583984 0.451172 0.576172 0.451172 0.574219 0.447266 0.572266 0.447266 0.566406 0.453125 0.556641 0.457031 0.556641 0.457031 0.554688 0.460938 0.552734 0.462891 0.554688 0.462891 0.558594 0.462891 0.554688 0.464844 0.552734 0.462891 0.546875 0.466797 0.544922 0.466797 0.533203 0.468750 0.531250 0.468750 0.527344 0.474609 0.521484 0.476562 0.521484 0.476562 0.515625 0.478516 0.513672 0.478516 0.509766 0.470703 0.509766 0.472656 0.511719 0.468750 0.515625 0.464844 0.511719 0.464844 0.509766 0.462891 0.511719 0.460938 0.507812 0.464844 0.505859 0.464844 0.500000 0.466797 0.498047 0.472656 0.500000 0.470703 0.496094 0.466797 0.496094 0.464844 0.492188 0.464844 0.498047 0.462891 0.500000 0.460938 0.498047 0.458984 0.500000 0.453125 0.496094 0.455078 0.492188 0.458984 0.490234 0.458984 0.488281 0.455078 0.486328 0.458984 0.484375 0.458984 0.482422 0.455078 0.482422 0.451172 0.478516 0.443359 0.474609 0.437500 0.474609
0 0.697266 0.480469 0.693359 0.482422 0.689453 0.478516 0.685547 0.478516 0.685547 0.480469 0.681641 0.484375 0.679688 0.482422 0.675781 0.482422 0.669922 0.490234 0.666016 0.490234 0.662109 0.494141 0.660156 0.494141 0.658203 0.492188 0.658203 0.486328 0.662109 0.482422 0.662109 0.478516 0.658203 0.476562 0.658203 0.472656 0.650391 0.466797 0.648438 0.466797 0.646484 0.468750 0.654297 0.478516 0.652344 0.480469 0.646484 0.480469 0.640625 0.474609 0.642578 0.472656 0.642578 0.468750 0.636719 0.466797 0.632812 0.470703 0.632812 0.472656 0.626953 0.476562 0.632812 0.476562 0.634766 0.472656 0.640625 0.480469 0.638672 0.482422 0.634766 0.480469 0.628906 0.480469 0.628906 0.484375 0.625000 0.488281 0.623047 0.486328 0.621094 0.488281 0.615234 0.488281 0.619141 0.492188 0.628906 0.492188 0.630859 0.496094 0.636719 0.500000 0.640625 0.496094 0.642578 0.500000 0.648438 0.500000 0.650391 0.501953 0.646484 0.503906 0.646484 0.511719 0.636719 0.521484 0.634766 0.537109 0.638672 0.537109 0.640625 0.535156 0.640625 0.533203 0.636719 0.529297 0.636719 0.527344 0.642578 0.523438 0.640625 0.521484 0.644531 0.519531 0.650391 0.523438 0.648438 0.515625 0.652344 0.513672 0.662109 0.503906 0.666016 0.505859 0.664062 0.507812 0.664062 0.511719 0.660156 0.515625 0.658203 0.515625 0.658203 0.517578 0.666016 0.517578 0.667969 0.515625 0.667969 0.509766 0.671875 0.505859 0.671875 0.503906 0.666016 0.501953 0.662109 0.498047 0.664062 0.494141 0.666016 0.496094 0.673828 0.496094 0.679688 0.500000 0.677734 0.503906 0.695312 0.503906 0.695312 0.500000 0.701172 0.492188 0.701172 0.486328 0.699219 0.488281 0.697266 0.486328
0 0.964844 0.458984 0.957031 0.458984 0.955078 0.460938 0.953125 0.460938 0.951172 0.462891 0.947266 0.462891 0.947266 0.464844 0.945312 0.466797 0.941406 0.466797 0.939453 0.468750 0.929688 0.468750 0.929688 0.476562 0.927734 0.478516 0.923828 0.478516 0.923828 0.488281 0.925781 0.488281 0.927734 0.486328 0.927734 0.482422 0.929688 0.480469 0.937500 0.480469 0.939453 0.478516 0.941406 0.478516 0.943359 0.476562 0.949219 0.476562 0.951172 0.474609 0.951172 0.472656 0.949219 0.470703 0.953125 0.466797 0.955078 0.466797 0.957031 0.464844 0.958984 0.464844
0 0.796875 0.458984 0.794922 0.460938 0.794922 0.464844 0.792969 0.466797 0.792969 0.468750 0.791016 0.470703 0.792969 0.472656 0.796875 0.472656
0 0.753906 0.458984 0.750000 0.458984 0.750000 0.462891 0.748047 0.464844 0.748047 0.478516 0.750000 0.478516 0.751953 0.476562 0.753906 0.476562 0.753906 0.468750 0.751953 0.466797 0.751953 0.462891 0.753906 0.460938
0 0.238281 0.458984 0.230469 0.466797 0.228516 0.466797 0.226562 0.468750 0.226562 0.470703 0.222656 0.474609 0.220703 0.474609 0.216797 0.478516 0.214844 0.478516 0.212891 0.480469 0.208984 0.480469 0.207031 0.482422 0.214844 0.482422 0.220703 0.476562 0.222656 0.476562 0.226562 0.472656 0.230469 0.472656 0.234375 0.468750 0.234375 0.466797 0.238281 0.462891
0 0.941406 0.457031 0.937500 0.457031 0.935547 0.455078 0.933594 0.455078 0.931641 0.457031 0.927734 0.457031 0.927734 0.460938 0.929688 0.462891 0.931641 0.462891 0.933594 0.460938 0.939453 0.460938 0.939453 0.458984
0 0.455078 0.457031 0.455078 0.458984 0.458984 0.458984 0.464844 0.464844 0.466797 0.464844 0.470703 0.468750 0.470703 0.472656 0.472656 0.474609 0.478516 0.474609 0.478516 0.468750 0.476562 0.468750 0.474609 0.466797 0.474609 0.464844 0.470703 0.464844 0.464844 0.458984 0.462891 0.458984 0.458984 0.455078 0.457031 0.455078
0 0.089844 0.453125 0.087891 0.453125 0.083984 0.457031 0.083984 0.458984 0.087891 0.462891 0.087891 0.464844 0.091797 0.460938 0.089844 0.458984 0.091797 0.457031 0.089844 0.455078
0 0.447266 0.451172 0.445312 0.453125 0.445312 0.455078 0.443359 0.457031 0.443359 0.458984 0.445312 0.460938 0.447266 0.460938 0.449219 0.462891 0.449219 0.458984 0.451172 0.457031 0.451172 0.453125 0.449219 0.451172
0 0.832031 0.447266 0.828125 0.451172 0.826172 0.451172 0.828125 0.453125 0.828125 0.455078 0.826172 0.457031 0.824219 0.455078 0.818359 0.455078 0.818359 0.457031 0.822266 0.457031 0.824219 0.458984 0.822266 0.460938 0.820312 0.460938 0.820312 0.464844 0.824219 0.464844 0.826172 0.462891 0.828125 0.464844 0.828125 0.468750 0.826172 0.470703 0.822266 0.470703 0.824219 0.472656 0.822266 0.474609 0.822266 0.476562 0.820312 0.478516 0.818359 0.478516 0.818359 0.482422 0.822266 0.482422 0.824219 0.480469 0.826172 0.480469 0.828125 0.482422 0.828125 0.476562 0.826172 0.474609 0.826172 0.470703 0.830078 0.466797 0.832031 0.466797 0.833984 0.468750 0.833984 0.460938 0.832031 0.458984
0 0.167969 0.453125 0.169922 0.453125 0.171875 0.451172 0.175781 0.451172 0.177734 0.449219 0.177734 0.447266 0.167969 0.447266
0 0.285156 0.449219 0.285156 0.451172 0.287109 0.449219 0.291016 0.449219 0.294922 0.453125 0.294922 0.458984 0.302734 0.466797 0.308594 0.466797 0.312500 0.470703 0.314453 0.470703 0.314453 0.468750 0.316406 0.466797 0.320312 0.470703 0.320312 0.472656 0.322266 0.472656 0.322266 0.470703 0.324219 0.468750 0.328125 0.468750 0.332031 0.464844 0.330078 0.464844 0.328125 0.462891 0.324219 0.462891 0.322266 0.460938 0.320312 0.460938 0.318359 0.458984 0.314453 0.462891 0.310547 0.462891 0.308594 0.464844 0.304688 0.464844 0.300781 0.460938 0.300781 0.458984 0.302734 0.457031 0.304688 0.458984 0.306641 0.458984 0.306641 0.457031 0.310547 0.453125 0.310547 0.451172 0.308594 0.449219 0.308594 0.447266 0.304688 0.447266 0.302734 0.445312 0.298828 0.445312 0.296875 0.447266 0.298828 0.445312 0.304688 0.451172 0.304688 0.453125 0.302734 0.455078 0.300781 0.453125 0.298828 0.455078 0.296875 0.453125 0.294922 0.453125 0.289062 0.447266 0.287109 0.447266
0 0.894531 0.462891 0.898438 0.462891 0.902344 0.466797 0.910156 0.466797 0.912109 0.464844 0.916016 0.464844 0.917969 0.462891 0.919922 0.462891 0.919922 0.460938 0.917969 0.462891 0.912109 0.462891 0.910156 0.460938 0.910156 0.455078 0.908203 0.453125 0.908203 0.451172 0.910156 0.449219 0.910156 0.447266 0.906250 0.447266 0.904297 0.445312 0.904297 0.443359 0.904297 0.445312 0.902344 0.447266 0.902344 0.458984 0.898438 0.462891
0 0.851562 0.439453 0.849609 0.439453 0.849609 0.441406 0.845703 0.445312 0.843750 0.445312 0.843750 0.449219 0.841797 0.451172 0.839844 0.451172 0.839844 0.453125 0.841797 0.455078 0.841797 0.492188 0.839844 0.494141 0.837891 0.494141 0.837891 0.500000 0.839844 0.500000 0.841797 0.501953 0.843750 0.501953 0.845703 0.500000 0.847656 0.500000 0.847656 0.476562 0.845703 0.476562 0.843750 0.474609 0.845703 0.472656 0.847656 0.472656 0.847656 0.466797 0.849609 0.464844 0.851562 0.464844 0.853516 0.466797 0.853516 0.468750 0.851562 0.470703 0.851562 0.472656 0.853516 0.472656 0.857422 0.476562 0.857422 0.492188 0.869141 0.492188 0.871094 0.490234 0.871094 0.484375 0.869141 0.482422 0.871094 0.480469 0.871094 0.476562 0.865234 0.476562 0.863281 0.474609 0.863281 0.464844 0.865234 0.462891 0.865234 0.451172 0.863281 0.451172 0.863281 0.458984 0.859375 0.462891 0.853516 0.462891 0.851562 0.464844 0.849609 0.464844 0.847656 0.462891 0.847656 0.451172 0.849609 0.449219 0.851562 0.449219
0 0.080078 0.455078 0.074219 0.451172 0.070312 0.451172 0.068359 0.453125 0.066406 0.451172 0.066406 0.447266 0.064453 0.445312 0.058594 0.445312 0.056641 0.443359 0.056641 0.441406 0.046875 0.443359 0.044922 0.441406 0.039062 0.439453 0.037109 0.441406 0.037109 0.443359 0.029297 0.451172 0.023438 0.447266 0.025391 0.445312 0.025391 0.443359 0.023438 0.441406 0.019531 0.441406 0.015625 0.445312 0.015625 0.451172 0.011719 0.455078 0.011719 0.458984 0.015625 0.458984 0.017578 0.460938 0.015625 0.466797 0.011719 0.470703 0.007812 0.466797 0.009766 0.464844 0.009766 0.462891 0.007812 0.464844 0.005859 0.470703 0.001953 0.474609 0.000000 0.474609 0.000000 0.501953 0.003906 0.501953 0.005859 0.500000 0.009766 0.500000 0.011719 0.501953 0.013672 0.500000 0.023438 0.500000 0.021484 0.498047 0.025391 0.494141 0.025391 0.490234 0.021484 0.486328 0.021484 0.482422 0.019531 0.480469 0.021484 0.478516 0.027344 0.480469 0.029297 0.482422 0.029297 0.484375 0.035156 0.488281 0.037109 0.486328 0.041016 0.486328 0.042969 0.488281 0.042969 0.490234 0.042969 0.486328 0.041016 0.486328 0.035156 0.482422 0.029297 0.482422 0.027344 0.480469 0.027344 0.478516 0.029297 0.476562 0.031250 0.478516 0.035156 0.478516 0.037109 0.476562 0.039062 0.476562 0.041016 0.478516 0.041016 0.480469 0.042969 0.482422 0.044922 0.482422 0.046875 0.480469 0.048828 0.474609 0.052734 0.470703 0.058594 0.470703 0.060547 0.472656 0.064453 0.472656 0.066406 0.474609 0.068359 0.474609 0.070312 0.472656 0.066406 0.472656 0.062500 0.468750 0.062500 0.464844 0.064453 0.462891 0.066406 0.462891 0.066406 0.460938 0.068359 0.458984 0.080078 0.458984
0 0.000000 0.687500 0.000000 0.705078 0.041016 0.728516 0.095703 0.736328 0.144531 0.685547 0.242188 0.673828 0.306641 0.630859 0.320312 0.632812 0.312500 0.697266 0.361328 0.714844 0.357422 0.771484 0.369141 0.798828 0.427734 0.800781 0.500000 0.775391 0.517578 0.785156 0.501953 0.820312 0.509766 0.849609 0.535156 0.882812 0.578125 0.898438 0.591797 0.912109 0.583984 0.929688 0.544922 0.925781 0.533203 0.935547 0.533203 0.949219 0.564453 0.996094 0.578125 0.998047 0.541016 0.939453 0.548828 0.931641 0.587891 0.937500 0.603516 0.925781 0.603516 0.910156 0.580078 0.888672 0.544922 0.882812 0.511719 0.841797 0.509766 0.824219 0.525391 0.802734 0.525391 0.781250 0.511719 0.769531 0.494141 0.769531 0.408203 0.798828 0.378906 0.798828 0.365234 0.779297 0.373047 0.716797 0.363281 0.703125 0.328125 0.701172 0.320312 0.693359 0.330078 0.640625 0.322266 0.619141 0.382812 0.583984 0.398438 0.541016 0.375000 0.435547 0.361328 0.437500 0.375000 0.537109 0.361328 0.566406 0.339844 0.589844 0.296875 0.609375 0.271484 0.636719 0.218750 0.660156 0.140625 0.669922 0.083984 0.716797 0.056641 0.716797
0 0.921875 0.419922 0.921875 0.427734 0.919922 0.429688 0.919922 0.431641 0.923828 0.431641 0.927734 0.435547 0.929688 0.433594 0.935547 0.439453 0.935547 0.441406 0.937500 0.443359 0.937500 0.449219 0.939453 0.449219 0.939453 0.445312 0.941406 0.443359 0.943359 0.443359 0.945312 0.441406 0.951172 0.441406 0.953125 0.439453 0.958984 0.439453 0.958984 0.435547 0.957031 0.433594 0.947266 0.433594 0.945312 0.431641 0.943359 0.431641 0.941406 0.429688 0.943359 0.427734 0.947266 0.427734 0.949219 0.425781 0.953125 0.425781 0.955078 0.423828 0.957031 0.423828 0.955078 0.423828 0.951172 0.419922 0.951172 0.417969 0.941406 0.417969 0.939453 0.419922 0.935547 0.419922 0.929688 0.414062 0.927734 0.416016 0.927734 0.419922 0.925781 0.421875 0.923828 0.419922
0 0.173828 0.408203 0.175781 0.408203 0.177734 0.410156 0.177734 0.412109 0.179688 0.412109 0.181641 0.414062 0.181641 0.416016 0.183594 0.416016 0.185547 0.417969 0.185547 0.419922 0.185547 0.408203 0.183594 0.406250 0.183594 0.404297 0.181641 0.406250 0.179688 0.406250 0.177734 0.408203
0 0.093750 0.443359 0.095703 0.445312 0.093750 0.453125 0.103516 0.453125 0.107422 0.458984 0.107422 0.466797 0.111328 0.468750 0.107422 0.474609 0.117188 0.480469 0.117188 0.470703 0.121094 0.466797 0.125000 0.470703 0.123047 0.488281 0.126953 0.490234 0.125000 0.484375 0.130859 0.478516 0.138672 0.478516 0.142578 0.484375 0.140625 0.498047 0.146484 0.500000 0.150391 0.496094 0.156250 0.496094 0.154297 0.492188 0.156250 0.490234 0.171875 0.486328 0.185547 0.476562 0.189453 0.478516 0.197266 0.476562 0.208984 0.464844 0.218750 0.468750 0.224609 0.462891 0.222656 0.458984 0.224609 0.455078 0.232422 0.451172 0.228516 0.453125 0.226562 0.447266 0.236328 0.439453 0.232422 0.433594 0.236328 0.431641 0.238281 0.419922 0.226562 0.416016 0.220703 0.419922 0.214844 0.416016 0.216797 0.419922 0.210938 0.421875 0.205078 0.429688 0.191406 0.419922 0.191406 0.429688 0.187500 0.441406 0.183594 0.445312 0.187500 0.455078 0.185547 0.457031 0.179688 0.455078 0.160156 0.466797 0.156250 0.457031 0.158203 0.439453 0.156250 0.437500 0.160156 0.433594 0.166016 0.435547 0.166016 0.417969 0.162109 0.417969 0.164062 0.423828 0.162109 0.433594 0.158203 0.433594 0.156250 0.425781 0.148438 0.421875 0.144531 0.427734 0.138672 0.429688 0.140625 0.439453 0.132812 0.441406 0.130859 0.439453 0.132812 0.435547 0.130859 0.425781 0.140625 0.416016 0.136719 0.412109 0.136719 0.408203 0.142578 0.402344 0.121094 0.402344 0.119141 0.406250 0.111328 0.410156 0.111328 0.416016 0.107422 0.417969 0.111328 0.429688 0.109375 0.431641 0.111328 0.437500 0.107422 0.441406 0.107422 0.445312 0.103516 0.447266 0.101562 0.441406
0 0.091797 0.347656 0.091797 0.349609 0.087891 0.353516 0.087891 0.357422 0.089844 0.357422 0.091797 0.355469 0.093750 0.355469 0.095703 0.353516 0.093750 0.351562 0.093750 0.349609
0 0.304688 0.330078 0.304688 0.333984 0.302734 0.335938 0.304688 0.337891 0.306641 0.337891 0.308594 0.339844 0.310547 0.339844 0.314453 0.343750 0.316406 0.343750 0.316406 0.341797 0.318359 0.339844 0.318359 0.337891 0.312500 0.332031 0.310547 0.332031 0.308594 0.330078
0 0.259766 0.306641 0.253906 0.306641 0.244141 0.312500 0.240234 0.312500 0.238281 0.314453 0.232422 0.314453 0.228516 0.318359 0.226562 0.318359 0.224609 0.320312 0.222656 0.320312 0.220703 0.322266 0.218750 0.322266 0.216797 0.324219 0.207031 0.328125 0.201172 0.333984 0.199219 0.333984 0.187500 0.345703 0.189453 0.347656 0.187500 0.349609 0.185547 0.349609 0.183594 0.351562 0.181641 0.351562 0.179688 0.353516 0.169922 0.357422 0.166016 0.361328 0.166016 0.365234 0.167969 0.367188 0.167969 0.376953 0.166016 0.378906 0.160156 0.378906 0.158203 0.376953 0.158203 0.375000 0.160156 0.373047 0.164062 0.373047 0.164062 0.369141 0.162109 0.369141 0.160156 0.371094 0.158203 0.369141 0.152344 0.369141 0.152344 0.373047 0.150391 0.375000 0.150391 0.390625 0.154297 0.390625 0.156250 0.388672 0.158203 0.388672 0.162109 0.392578 0.164062 0.392578 0.167969 0.386719 0.169922 0.386719 0.171875 0.384766 0.179688 0.384766 0.181641 0.382812 0.183594 0.382812 0.183594 0.380859 0.185547 0.378906 0.187500 0.378906 0.193359 0.373047 0.197266 0.373047 0.199219 0.371094 0.199219 0.365234 0.193359 0.359375 0.193359 0.355469 0.195312 0.353516 0.197266 0.355469 0.199219 0.355469 0.201172 0.353516 0.207031 0.355469 0.207031 0.351562 0.208984 0.349609 0.208984 0.343750 0.210938 0.341797 0.210938 0.337891 0.212891 0.335938 0.222656 0.332031 0.228516 0.326172 0.230469 0.326172 0.232422 0.324219 0.238281 0.324219 0.242188 0.320312 0.244141 0.320312 0.246094 0.318359 0.248047 0.318359 0.250000 0.316406 0.259766 0.312500
0 0.558594 0.306641 0.560547 0.306641 0.564453 0.310547 0.566406 0.310547 0.568359 0.312500 0.570312 0.312500 0.572266 0.314453 0.578125 0.314453 0.580078 0.316406 0.585938 0.316406 0.587891 0.318359 0.589844 0.318359 0.591797 0.320312 0.601562 0.320312 0.601562 0.312500 0.599609 0.310547 0.595703 0.310547 0.593750 0.308594 0.589844 0.308594 0.587891 0.306641 0.585938 0.306641 0.583984 0.304688 0.576172 0.304688 0.574219 0.302734 0.572266 0.302734 0.570312 0.300781 0.564453 0.300781 0.562500 0.302734 0.562500 0.304688 0.560547 0.306641
0 0.753906 0.298828 0.748047 0.298828 0.746094 0.300781 0.744141 0.300781 0.742188 0.298828 0.742188 0.304688 0.744141 0.306641 0.744141 0.308594 0.742188 0.310547 0.742188 0.324219 0.740234 0.326172 0.740234 0.333984 0.736328 0.337891 0.734375 0.337891 0.732422 0.335938 0.720703 0.335938 0.718750 0.333984 0.712891 0.333984 0.712891 0.335938 0.722656 0.345703 0.750000 0.345703 0.750000 0.335938 0.751953 0.333984 0.751953 0.324219 0.753906 0.322266
0 0.884766 0.347656 0.853516 0.347656 0.812500 0.380859 0.755859 0.412109 0.703125 0.416016 0.626953 0.382812 0.642578 0.361328 0.644531 0.320312 0.652344 0.304688 0.666016 0.292969 0.662109 0.292969 0.640625 0.320312 0.632812 0.363281 0.615234 0.380859 0.568359 0.408203 0.556641 0.423828 0.527344 0.439453 0.511719 0.443359 0.484375 0.429688 0.480469 0.416016 0.490234 0.363281 0.484375 0.343750 0.472656 0.333984 0.400391 0.339844 0.382812 0.355469 0.365234 0.396484 0.376953 0.410156 0.390625 0.373047 0.404297 0.361328 0.433594 0.349609 0.464844 0.351562 0.470703 0.371094 0.464844 0.419922 0.472656 0.445312 0.490234 0.458984 0.525391 0.460938 0.554688 0.447266 0.591797 0.410156 0.611328 0.400391 0.640625 0.406250 0.687500 0.427734 0.753906 0.429688 0.806641 0.406250
0 0.361328 0.287109 0.361328 0.291016 0.359375 0.292969 0.361328 0.294922 0.363281 0.294922 0.365234 0.296875 0.369141 0.296875 0.369141 0.294922 0.373047 0.291016 0.371094 0.289062 0.367188 0.289062 0.365234 0.287109
0 0.820312 0.298828 0.818359 0.296875 0.814453 0.296875 0.812500 0.294922 0.810547 0.294922 0.806641 0.291016 0.804688 0.291016 0.802734 0.289062 0.800781 0.289062 0.796875 0.285156 0.789062 0.285156 0.787109 0.287109 0.781250 0.287109 0.779297 0.289062 0.771484 0.289062 0.769531 0.291016 0.765625 0.291016 0.763672 0.292969 0.761719 0.292969 0.761719 0.296875 0.763672 0.298828 0.763672 0.318359 0.771484 0.318359 0.771484 0.306641 0.769531 0.304688 0.769531 0.302734 0.771484 0.300781 0.779297 0.300781 0.781250 0.298828 0.781250 0.294922 0.783203 0.292969 0.787109 0.292969 0.789062 0.294922 0.789062 0.296875 0.791016 0.298828 0.796875 0.298828 0.798828 0.300781 0.794922 0.304688 0.787109 0.304688 0.787109 0.310547 0.796875 0.310547 0.798828 0.308594 0.808594 0.308594 0.810547 0.306641 0.812500 0.308594 0.816406 0.308594 0.818359 0.310547 0.820312 0.310547
0 0.009766 0.279297 0.005859 0.279297 0.000000 0.285156 0.000000 0.287109 0.001953 0.289062 0.005859 0.285156 0.007812 0.285156 0.009766 0.283203
0 0.681641 0.277344 0.679688 0.277344 0.677734 0.279297 0.673828 0.279297 0.666016 0.287109 0.667969 0.287109 0.669922 0.289062 0.673828 0.285156 0.675781 0.285156 0.681641 0.279297
0 0.601562 0.277344 0.601562 0.279297 0.599609 0.281250 0.597656 0.281250 0.597656 0.287109 0.599609 0.287109 0.601562 0.289062 0.599609 0.291016 0.597656 0.291016 0.601562 0.291016 0.601562 0.285156 0.603516 0.283203 0.607422 0.283203
0 0.519531 0.273438 0.519531 0.277344 0.525391 0.277344 0.527344 0.279297 0.531250 0.279297 0.533203 0.281250 0.539062 0.281250 0.541016 0.279297 0.542969 0.279297 0.542969 0.275391 0.541016 0.273438
0 0.302734 0.275391 0.300781 0.273438 0.298828 0.273438 0.296875 0.275391 0.296875 0.279297 0.298828 0.281250 0.296875 0.283203 0.292969 0.283203 0.292969 0.285156 0.291016 0.287109 0.289062 0.287109 0.285156 0.283203 0.283203 0.283203 0.279297 0.287109 0.277344 0.287109 0.277344 0.291016 0.279297 0.291016 0.281250 0.289062 0.296875 0.289062 0.296875 0.283203 0.298828 0.281250 0.300781 0.281250 0.300781 0.277344
0 0.998047 0.269531 0.994141 0.269531 0.992188 0.271484 0.988281 0.271484 0.986328 0.273438 0.984375 0.273438 0.982422 0.271484 0.980469 0.273438 0.974609 0.273438 0.972656 0.275391 0.970703 0.275391 0.962891 0.283203 0.958984 0.283203 0.957031 0.285156 0.953125 0.285156 0.949219 0.289062 0.945312 0.289062 0.943359 0.291016 0.939453 0.291016 0.935547 0.294922 0.933594 0.294922 0.931641 0.296875 0.927734 0.296875 0.925781 0.298828 0.923828 0.298828 0.921875 0.300781 0.919922 0.300781 0.917969 0.302734 0.916016 0.302734 0.917969 0.302734 0.919922 0.304688 0.919922 0.310547 0.923828 0.310547 0.925781 0.312500 0.925781 0.314453 0.923828 0.316406 0.916016 0.316406 0.916016 0.322266 0.917969 0.322266 0.917969 0.320312 0.919922 0.318359 0.921875 0.318359 0.923828 0.316406 0.925781 0.318359 0.927734 0.316406 0.929688 0.316406 0.931641 0.314453 0.933594 0.314453 0.937500 0.310547 0.943359 0.310547 0.945312 0.308594 0.947266 0.308594 0.949219 0.306641 0.951172 0.306641 0.953125 0.304688 0.957031 0.304688 0.958984 0.302734 0.960938 0.302734 0.962891 0.300781 0.964844 0.300781 0.968750 0.296875 0.970703 0.296875 0.974609 0.292969 0.976562 0.292969 0.978516 0.291016 0.982422 0.291016 0.984375 0.289062 0.986328 0.289062 0.988281 0.287109 0.990234 0.287109 0.992188 0.285156 0.996094 0.285156 0.998047 0.287109
0 0.925781 0.275391 0.923828 0.273438 0.921875 0.273438 0.917969 0.269531 0.912109 0.269531 0.912109 0.273438 0.914062 0.275391 0.914062 0.277344 0.912109 0.279297 0.910156 0.279297 0.908203 0.281250 0.906250 0.279297 0.906250 0.277344 0.906250 0.281250 0.904297 0.283203 0.902344 0.283203 0.904297 0.283203 0.906250 0.285156 0.906250 0.287109 0.910156 0.287109 0.910156 0.285156 0.912109 0.283203 0.914062 0.285156 0.916016 0.283203 0.917969 0.283203 0.921875 0.279297 0.923828 0.279297 0.925781 0.277344
0 0.255859 0.279297 0.244141 0.273438 0.246094 0.283203 0.240234 0.285156 0.232422 0.267578 0.216797 0.273438 0.212891 0.296875 0.214844 0.302734 0.218750 0.300781 0.222656 0.304688 0.220703 0.310547 0.207031 0.308594 0.201172 0.302734 0.199219 0.291016 0.191406 0.279297 0.171875 0.285156 0.171875 0.294922 0.167969 0.298828 0.164062 0.294922 0.166016 0.285156 0.156250 0.291016 0.152344 0.287109 0.144531 0.296875 0.119141 0.312500 0.115234 0.320312 0.103516 0.316406 0.105469 0.310547 0.111328 0.310547 0.101562 0.310547 0.101562 0.316406 0.111328 0.322266 0.103516 0.330078 0.101562 0.324219 0.093750 0.322266 0.097656 0.320312 0.097656 0.310547 0.089844 0.306641 0.027344 0.316406 0.027344 0.322266 0.015625 0.326172 0.031250 0.326172 0.021484 0.333984 0.019531 0.347656 0.044922 0.367188 0.039062 0.373047 0.039062 0.378906 0.048828 0.378906 0.052734 0.373047 0.062500 0.373047 0.070312 0.367188 0.076172 0.353516 0.074219 0.349609 0.078125 0.345703 0.085938 0.347656 0.089844 0.339844 0.083984 0.328125 0.070312 0.328125 0.066406 0.324219 0.068359 0.314453 0.091797 0.318359 0.093750 0.322266 0.089844 0.324219 0.103516 0.330078 0.097656 0.337891 0.105469 0.339844 0.140625 0.308594 0.142578 0.312500 0.132812 0.330078 0.119141 0.335938 0.099609 0.367188 0.101562 0.373047 0.097656 0.375000 0.097656 0.380859 0.103516 0.378906 0.107422 0.382812 0.105469 0.386719 0.109375 0.390625 0.105469 0.392578 0.121094 0.392578 0.132812 0.367188 0.142578 0.371094 0.156250 0.355469 0.191406 0.335938 0.203125 0.326172 0.205078 0.310547 0.208984 0.312500 0.208984 0.318359 0.240234 0.306641 0.242188 0.302734 0.236328 0.300781 0.236328 0.294922 0.251953 0.287109
0 0.978516 0.261719 0.976562 0.261719 0.974609 0.259766 0.970703 0.259766 0.968750 0.261719 0.955078 0.261719 0.953125 0.263672 0.937500 0.263672 0.935547 0.265625 0.929688 0.265625 0.925781 0.269531 0.927734 0.269531 0.931641 0.273438 0.933594 0.273438 0.937500 0.277344 0.941406 0.277344 0.943359 0.275391 0.945312 0.275391 0.947266 0.273438 0.949219 0.273438 0.951172 0.271484 0.953125 0.271484 0.955078 0.269531 0.958984 0.269531 0.960938 0.267578 0.964844 0.267578 0.966797 0.265625 0.972656 0.265625 0.974609 0.263672 0.978516 0.263672
0 0.541016 0.257812 0.541016 0.261719 0.546875 0.261719 0.548828 0.263672 0.550781 0.263672 0.552734 0.265625 0.558594 0.265625 0.558594 0.263672 0.556641 0.263672 0.554688 0.261719 0.550781 0.261719 0.548828 0.259766 0.544922 0.259766 0.542969 0.257812
0 0.802734 0.230469 0.802734 0.232422 0.796875 0.238281 0.789062 0.238281 0.789062 0.240234 0.787109 0.242188 0.773438 0.242188 0.771484 0.240234 0.767578 0.240234 0.761719 0.234375 0.757812 0.234375 0.753906 0.238281 0.751953 0.238281 0.751953 0.240234 0.753906 0.240234 0.755859 0.242188 0.759766 0.242188 0.763672 0.248047 0.763672 0.251953 0.755859 0.259766 0.755859 0.261719 0.763672 0.261719 0.771484 0.269531 0.771484 0.271484 0.775391 0.275391 0.771484 0.279297 0.767578 0.275391 0.765625 0.275391 0.763672 0.273438 0.761719 0.273438 0.759766 0.275391 0.755859 0.275391 0.753906 0.277344 0.750000 0.277344 0.748047 0.279297 0.744141 0.279297 0.744141 0.281250 0.746094 0.283203 0.746094 0.285156 0.750000 0.289062 0.757812 0.289062 0.759766 0.287109 0.763672 0.287109 0.765625 0.285156 0.769531 0.285156 0.771484 0.283203 0.777344 0.283203 0.779297 0.281250 0.791016 0.281250 0.792969 0.279297 0.794922 0.279297 0.798828 0.275391 0.800781 0.275391 0.800781 0.263672 0.802734 0.261719 0.804688 0.261719 0.804688 0.257812 0.806641 0.255859 0.806641 0.246094 0.804688 0.244141 0.804688 0.234375 0.802734 0.232422
0 0.121094 0.201172 0.121094 0.203125 0.123047 0.205078 0.126953 0.205078 0.128906 0.207031 0.126953 0.208984 0.126953 0.210938 0.128906 0.212891 0.128906 0.216797 0.130859 0.218750 0.130859 0.216797 0.132812 0.214844 0.134766 0.214844 0.134766 0.212891 0.130859 0.212891 0.128906 0.210938 0.130859 0.208984 0.130859 0.207031 0.128906 0.207031 0.126953 0.205078 0.128906 0.203125 0.126953 0.201172
0 0.089844 0.195312 0.087891 0.195312 0.085938 0.197266 0.082031 0.197266 0.080078 0.199219 0.083984 0.203125 0.083984 0.205078 0.082031 0.207031 0.082031 0.210938 0.080078 0.212891 0.080078 0.218750 0.078125 0.220703 0.078125 0.226562 0.076172 0.228516 0.076172 0.236328 0.074219 0.238281 0.074219 0.240234 0.072266 0.242188 0.064453 0.242188 0.058594 0.246094 0.058594 0.257812 0.068359 0.267578 0.068359 0.269531 0.066406 0.271484 0.060547 0.271484 0.060547 0.273438 0.062500 0.273438 0.068359 0.279297 0.070312 0.279297 0.072266 0.281250 0.093750 0.281250 0.093750 0.275391 0.095703 0.273438 0.095703 0.269531 0.099609 0.265625 0.103516 0.265625 0.105469 0.263672 0.107422 0.263672 0.105469 0.261719 0.107422 0.259766 0.117188 0.259766 0.119141 0.261719 0.119141 0.257812 0.115234 0.253906 0.113281 0.253906 0.111328 0.251953 0.111328 0.250000 0.101562 0.240234 0.101562 0.234375 0.109375 0.226562 0.107422 0.224609 0.107422 0.216797 0.103516 0.212891 0.103516 0.210938 0.101562 0.208984 0.101562 0.207031
0 0.105469 0.189453 0.103516 0.191406 0.103516 0.201172 0.105469 0.203125 0.105469 0.205078 0.107422 0.205078 0.109375 0.207031 0.109375 0.210938 0.111328 0.210938 0.111328 0.208984 0.109375 0.207031 0.109375 0.203125 0.111328 0.201172 0.113281 0.201172 0.113281 0.197266 0.111328 0.195312 0.111328 0.193359 0.107422 0.189453
0 0.746094 0.136719 0.744141 0.136719 0.744141 0.140625 0.746094 0.142578 0.746094 0.144531 0.750000 0.148438 0.750000 0.150391 0.753906 0.154297 0.753906 0.156250 0.757812 0.156250 0.759766 0.158203 0.759766 0.162109 0.761719 0.162109 0.763672 0.164062 0.763672 0.169922 0.765625 0.171875 0.765625 0.173828 0.769531 0.177734 0.769531 0.179688 0.771484 0.179688 0.773438 0.181641 0.773438 0.183594 0.777344 0.189453 0.777344 0.205078 0.773438 0.208984 0.771484 0.208984 0.759766 0.220703 0.757812 0.220703 0.753906 0.224609 0.750000 0.224609 0.748047 0.226562 0.742188 0.228516 0.736328 0.236328 0.734375 0.236328 0.728516 0.240234 0.724609 0.240234 0.716797 0.246094 0.714844 0.246094 0.708984 0.251953 0.707031 0.251953 0.705078 0.253906 0.705078 0.255859 0.699219 0.259766 0.699219 0.261719 0.708984 0.259766 0.708984 0.257812 0.710938 0.255859 0.712891 0.255859 0.716797 0.251953 0.722656 0.250000 0.728516 0.244141 0.734375 0.242188 0.734375 0.240234 0.742188 0.232422 0.748047 0.230469 0.751953 0.226562 0.755859 0.226562 0.759766 0.222656 0.765625 0.220703 0.771484 0.214844 0.773438 0.214844 0.775391 0.212891 0.779297 0.212891 0.783203 0.208984 0.783203 0.203125 0.785156 0.201172 0.787109 0.201172 0.787109 0.199219 0.785156 0.197266 0.785156 0.185547 0.783203 0.183594 0.783203 0.181641 0.781250 0.181641 0.775391 0.175781 0.775391 0.173828 0.769531 0.166016 0.769531 0.164062 0.759766 0.156250 0.757812 0.150391 0.748047 0.140625 0.748047 0.138672
0 0.533203 0.132812 0.533203 0.140625 0.542969 0.140625 0.544922 0.142578 0.546875 0.142578 0.548828 0.140625 0.548828 0.136719 0.539062 0.136719 0.537109 0.134766 0.535156 0.134766
0 0.992188 0.123047 0.990234 0.121094 0.986328 0.121094 0.984375 0.123047 0.982422 0.123047 0.980469 0.125000 0.978516 0.125000 0.976562 0.126953 0.976562 0.134766 0.978516 0.132812 0.980469 0.132812 0.982422 0.130859 0.984375 0.130859 0.986328 0.128906 0.988281 0.128906 0.992188 0.125000
0 0.570312 0.095703 0.570312 0.101562 0.568359 0.103516 0.562500 0.103516 0.564453 0.113281 0.560547 0.117188 0.556641 0.117188 0.554688 0.115234 0.552734 0.117188 0.544922 0.117188 0.544922 0.119141 0.546875 0.119141 0.548828 0.121094 0.548828 0.125000 0.550781 0.125000 0.554688 0.128906 0.554688 0.132812 0.558594 0.132812 0.560547 0.134766 0.560547 0.138672 0.558594 0.140625 0.558594 0.146484 0.556641 0.148438 0.554688 0.148438 0.554688 0.152344 0.556641 0.154297 0.554688 0.156250 0.560547 0.162109 0.558594 0.164062 0.566406 0.164062 0.568359 0.166016 0.566406 0.167969 0.566406 0.183594 0.564453 0.185547 0.564453 0.189453 0.562500 0.191406 0.560547 0.191406 0.560547 0.193359 0.558594 0.195312 0.558594 0.205078 0.560547 0.207031 0.566406 0.207031 0.568359 0.208984 0.570312 0.208984 0.574219 0.212891 0.574219 0.214844 0.582031 0.228516 0.585938 0.222656 0.585938 0.214844 0.583984 0.212891 0.583984 0.208984 0.574219 0.203125 0.574219 0.181641 0.572266 0.179688 0.572266 0.173828 0.566406 0.164062 0.568359 0.162109 0.570312 0.162109 0.566406 0.158203 0.566406 0.156250 0.564453 0.156250 0.562500 0.154297 0.562500 0.152344 0.560547 0.150391 0.562500 0.148438 0.568359 0.148438 0.572266 0.144531 0.572266 0.142578 0.568359 0.142578 0.562500 0.138672 0.562500 0.136719 0.564453 0.134766 0.566406 0.134766 0.566406 0.128906 0.568359 0.126953 0.568359 0.123047 0.574219 0.117188 0.576172 0.117188 0.576172 0.111328 0.578125 0.109375 0.578125 0.107422 0.574219 0.103516 0.576172 0.101562 0.576172 0.097656
0 0.960938 0.070312 0.962891 0.072266 0.962891 0.076172 0.964844 0.078125 0.964844 0.085938 0.966797 0.087891 0.976562 0.087891 0.980469 0.083984 0.982422 0.085938 0.982422 0.087891 0.980469 0.089844 0.980469 0.091797 0.982422 0.093750 0.982422 0.095703 0.978516 0.099609 0.978516 0.101562 0.976562 0.103516 0.976562 0.105469 0.988281 0.105469 0.988281 0.103516 0.990234 0.101562 0.990234 0.099609 0.992188 0.097656 0.996094 0.097656 0.994141 0.095703 0.996094 0.093750 0.998047 0.093750 0.998047 0.083984 0.996094 0.083984 0.994141 0.082031 0.990234 0.082031 0.988281 0.083984 0.984375 0.083984 0.982422 0.082031 0.980469 0.082031 0.976562 0.078125 0.976562 0.080078 0.974609 0.082031 0.972656 0.082031 0.970703 0.080078 0.966797 0.080078 0.964844 0.078125 0.964844 0.076172 0.966797 0.074219 0.968750 0.074219 0.964844 0.074219
0 0.000000 0.070312 0.000000 0.080078 0.003906 0.080078 0.005859 0.082031 0.021484 0.082031 0.023438 0.080078 0.021484 0.078125 0.021484 0.076172 0.013672 0.076172 0.011719 0.074219 0.009766 0.074219 0.007812 0.072266 0.001953 0.072266
0 0.750000 0.068359 0.750000 0.070312 0.753906 0.070312 0.755859 0.072266 0.757812 0.070312 0.759766 0.070312 0.761719 0.072266 0.763672 0.072266 0.767578 0.076172 0.767578 0.082031 0.769531 0.082031 0.769531 0.080078 0.767578 0.078125 0.767578 0.076172 0.769531 0.074219 0.771484 0.076172 0.773438 0.074219 0.773438 0.072266 0.771484 0.070312 0.769531 0.070312 0.767578 0.072266 0.765625 0.072266 0.763672 0.070312 0.757812 0.070312 0.755859 0.068359
0 0.957031 0.068359 0.955078 0.068359 0.953125 0.066406 0.951172 0.066406 0.949219 0.064453 0.945312 0.064453 0.945312 0.066406 0.949219 0.066406 0.951172 0.068359 0.951172 0.070312 0.953125 0.070312 0.957031 0.074219 0.953125 0.078125 0.949219 0.074219 0.945312 0.074219 0.943359 0.072266 0.941406 0.072266 0.939453 0.074219 0.925781 0.074219 0.923828 0.072266 0.923828 0.078125 0.919922 0.082031 0.919922 0.083984 0.917969 0.085938 0.917969 0.087891 0.914062 0.091797 0.898438 0.091797 0.912109 0.091797 0.914062 0.093750 0.914062 0.095703 0.916016 0.095703 0.917969 0.097656 0.917969 0.111328 0.921875 0.111328 0.925781 0.107422 0.925781 0.093750 0.927734 0.091797 0.927734 0.087891 0.925781 0.085938 0.925781 0.083984 0.929688 0.080078 0.931641 0.080078 0.937500 0.085938 0.937500 0.087891 0.939453 0.089844 0.941406 0.089844 0.943359 0.087891 0.945312 0.087891 0.947266 0.089844 0.949219 0.089844 0.951172 0.087891 0.955078 0.091797 0.955078 0.093750 0.960938 0.087891 0.960938 0.083984 0.958984 0.082031 0.958984 0.078125 0.957031 0.076172
0 0.744141 0.054688 0.738281 0.054688 0.736328 0.056641 0.736328 0.066406 0.740234 0.066406 0.742188 0.064453 0.738281 0.064453 0.736328 0.062500 0.738281 0.060547 0.740234 0.060547 0.742188 0.058594 0.744141 0.058594
0 0.267578 0.056641 0.265625 0.054688 0.261719 0.054688 0.248047 0.068359 0.248047 0.070312 0.250000 0.072266 0.261719 0.060547 0.263672 0.060547
0 0.982422 0.058594 0.984375 0.060547 0.984375 0.062500 0.990234 0.062500 0.992188 0.064453 0.994141 0.064453 0.998047 0.068359 0.998047 0.066406 0.996094 0.064453 0.996094 0.058594 0.998047 0.056641 0.996094 0.054688 0.996094 0.052734 0.990234 0.058594 0.988281 0.056641 0.984375 0.056641
0 0.525391 0.048828 0.529297 0.052734 0.531250 0.052734 0.535156 0.056641 0.539062 0.056641 0.541016 0.058594 0.548828 0.058594 0.550781 0.060547 0.552734 0.060547 0.560547 0.068359 0.562500 0.068359 0.564453 0.070312 0.558594 0.076172 0.556641 0.076172 0.556641 0.078125 0.554688 0.080078 0.560547 0.080078 0.562500 0.082031 0.564453 0.082031 0.566406 0.083984 0.568359 0.083984 0.570312 0.085938 0.570312 0.087891 0.564453 0.091797 0.558594 0.091797 0.560547 0.091797 0.562500 0.093750 0.564453 0.093750 0.570312 0.089844 0.572266 0.091797 0.576172 0.091797 0.578125 0.093750 0.585938 0.093750 0.587891 0.095703 0.589844 0.095703 0.589844 0.093750 0.587891 0.091797 0.587891 0.089844 0.589844 0.087891 0.587891 0.085938 0.587891 0.078125 0.580078 0.078125 0.576172 0.082031 0.574219 0.082031 0.572266 0.080078 0.572266 0.076172 0.570312 0.076172 0.568359 0.074219 0.572266 0.070312 0.574219 0.070312 0.576172 0.068359 0.583984 0.068359 0.585938 0.066406 0.587891 0.066406 0.587891 0.056641 0.582031 0.056641 0.580078 0.054688 0.562500 0.054688 0.560547 0.052734 0.560547 0.050781 0.558594 0.050781 0.554688 0.054688 0.552734 0.054688 0.550781 0.052734 0.542969 0.052734 0.541016 0.050781 0.535156 0.050781 0.533203 0.048828
0 0.177734 0.046875 0.177734 0.048828 0.181641 0.052734 0.183594 0.052734 0.185547 0.054688 0.187500 0.052734 0.189453 0.052734 0.193359 0.048828 0.191406 0.048828 0.189453 0.046875 0.187500 0.046875 0.185547 0.044922 0.179688 0.044922
0 0.759766 0.031250 0.755859 0.031250 0.753906 0.033203 0.753906 0.035156 0.750000 0.039062 0.751953 0.041016 0.750000 0.042969 0.748047 0.042969 0.746094 0.044922 0.748047 0.046875 0.751953 0.042969 0.753906 0.042969 0.753906 0.039062 0.757812 0.035156 0.759766 0.035156
0 0.226562 0.033203 0.220703 0.033203 0.216797 0.041016 0.212891 0.042969 0.203125 0.039062 0.195312 0.039062 0.185547 0.031250 0.185547 0.027344 0.183594 0.029297 0.181641 0.027344 0.181641 0.031250 0.185547 0.039062 0.191406 0.042969 0.195312 0.042969 0.199219 0.046875 0.199219 0.052734 0.195312 0.060547 0.185547 0.066406 0.175781 0.078125 0.171875 0.074219 0.171875 0.070312 0.177734 0.064453 0.175781 0.052734 0.166016 0.066406 0.164062 0.078125 0.162109 0.080078 0.158203 0.078125 0.154297 0.087891 0.146484 0.095703 0.144531 0.095703 0.144531 0.101562 0.146484 0.103516 0.144531 0.105469 0.140625 0.103516 0.140625 0.105469 0.150391 0.117188 0.142578 0.121094 0.142578 0.123047 0.150391 0.128906 0.148438 0.130859 0.138672 0.128906 0.144531 0.134766 0.148438 0.134766 0.148438 0.130859 0.150391 0.128906 0.154297 0.128906 0.156250 0.125000 0.148438 0.119141 0.150391 0.117188 0.160156 0.117188 0.164062 0.107422 0.167969 0.107422 0.169922 0.109375 0.167969 0.113281 0.167969 0.123047 0.169922 0.125000 0.183594 0.125000 0.185547 0.123047 0.189453 0.123047 0.199219 0.132812 0.203125 0.134766 0.208984 0.134766 0.207031 0.132812 0.207031 0.123047 0.205078 0.121094 0.207031 0.117188 0.207031 0.103516 0.205078 0.101562 0.210938 0.095703 0.208984 0.082031 0.212891 0.080078 0.216797 0.074219 0.224609 0.074219 0.220703 0.074219 0.218750 0.072266 0.218750 0.068359 0.214844 0.064453 0.210938 0.064453 0.208984 0.060547 0.214844 0.052734 0.214844 0.042969 0.216797 0.041016 0.220703 0.042969 0.228516 0.037109
0 0.566406 0.025391 0.564453 0.025391 0.564453 0.027344 0.560547 0.031250 0.558594 0.031250 0.556641 0.033203 0.554688 0.033203 0.552734 0.031250 0.550781 0.033203 0.548828 0.033203 0.546875 0.035156 0.544922 0.035156 0.546875 0.035156 0.548828 0.037109 0.548828 0.041016 0.552734 0.041016 0.552734 0.037109 0.556641 0.033203 0.560547 0.033203 0.562500 0.035156 0.562500 0.033203 0.564453 0.031250 0.564453 0.029297 0.566406 0.027344
0 0.222656 0.017578 0.222656 0.023438 0.230469 0.031250 0.234375 0.031250 0.236328 0.029297 0.234375 0.027344 0.234375 0.025391 0.232422 0.025391 0.228516 0.021484 0.226562 0.021484
0 0.998047 0.000000 0.988281 0.000000 0.982422 0.005859 0.978516 0.013672 0.964844 0.019531 0.960938 0.023438 0.953125 0.027344 0.949219 0.027344 0.943359 0.031250 0.937500 0.031250 0.935547 0.033203 0.927734 0.033203 0.925781 0.035156 0.916016 0.035156 0.914062 0.037109 0.896484 0.037109 0.894531 0.039062 0.863281 0.039062 0.861328 0.037109 0.849609 0.037109 0.847656 0.035156 0.837891 0.035156 0.835938 0.033203 0.822266 0.031250 0.814453 0.027344 0.808594 0.027344 0.806641 0.029297 0.796875 0.027344 0.796875 0.029297 0.800781 0.029297 0.810547 0.035156 0.818359 0.035156 0.820312 0.037109 0.824219 0.037109 0.826172 0.035156 0.833984 0.041016 0.841797 0.041016 0.843750 0.042969 0.855469 0.042969 0.857422 0.044922 0.859375 0.042969 0.861328 0.044922 0.894531 0.044922 0.896484 0.046875 0.900391 0.044922 0.917969 0.044922 0.919922 0.042969 0.925781 0.044922 0.929688 0.041016 0.937500 0.041016 0.943359 0.037109 0.951172 0.037109 0.957031 0.033203 0.960938 0.033203 0.966797 0.029297 0.970703 0.029297 0.974609 0.025391 0.982422 0.021484 0.988281 0.015625 0.992188 0.015625 0.992188 0.013672 0.998047 0.009766
0 0.748047 0.000000 0.751953 0.003906 0.751953 0.005859 0.753906 0.007812 0.755859 0.007812 0.757812 0.009766 0.761719 0.009766 0.767578 0.015625 0.769531 0.015625 0.771484 0.017578 0.773438 0.017578 0.775391 0.019531 0.779297 0.019531 0.781250 0.021484 0.783203 0.021484 0.785156 0.023438 0.787109 0.023438 0.789062 0.025391 0.791016 0.025391 0.791016 0.017578 0.789062 0.017578 0.787109 0.015625 0.785156 0.015625 0.783203 0.013672 0.781250 0.013672 0.779297 0.011719 0.777344 0.011719 0.775391 0.009766 0.773438 0.009766 0.769531 0.005859 0.767578 0.005859 0.765625 0.003906 0.755859 0.003906 0.753906 0.001953 0.751953 0.001953 0.750000 0.000000
0 0.671875 0.000000 0.671875 0.007812 0.673828 0.009766 0.673828 0.033203 0.675781 0.035156 0.675781 0.046875 0.677734 0.048828 0.679688 0.048828 0.679688 0.042969 0.677734 0.041016 0.677734 0.029297 0.675781 0.027344 0.677734 0.025391 0.677734 0.023438 0.675781 0.021484 0.675781 0.003906 0.673828 0.001953 0.673828 0.000000
0 0.544922 0.000000 0.544922 0.009766 0.546875 0.011719 0.550781 0.011719 0.552734 0.013672 0.552734 0.021484 0.558594 0.021484 0.558594 0.017578 0.560547 0.015625 0.560547 0.013672 0.562500 0.011719 0.566406 0.011719 0.568359 0.009766 0.585938 0.009766 0.585938 0.005859 0.576172 0.005859 0.574219 0.007812 0.562500 0.007812 0.560547 0.005859 0.556641 0.005859 0.554688 0.003906 0.554688 0.000000
0 0.222656 0.000000 0.218750 0.003906 0.230469 0.007812 0.226562 0.015625 0.236328 0.021484 0.242188 0.013672 0.242188 0.025391 0.253906 0.023438 0.267578 0.035156 0.259766 0.041016 0.269531 0.048828 0.277344 0.070312 0.265625 0.064453 0.271484 0.076172 0.287109 0.083984 0.287109 0.101562 0.281250 0.107422 0.294922 0.109375 0.298828 0.117188 0.292969 0.121094 0.296875 0.128906 0.292969 0.138672 0.257812 0.164062 0.267578 0.162109 0.267578 0.169922 0.273438 0.162109 0.275391 0.179688 0.261719 0.181641 0.255859 0.189453 0.255859 0.179688 0.250000 0.175781 0.248047 0.208984 0.234375 0.210938 0.232422 0.207031 0.234375 0.212891 0.246094 0.214844 0.242188 0.218750 0.214844 0.214844 0.203125 0.220703 0.205078 0.226562 0.248047 0.230469 0.246094 0.218750 0.259766 0.216797 0.250000 0.212891 0.263672 0.210938 0.271484 0.216797 0.255859 0.222656 0.255859 0.228516 0.263672 0.230469 0.263672 0.244141 0.267578 0.246094 0.271484 0.238281 0.287109 0.244141 0.291016 0.222656 0.279297 0.222656 0.273438 0.214844 0.292969 0.210938 0.302734 0.216797 0.316406 0.214844 0.320312 0.208984 0.339844 0.212891 0.335938 0.218750 0.310547 0.222656 0.302734 0.242188 0.318359 0.244141 0.320312 0.228516 0.349609 0.236328 0.359375 0.232422 0.359375 0.238281 0.367188 0.234375 0.361328 0.230469 0.359375 0.210938 0.373047 0.189453 0.361328 0.183594 0.359375 0.169922 0.378906 0.167969 0.380859 0.144531 0.369141 0.136719 0.378906 0.126953 0.369141 0.123047 0.353516 0.126953 0.341797 0.119141 0.304688 0.119141 0.312500 0.113281 0.328125 0.113281 0.332031 0.107422 0.361328 0.109375 0.378906 0.099609 0.390625 0.101562 0.396484 0.091797 0.408203 0.091797 0.398438 0.052734 0.382812 0.035156 0.384766 0.029297 0.371094 0.029297 0.365234 0.017578 0.375000 0.007812 0.380859 0.015625 0.382812 0.000000 0.289062 0.000000 0.289062 0.007812 0.275391 0.000000 0.242188 0.000000 0.240234 0.005859
0 0.111328 0.000000 0.105469 0.000000 0.099609 0.005859 0.099609 0.007812 0.095703 0.011719 0.093750 0.011719 0.093750 0.013672 0.087891 0.019531 0.087891 0.021484 0.083984 0.025391 0.083984 0.027344 0.082031 0.029297 0.080078 0.029297 0.080078 0.031250 0.070312 0.041016 0.070312 0.042969 0.064453 0.048828 0.064453 0.050781 0.052734 0.062500 0.050781 0.062500 0.048828 0.064453 0.046875 0.064453 0.042969 0.068359 0.041016 0.068359 0.041016 0.072266 0.042969 0.074219 0.046875 0.074219 0.048828 0.072266 0.050781 0.072266 0.052734 0.070312 0.056641 0.070312 0.058594 0.068359 0.060547 0.068359 0.064453 0.064453 0.066406 0.064453 0.070312 0.060547 0.072266 0.060547 0.074219 0.058594 0.074219 0.054688 0.076172 0.052734 0.076172 0.050781 0.080078 0.046875 0.080078 0.044922 0.083984 0.041016 0.083984 0.039062 0.085938 0.037109 0.085938 0.035156 0.087891 0.033203 0.087891 0.031250 0.095703 0.023438 0.095703 0.021484 0.101562 0.015625 0.101562 0.013672 0.107422 0.007812 0.107422 0.005859 0.111328 0.001953
