0 0.431641 0.976562 0.431641 0.982422 0.433594 0.984375 0.449219 0.984375 0.451172 0.982422 0.451172 0.978516 0.449219 0.976562 0.437500 0.976562 0.435547 0.974609 0.433594 0.974609
0 0.419922 0.931641 0.419922 0.957031 0.421875 0.958984 0.421875 0.960938 0.425781 0.960938 0.427734 0.962891 0.427734 0.964844 0.433594 0.964844 0.435547 0.966797 0.439453 0.966797 0.443359 0.962891 0.457031 0.972656 0.457031 0.980469 0.480469 0.980469 0.486328 0.986328 0.486328 0.994141 0.482422 0.998047 0.470703 0.998047 0.488281 0.998047 0.490234 0.996094 0.494141 0.996094 0.496094 0.998047 0.507812 0.998047 0.507812 0.996094 0.503906 0.992188 0.503906 0.980469 0.501953 0.978516 0.501953 0.962891 0.500000 0.960938 0.500000 0.955078 0.498047 0.953125 0.496094 0.947266 0.490234 0.941406 0.488281 0.941406 0.482422 0.935547 0.476562 0.935547 0.474609 0.937500 0.476562 0.939453 0.476562 0.941406 0.482422 0.951172 0.482422 0.955078 0.484375 0.957031 0.484375 0.960938 0.482422 0.962891 0.482422 0.966797 0.480469 0.968750 0.478516 0.966797 0.472656 0.966797 0.470703 0.964844 0.466797 0.964844 0.462891 0.960938 0.451172 0.960938 0.447266 0.957031 0.445312 0.957031 0.441406 0.953125 0.441406 0.941406 0.439453 0.939453 0.439453 0.931641 0.437500 0.931641 0.435547 0.929688 0.421875 0.929688
0 0.207031 0.910156 0.207031 0.914062 0.205078 0.916016 0.205078 0.917969 0.210938 0.917969 0.212891 0.916016 0.212891 0.914062 0.208984 0.910156
0 0.167969 0.912109 0.167969 0.914062 0.169922 0.916016 0.169922 0.923828 0.173828 0.923828 0.175781 0.925781 0.179688 0.925781 0.179688 0.919922 0.177734 0.919922 0.173828 0.923828 0.169922 0.919922 0.169922 0.916016 0.171875 0.914062 0.171875 0.910156 0.169922 0.912109
0 0.539062 0.914062 0.539062 0.919922 0.541016 0.919922 0.542969 0.921875 0.558594 0.921875 0.560547 0.919922 0.560547 0.916016 0.556641 0.916016 0.548828 0.908203 0.546875 0.908203 0.546875 0.910156 0.544922 0.912109 0.542969 0.912109 0.541016 0.914062
0 0.326172 0.896484 0.326172 0.898438 0.328125 0.900391 0.328125 0.904297 0.330078 0.906250 0.335938 0.906250 0.337891 0.904297 0.335938 0.902344 0.333984 0.902344 0.332031 0.900391 0.332031 0.898438 0.330078 0.896484
0 0.224609 0.896484 0.222656 0.896484 0.220703 0.894531 0.220703 0.898438 0.218750 0.900391 0.216797 0.900391 0.216797 0.906250 0.218750 0.906250 0.220703 0.904297 0.220703 0.902344 0.222656 0.900391 0.224609 0.900391
0 0.107422 0.884766 0.105469 0.886719 0.097656 0.886719 0.097656 0.888672 0.099609 0.890625 0.095703 0.894531 0.093750 0.894531 0.093750 0.896484 0.095703 0.896484 0.097656 0.894531 0.099609 0.896484 0.105469 0.896484 0.107422 0.894531 0.109375 0.896484 0.109375 0.898438 0.111328 0.900391 0.111328 0.904297 0.109375 0.906250 0.109375 0.910156 0.107422 0.912109 0.105469 0.910156 0.105469 0.908203 0.097656 0.908203 0.097656 0.910156 0.099609 0.910156 0.101562 0.912109 0.099609 0.914062 0.097656 0.914062 0.099609 0.914062 0.103516 0.917969 0.103516 0.923828 0.101562 0.925781 0.103516 0.927734 0.099609 0.931641 0.095703 0.931641 0.097656 0.931641 0.099609 0.933594 0.099609 0.935547 0.103516 0.935547 0.105469 0.937500 0.107422 0.937500 0.107422 0.931641 0.109375 0.929688 0.109375 0.925781 0.111328 0.923828 0.115234 0.923828 0.119141 0.919922 0.117188 0.919922 0.115234 0.917969 0.111328 0.917969 0.109375 0.916016 0.111328 0.914062 0.109375 0.912109 0.113281 0.908203 0.117188 0.908203 0.119141 0.906250 0.119141 0.902344 0.117188 0.900391 0.111328 0.900391 0.109375 0.898438 0.113281 0.894531 0.113281 0.892578 0.107422 0.892578 0.105469 0.890625 0.107422 0.888672 0.109375 0.888672 0.109375 0.886719
0 0.062500 0.876953 0.062500 0.886719 0.070312 0.886719 0.072266 0.884766 0.070312 0.882812 0.070312 0.880859 0.068359 0.878906 0.068359 0.876953
0 0.335938 0.875000 0.333984 0.876953 0.332031 0.876953 0.330078 0.878906 0.328125 0.878906 0.328125 0.884766 0.330078 0.886719 0.330078 0.890625 0.333984 0.890625 0.337891 0.894531 0.337891 0.896484 0.343750 0.902344 0.343750 0.904297 0.345703 0.906250 0.343750 0.908203 0.343750 0.914062 0.349609 0.914062 0.351562 0.912109 0.353516 0.912109 0.353516 0.906250 0.351562 0.904297 0.351562 0.900391 0.353516 0.898438 0.359375 0.898438 0.359375 0.896484 0.355469 0.892578 0.355469 0.888672 0.351562 0.884766 0.349609 0.884766 0.345703 0.880859 0.343750 0.880859 0.341797 0.878906 0.341797 0.876953 0.339844 0.875000
0 0.154297 0.882812 0.154297 0.884766 0.156250 0.884766 0.158203 0.882812 0.162109 0.882812 0.166016 0.886719 0.166016 0.888672 0.162109 0.892578 0.158203 0.892578 0.158203 0.896484 0.160156 0.894531 0.162109 0.894531 0.164062 0.896484 0.169922 0.896484 0.171875 0.898438 0.171875 0.900391 0.173828 0.902344 0.173828 0.906250 0.195312 0.906250 0.197266 0.904297 0.201172 0.904297 0.201172 0.898438 0.203125 0.896484 0.201172 0.894531 0.195312 0.894531 0.193359 0.892578 0.193359 0.890625 0.195312 0.888672 0.195312 0.886719 0.193359 0.886719 0.191406 0.884766 0.191406 0.880859 0.189453 0.880859 0.187500 0.878906 0.185547 0.880859 0.183594 0.880859 0.181641 0.878906 0.177734 0.878906 0.175781 0.876953 0.175781 0.871094 0.177734 0.869141 0.175781 0.867188 0.173828 0.869141 0.171875 0.869141 0.171875 0.875000 0.169922 0.876953 0.164062 0.876953 0.162109 0.878906 0.160156 0.878906 0.160156 0.880859 0.158203 0.882812
0 0.113281 0.871094 0.117188 0.871094 0.119141 0.869141 0.121094 0.871094 0.126953 0.871094 0.128906 0.869141 0.136719 0.869141 0.138672 0.867188 0.123047 0.867188 0.121094 0.869141 0.113281 0.869141
0 0.546875 0.859375 0.546875 0.863281 0.550781 0.863281 0.552734 0.865234 0.560547 0.865234 0.560547 0.859375 0.552734 0.859375 0.550781 0.857422 0.548828 0.857422
0 0.005859 0.857422 0.003906 0.859375 0.003906 0.867188 0.005859 0.867188 0.007812 0.869141 0.007812 0.871094 0.009766 0.873047 0.015625 0.873047 0.017578 0.875000 0.019531 0.875000 0.019531 0.869141 0.021484 0.867188 0.021484 0.863281 0.019531 0.861328 0.019531 0.859375 0.017578 0.859375 0.015625 0.861328 0.011719 0.861328 0.009766 0.859375 0.009766 0.857422
0 0.117188 0.849609 0.117188 0.853516 0.119141 0.855469 0.115234 0.859375 0.115234 0.863281 0.125000 0.863281 0.126953 0.861328 0.130859 0.861328 0.130859 0.857422 0.132812 0.855469 0.132812 0.851562 0.130859 0.851562 0.128906 0.853516 0.128906 0.855469 0.126953 0.857422 0.125000 0.855469 0.125000 0.849609
0 0.257812 0.845703 0.255859 0.845703 0.253906 0.843750 0.250000 0.843750 0.250000 0.849609 0.248047 0.851562 0.248047 0.853516 0.246094 0.855469 0.250000 0.855469 0.255859 0.849609 0.257812 0.849609
0 0.138672 0.843750 0.138672 0.849609 0.136719 0.851562 0.136719 0.855469 0.144531 0.855469 0.144531 0.849609 0.146484 0.847656 0.148438 0.849609 0.148438 0.845703 0.146484 0.843750
0 0.099609 0.828125 0.109375 0.828125 0.111328 0.826172 0.109375 0.824219 0.101562 0.824219 0.099609 0.826172
0 0.583984 0.814453 0.582031 0.816406 0.580078 0.816406 0.580078 0.818359 0.576172 0.822266 0.576172 0.824219 0.574219 0.826172 0.574219 0.830078 0.576172 0.830078 0.578125 0.828125 0.578125 0.826172 0.582031 0.822266 0.582031 0.818359 0.583984 0.816406
0 0.548828 0.814453 0.548828 0.818359 0.552734 0.822266 0.552734 0.824219 0.554688 0.826172 0.558594 0.826172 0.560547 0.824219 0.562500 0.824219 0.552734 0.814453
0 0.072266 0.816406 0.066406 0.816406 0.062500 0.812500 0.062500 0.814453 0.060547 0.816406 0.060547 0.820312 0.058594 0.822266 0.054688 0.822266 0.054688 0.824219 0.062500 0.824219 0.064453 0.822266 0.072266 0.822266
0 0.326172 0.802734 0.326172 0.810547 0.328125 0.810547 0.332031 0.814453 0.333984 0.814453 0.335938 0.816406 0.335938 0.818359 0.337891 0.818359 0.339844 0.820312 0.341797 0.818359 0.345703 0.818359 0.347656 0.816406 0.351562 0.816406 0.351562 0.812500 0.345703 0.812500 0.343750 0.810547 0.341797 0.810547 0.337891 0.806641 0.337891 0.800781 0.330078 0.800781 0.328125 0.802734
0 0.113281 0.785156 0.107422 0.785156 0.107422 0.789062 0.105469 0.791016 0.105469 0.796875 0.103516 0.798828 0.103516 0.804688 0.101562 0.806641 0.101562 0.812500 0.099609 0.814453 0.099609 0.816406 0.109375 0.816406 0.109375 0.814453 0.111328 0.812500 0.111328 0.806641 0.113281 0.804688 0.113281 0.798828 0.115234 0.796875 0.113281 0.794922 0.113281 0.792969 0.115234 0.791016 0.115234 0.789062 0.113281 0.787109
0 0.083984 0.781250 0.083984 0.783203 0.082031 0.785156 0.082031 0.796875 0.078125 0.800781 0.078125 0.802734 0.082031 0.806641 0.082031 0.808594 0.083984 0.810547 0.089844 0.810547 0.091797 0.812500 0.091797 0.814453 0.093750 0.816406 0.095703 0.816406 0.095703 0.810547 0.097656 0.808594 0.097656 0.804688 0.095703 0.802734 0.097656 0.800781 0.099609 0.800781 0.099609 0.798828 0.093750 0.798828 0.091797 0.796875 0.091797 0.794922 0.093750 0.792969 0.093750 0.781250
0 0.488281 0.771484 0.490234 0.773438 0.490234 0.775391 0.500000 0.775391 0.500000 0.771484 0.494141 0.771484 0.492188 0.769531 0.490234 0.769531
0 0.470703 0.765625 0.474609 0.769531 0.474609 0.771484 0.472656 0.773438 0.470703 0.771484 0.468750 0.771484 0.468750 0.779297 0.464844 0.783203 0.462891 0.783203 0.460938 0.781250 0.458984 0.781250 0.458984 0.783203 0.466797 0.783203 0.468750 0.785156 0.468750 0.787109 0.474609 0.787109 0.476562 0.789062 0.476562 0.791016 0.478516 0.789062 0.478516 0.785156 0.480469 0.783203 0.480469 0.781250 0.476562 0.777344 0.476562 0.771484 0.474609 0.769531 0.474609 0.765625 0.472656 0.767578
0 0.078125 0.769531 0.083984 0.769531 0.085938 0.771484 0.087891 0.769531 0.089844 0.769531 0.089844 0.767578 0.087891 0.765625 0.083984 0.765625 0.082031 0.763672 0.080078 0.763672 0.080078 0.767578
0 0.166016 0.761719 0.160156 0.761719 0.160156 0.763672 0.158203 0.765625 0.158203 0.769531 0.162109 0.769531 0.164062 0.767578 0.164062 0.765625 0.166016 0.763672
0 0.455078 0.759766 0.458984 0.763672 0.458984 0.767578 0.462891 0.771484 0.462891 0.769531 0.464844 0.767578 0.466797 0.767578 0.464844 0.767578 0.462891 0.765625 0.462891 0.763672 0.460938 0.761719 0.460938 0.759766
0 0.341797 0.755859 0.341797 0.759766 0.343750 0.761719 0.343750 0.763672 0.339844 0.767578 0.339844 0.771484 0.337891 0.773438 0.339844 0.775391 0.339844 0.779297 0.341797 0.779297 0.343750 0.777344 0.341797 0.775391 0.343750 0.773438 0.345703 0.773438 0.347656 0.771484 0.349609 0.771484 0.351562 0.773438 0.351562 0.779297 0.349609 0.781250 0.349609 0.783203 0.353516 0.783203 0.353516 0.777344 0.355469 0.775391 0.355469 0.771484 0.353516 0.769531 0.351562 0.769531 0.349609 0.767578 0.351562 0.765625 0.353516 0.765625 0.351562 0.765625 0.349609 0.763672 0.347656 0.763672 0.345703 0.761719 0.345703 0.757812 0.343750 0.755859
0 0.453125 0.751953 0.455078 0.751953 0.457031 0.753906 0.460938 0.753906 0.462891 0.755859 0.466797 0.755859 0.470703 0.759766 0.478516 0.759766 0.480469 0.761719 0.478516 0.763672 0.480469 0.763672 0.482422 0.765625 0.480469 0.767578 0.482422 0.769531 0.484375 0.769531 0.484375 0.763672 0.482422 0.761719 0.482422 0.759766 0.484375 0.757812 0.484375 0.753906 0.486328 0.751953 0.484375 0.750000 0.480469 0.750000 0.478516 0.748047 0.476562 0.748047 0.474609 0.746094 0.468750 0.746094 0.466797 0.748047 0.466797 0.753906 0.464844 0.755859 0.462891 0.755859 0.460938 0.753906 0.458984 0.753906 0.457031 0.751953
0 0.101562 0.730469 0.101562 0.736328 0.103516 0.738281 0.113281 0.738281 0.115234 0.740234 0.115234 0.744141 0.115234 0.740234 0.119141 0.736328 0.123047 0.736328 0.125000 0.734375 0.123047 0.732422 0.123047 0.730469 0.117188 0.730469 0.115234 0.732422 0.113281 0.730469
0 0.031250 0.736328 0.042969 0.742188 0.060547 0.740234 0.066406 0.746094 0.062500 0.750000 0.072266 0.751953 0.074219 0.757812 0.093750 0.759766 0.097656 0.771484 0.126953 0.779297 0.117188 0.804688 0.142578 0.812500 0.132812 0.820312 0.138672 0.824219 0.130859 0.830078 0.148438 0.830078 0.140625 0.824219 0.146484 0.820312 0.150391 0.824219 0.146484 0.814453 0.162109 0.804688 0.181641 0.814453 0.162109 0.822266 0.166016 0.828125 0.175781 0.828125 0.187500 0.814453 0.214844 0.816406 0.207031 0.826172 0.189453 0.818359 0.181641 0.830078 0.185547 0.832031 0.177734 0.835938 0.189453 0.837891 0.187500 0.845703 0.195312 0.845703 0.208984 0.833984 0.222656 0.839844 0.226562 0.832031 0.230469 0.837891 0.222656 0.849609 0.195312 0.851562 0.203125 0.861328 0.214844 0.861328 0.220703 0.867188 0.238281 0.867188 0.234375 0.859375 0.240234 0.839844 0.248047 0.837891 0.242188 0.833984 0.263672 0.826172 0.279297 0.828125 0.267578 0.822266 0.271484 0.816406 0.279297 0.820312 0.279297 0.814453 0.289062 0.808594 0.296875 0.814453 0.292969 0.820312 0.283203 0.820312 0.289062 0.832031 0.300781 0.832031 0.292969 0.826172 0.304688 0.816406 0.324219 0.820312 0.330078 0.832031 0.343750 0.830078 0.302734 0.808594 0.304688 0.798828 0.296875 0.783203 0.308594 0.779297 0.314453 0.767578 0.326172 0.769531 0.320312 0.763672 0.316406 0.767578 0.306641 0.765625 0.304688 0.759766 0.300781 0.767578 0.289062 0.763672 0.285156 0.775391 0.292969 0.791016 0.277344 0.796875 0.267578 0.792969 0.261719 0.808594 0.250000 0.816406 0.255859 0.822266 0.230469 0.830078 0.222656 0.806641 0.212891 0.812500 0.208984 0.808594 0.212891 0.794922 0.224609 0.789062 0.214844 0.789062 0.210938 0.783203 0.199219 0.787109 0.191406 0.783203 0.185547 0.789062 0.175781 0.777344 0.173828 0.798828 0.162109 0.802734 0.160156 0.794922 0.166016 0.791016 0.152344 0.787109 0.142578 0.791016 0.138672 0.787109 0.142578 0.779297 0.125000 0.771484 0.128906 0.769531 0.115234 0.757812 0.117188 0.748047 0.111328 0.742188 0.085938 0.742188 0.087891 0.750000 0.082031 0.751953 0.076172 0.734375 0.062500 0.738281 0.058594 0.730469 0.041016 0.730469
0 0.095703 0.728516 0.093750 0.730469 0.085938 0.730469 0.085938 0.734375 0.087891 0.736328 0.093750 0.736328 0.093750 0.734375 0.095703 0.732422
0 0.230469 0.726562 0.230469 0.732422 0.228516 0.734375 0.228516 0.736328 0.226562 0.738281 0.224609 0.736328 0.224609 0.734375 0.222656 0.732422 0.222656 0.730469 0.224609 0.728516 0.224609 0.726562 0.220703 0.730469 0.220703 0.736328 0.218750 0.738281 0.218750 0.742188 0.220703 0.740234 0.228516 0.740234 0.228516 0.738281 0.230469 0.736328 0.230469 0.734375 0.232422 0.732422 0.232422 0.728516
0 0.146484 0.722656 0.146484 0.728516 0.144531 0.730469 0.152344 0.730469 0.152344 0.726562 0.154297 0.724609 0.154297 0.722656
0 0.564453 0.714844 0.564453 0.728516 0.566406 0.730469 0.568359 0.730469 0.568359 0.720703 0.570312 0.718750 0.570312 0.714844
0 0.261719 0.712891 0.259766 0.712891 0.259766 0.714844 0.257812 0.716797 0.251953 0.716797 0.248047 0.720703 0.248047 0.722656 0.246094 0.724609 0.244141 0.724609 0.242188 0.726562 0.238281 0.726562 0.238281 0.736328 0.236328 0.738281 0.238281 0.738281 0.240234 0.740234 0.246094 0.740234 0.246094 0.738281 0.248047 0.736328 0.251953 0.736328 0.251953 0.734375 0.253906 0.732422 0.253906 0.728516 0.259766 0.722656 0.261719 0.722656
0 0.404297 0.707031 0.404297 0.710938 0.410156 0.716797 0.412109 0.716797 0.412109 0.712891 0.410156 0.710938 0.410156 0.707031
0 0.216797 0.699219 0.216797 0.701172 0.218750 0.703125 0.218750 0.705078 0.224609 0.705078 0.224609 0.699219
0 0.191406 0.705078 0.189453 0.705078 0.187500 0.703125 0.181641 0.703125 0.179688 0.701172 0.177734 0.701172 0.175781 0.699219 0.175781 0.701172 0.173828 0.703125 0.171875 0.703125 0.173828 0.703125 0.175781 0.705078 0.173828 0.707031 0.171875 0.707031 0.171875 0.712891 0.169922 0.714844 0.166016 0.714844 0.164062 0.712891 0.164062 0.710938 0.162109 0.710938 0.162109 0.714844 0.166016 0.718750 0.164062 0.720703 0.164062 0.722656 0.162109 0.724609 0.166016 0.728516 0.171875 0.728516 0.173828 0.726562 0.173828 0.724609 0.175781 0.722656 0.185547 0.722656 0.185547 0.720703 0.177734 0.720703 0.173828 0.716797 0.175781 0.714844 0.179688 0.714844 0.177734 0.712891 0.177734 0.707031 0.179688 0.705078 0.187500 0.705078 0.189453 0.707031 0.191406 0.707031 0.193359 0.708984 0.191406 0.707031
0 0.439453 0.697266 0.437500 0.697266 0.435547 0.695312 0.435547 0.697266 0.433594 0.699219 0.433594 0.703125 0.435547 0.705078 0.435547 0.712891 0.433594 0.714844 0.421875 0.714844 0.419922 0.716797 0.419922 0.720703 0.421875 0.722656 0.429688 0.722656 0.431641 0.724609 0.431641 0.722656 0.435547 0.718750 0.437500 0.718750 0.437500 0.714844 0.441406 0.710938 0.441406 0.708984 0.443359 0.707031 0.443359 0.705078 0.441406 0.703125 0.441406 0.699219
0 0.351562 0.687500 0.349609 0.689453 0.341797 0.689453 0.341797 0.693359 0.343750 0.693359 0.345703 0.695312 0.349609 0.695312 0.349609 0.693359 0.351562 0.691406
0 0.253906 0.689453 0.253906 0.693359 0.263672 0.693359 0.263672 0.689453 0.259766 0.689453 0.257812 0.687500 0.255859 0.687500
0 0.160156 0.687500 0.162109 0.687500 0.166016 0.691406 0.166016 0.697266 0.167969 0.697266 0.167969 0.693359 0.169922 0.691406 0.171875 0.691406 0.167969 0.687500 0.166016 0.687500 0.164062 0.685547 0.162109 0.687500
0 0.371094 0.685547 0.371094 0.687500 0.373047 0.689453 0.378906 0.689453 0.380859 0.691406 0.382812 0.691406 0.386719 0.687500 0.386719 0.681641 0.376953 0.681641 0.376953 0.683594 0.375000 0.685547
0 0.068359 0.667969 0.068359 0.671875 0.070312 0.671875 0.072266 0.669922 0.076172 0.669922 0.078125 0.671875 0.078125 0.673828 0.080078 0.673828 0.080078 0.667969
0 0.353516 0.664062 0.357422 0.664062 0.359375 0.666016 0.359375 0.671875 0.355469 0.675781 0.353516 0.675781 0.351562 0.673828 0.349609 0.673828 0.349609 0.677734 0.347656 0.679688 0.349609 0.681641 0.359375 0.681641 0.359375 0.677734 0.361328 0.675781 0.361328 0.673828 0.363281 0.671875 0.365234 0.673828 0.365234 0.679688 0.363281 0.681641 0.363281 0.685547 0.365234 0.685547 0.365234 0.681641 0.369141 0.677734 0.369141 0.675781 0.373047 0.671875 0.375000 0.671875 0.373047 0.671875 0.371094 0.669922 0.367188 0.669922 0.365234 0.671875 0.363281 0.669922 0.363281 0.666016 0.359375 0.666016 0.357422 0.664062
0 0.322266 0.660156 0.322266 0.667969 0.320312 0.669922 0.322266 0.669922 0.324219 0.671875 0.326172 0.669922 0.326172 0.662109 0.324219 0.662109
0 0.333984 0.652344 0.332031 0.654297 0.332031 0.656250 0.337891 0.656250 0.339844 0.658203 0.339844 0.660156 0.337891 0.662109 0.335938 0.662109 0.335938 0.664062 0.339844 0.664062 0.341797 0.666016 0.343750 0.666016 0.343750 0.660156 0.341797 0.660156 0.337891 0.656250 0.335938 0.656250 0.333984 0.654297
0 0.583984 0.636719 0.583984 0.640625 0.587891 0.644531 0.591797 0.644531 0.593750 0.646484 0.595703 0.646484 0.597656 0.648438 0.599609 0.648438 0.599609 0.642578 0.595703 0.642578 0.591797 0.638672 0.589844 0.638672 0.587891 0.636719
0 0.472656 0.630859 0.472656 0.644531 0.474609 0.646484 0.480469 0.646484 0.482422 0.648438 0.482422 0.656250 0.480469 0.658203 0.478516 0.658203 0.476562 0.660156 0.478516 0.662109 0.482422 0.662109 0.484375 0.660156 0.486328 0.660156 0.486328 0.648438 0.488281 0.646484 0.490234 0.646484 0.492188 0.644531 0.492188 0.642578 0.494141 0.640625 0.494141 0.638672 0.484375 0.638672 0.482422 0.636719 0.482422 0.630859
0 0.314453 0.623047 0.312500 0.623047 0.312500 0.625000 0.310547 0.626953 0.310547 0.628906 0.312500 0.630859 0.310547 0.632812 0.304688 0.632812 0.302734 0.634766 0.294922 0.634766 0.292969 0.632812 0.292969 0.638672 0.294922 0.638672 0.296875 0.640625 0.298828 0.638672 0.300781 0.638672 0.300781 0.636719 0.302734 0.634766 0.304688 0.636719 0.308594 0.636719 0.312500 0.632812 0.312500 0.630859 0.314453 0.628906
0 0.253906 0.621094 0.251953 0.621094 0.250000 0.619141 0.250000 0.617188 0.248047 0.619141 0.248047 0.625000 0.244141 0.628906 0.242188 0.628906 0.240234 0.626953 0.232422 0.626953 0.234375 0.628906 0.236328 0.628906 0.238281 0.630859 0.240234 0.630859 0.242188 0.632812 0.248047 0.632812 0.250000 0.634766 0.250000 0.630859 0.251953 0.628906 0.250000 0.626953 0.250000 0.625000 0.251953 0.623047 0.253906 0.623047
0 0.212891 0.619141 0.210938 0.619141 0.208984 0.617188 0.205078 0.617188 0.203125 0.619141 0.199219 0.619141 0.197266 0.617188 0.195312 0.617188 0.193359 0.615234 0.193359 0.619141 0.197266 0.623047 0.195312 0.625000 0.195312 0.626953 0.193359 0.628906 0.191406 0.626953 0.179688 0.626953 0.183594 0.630859 0.183594 0.642578 0.195312 0.642578 0.195312 0.640625 0.197266 0.638672 0.199219 0.640625 0.197266 0.638672 0.197266 0.634766 0.199219 0.632812 0.199219 0.630859 0.201172 0.628906 0.207031 0.628906 0.207031 0.625000 0.208984 0.623047 0.210938 0.623047 0.210938 0.621094
0 0.343750 0.611328 0.341797 0.613281 0.337891 0.613281 0.335938 0.611328 0.333984 0.611328 0.333984 0.613281 0.332031 0.615234 0.332031 0.626953 0.328125 0.630859 0.318359 0.630859 0.316406 0.632812 0.316406 0.636719 0.318359 0.638672 0.318359 0.640625 0.316406 0.642578 0.318359 0.644531 0.322266 0.644531 0.326172 0.648438 0.324219 0.650391 0.324219 0.656250 0.326172 0.658203 0.328125 0.656250 0.328125 0.648438 0.324219 0.644531 0.328125 0.640625 0.328125 0.638672 0.332031 0.634766 0.332031 0.628906 0.337891 0.623047 0.339844 0.623047 0.335938 0.623047 0.332031 0.619141 0.335938 0.615234 0.337891 0.617188 0.337891 0.619141 0.343750 0.619141 0.343750 0.617188 0.345703 0.615234 0.343750 0.613281
0 0.546875 0.601562 0.546875 0.605469 0.552734 0.605469 0.554688 0.607422 0.554688 0.609375 0.556641 0.611328 0.556641 0.615234 0.558594 0.615234 0.558594 0.599609 0.554688 0.599609 0.552734 0.601562
0 0.146484 0.609375 0.136719 0.609375 0.132812 0.605469 0.136719 0.597656 0.134766 0.595703 0.125000 0.595703 0.109375 0.601562 0.099609 0.595703 0.101562 0.587891 0.085938 0.591797 0.083984 0.597656 0.076172 0.597656 0.072266 0.593750 0.072266 0.582031 0.070312 0.585938 0.068359 0.583984 0.060547 0.585938 0.060547 0.589844 0.066406 0.593750 0.066406 0.601562 0.062500 0.611328 0.054688 0.609375 0.050781 0.605469 0.052734 0.599609 0.048828 0.599609 0.046875 0.603516 0.019531 0.603516 0.015625 0.607422 0.009766 0.607422 0.007812 0.613281 0.000000 0.613281 0.003906 0.615234 0.000000 0.617188 0.000000 0.625000 0.003906 0.625000 0.005859 0.632812 0.009766 0.636719 0.011719 0.634766 0.013672 0.636719 0.007812 0.644531 0.009766 0.656250 0.021484 0.658203 0.021484 0.646484 0.023438 0.644531 0.033203 0.644531 0.035156 0.646484 0.035156 0.654297 0.033203 0.656250 0.035156 0.667969 0.031250 0.671875 0.031250 0.677734 0.039062 0.677734 0.044922 0.669922 0.042969 0.662109 0.046875 0.658203 0.046875 0.650391 0.054688 0.646484 0.060547 0.646484 0.066406 0.652344 0.064453 0.656250 0.062500 0.654297 0.052734 0.656250 0.052734 0.658203 0.058594 0.660156 0.060547 0.666016 0.060547 0.660156 0.066406 0.654297 0.068359 0.662109 0.072266 0.662109 0.080078 0.650391 0.083984 0.652344 0.083984 0.656250 0.105469 0.652344 0.105469 0.648438 0.101562 0.646484 0.103516 0.644531 0.109375 0.644531 0.115234 0.648438 0.115234 0.658203 0.126953 0.660156 0.126953 0.656250 0.121094 0.654297 0.119141 0.648438 0.113281 0.646484 0.123047 0.640625 0.130859 0.646484 0.140625 0.646484 0.140625 0.640625 0.144531 0.634766 0.146484 0.625000 0.144531 0.623047 0.142578 0.626953 0.142578 0.636719 0.140625 0.638672 0.134766 0.632812 0.140625 0.619141 0.146484 0.617188
0 0.767578 0.585938 0.769531 0.585938 0.771484 0.583984 0.775391 0.583984 0.777344 0.582031 0.777344 0.578125 0.769531 0.578125 0.769531 0.580078 0.767578 0.582031
0 0.720703 0.576172 0.718750 0.578125 0.718750 0.583984 0.722656 0.583984 0.724609 0.585938 0.724609 0.589844 0.726562 0.591797 0.732422 0.591797 0.732422 0.589844 0.734375 0.587891 0.734375 0.582031 0.730469 0.582031 0.726562 0.578125 0.724609 0.578125 0.722656 0.576172
0 0.546875 0.572266 0.542969 0.572266 0.542969 0.576172 0.541016 0.578125 0.541016 0.589844 0.542969 0.587891 0.542969 0.582031 0.544922 0.580078 0.544922 0.576172 0.546875 0.574219
0 0.537109 0.572266 0.533203 0.572266 0.531250 0.574219 0.531250 0.591797 0.533203 0.591797 0.535156 0.589844 0.535156 0.578125 0.537109 0.576172
0 0.587891 0.568359 0.585938 0.568359 0.583984 0.570312 0.582031 0.570312 0.582031 0.576172 0.583984 0.578125 0.583984 0.582031 0.582031 0.583984 0.582031 0.587891 0.583984 0.589844 0.587891 0.589844
0 0.458984 0.566406 0.457031 0.568359 0.457031 0.572266 0.458984 0.574219 0.462891 0.574219 0.462891 0.568359 0.460938 0.566406
0 0.482422 0.560547 0.480469 0.560547 0.480469 0.562500 0.478516 0.564453 0.478516 0.583984 0.476562 0.585938 0.478516 0.587891 0.478516 0.593750 0.476562 0.595703 0.478516 0.597656 0.480469 0.595703 0.480469 0.593750 0.478516 0.591797 0.478516 0.589844 0.480469 0.587891 0.482422 0.587891 0.484375 0.585938 0.484375 0.562500
0 0.849609 0.556641 0.847656 0.556641 0.845703 0.554688 0.828125 0.554688 0.820312 0.562500 0.820312 0.564453 0.818359 0.566406 0.816406 0.566406 0.814453 0.568359 0.812500 0.568359 0.806641 0.574219 0.804688 0.574219 0.800781 0.578125 0.800781 0.587891 0.798828 0.589844 0.798828 0.597656 0.802734 0.597656 0.804688 0.595703 0.806641 0.595703 0.808594 0.593750 0.812500 0.593750 0.814453 0.595703 0.816406 0.595703 0.818359 0.597656 0.820312 0.597656 0.822266 0.599609 0.824219 0.599609 0.826172 0.601562 0.828125 0.601562 0.828125 0.595703 0.826172 0.595703 0.822266 0.591797 0.820312 0.591797 0.818359 0.589844 0.818359 0.587891 0.816406 0.587891 0.814453 0.585938 0.812500 0.585938 0.808594 0.582031 0.810547 0.580078 0.812500 0.580078 0.814453 0.578125 0.816406 0.578125 0.818359 0.576172 0.820312 0.576172 0.824219 0.572266 0.826172 0.572266 0.828125 0.570312 0.828125 0.568359 0.830078 0.566406 0.830078 0.560547 0.832031 0.558594 0.849609 0.558594
0 0.761719 0.548828 0.755859 0.548828 0.755859 0.552734 0.753906 0.554688 0.750000 0.554688 0.750000 0.560547 0.751953 0.562500 0.753906 0.562500 0.755859 0.560547 0.757812 0.562500 0.759766 0.562500 0.761719 0.560547
0 0.718750 0.548828 0.707031 0.548828 0.705078 0.546875 0.703125 0.548828 0.691406 0.548828 0.691406 0.570312 0.703125 0.570312 0.703125 0.558594 0.707031 0.554688 0.710938 0.554688 0.712891 0.552734 0.718750 0.552734
0 0.300781 0.542969 0.296875 0.546875 0.298828 0.548828 0.302734 0.548828 0.304688 0.550781 0.304688 0.552734 0.302734 0.554688 0.296875 0.554688 0.296875 0.556641 0.294922 0.558594 0.294922 0.564453 0.292969 0.566406 0.292969 0.568359 0.294922 0.570312 0.294922 0.572266 0.292969 0.574219 0.291016 0.574219 0.289062 0.576172 0.294922 0.576172 0.298828 0.580078 0.300781 0.580078 0.302734 0.582031 0.302734 0.580078 0.304688 0.578125 0.304688 0.574219 0.306641 0.572266 0.306641 0.568359 0.308594 0.566406 0.310547 0.566406 0.312500 0.564453 0.314453 0.564453 0.314453 0.560547 0.312500 0.560547 0.310547 0.558594 0.308594 0.558594 0.304688 0.554688 0.306641 0.552734 0.308594 0.552734 0.310547 0.550781 0.308594 0.548828 0.308594 0.546875 0.306641 0.546875 0.304688 0.544922 0.302734 0.544922
0 0.031250 0.542969 0.031250 0.544922 0.029297 0.546875 0.029297 0.552734 0.031250 0.552734 0.035156 0.556641 0.035156 0.560547 0.033203 0.562500 0.033203 0.564453 0.031250 0.566406 0.031250 0.572266 0.041016 0.572266 0.042969 0.570312 0.048828 0.570312 0.050781 0.568359 0.054688 0.568359 0.054688 0.564453 0.056641 0.562500 0.056641 0.560547 0.052734 0.560547 0.050781 0.558594 0.048828 0.558594 0.046875 0.556641 0.039062 0.556641 0.037109 0.554688 0.035156 0.554688 0.033203 0.552734 0.033203 0.546875 0.035156 0.544922 0.033203 0.542969
0 0.765625 0.533203 0.765625 0.535156 0.767578 0.537109 0.767578 0.544922 0.765625 0.546875 0.767578 0.546875 0.769531 0.544922 0.773438 0.544922 0.773438 0.533203
0 0.800781 0.519531 0.796875 0.519531 0.796875 0.529297 0.794922 0.531250 0.792969 0.529297 0.791016 0.529297 0.789062 0.531250 0.787109 0.531250 0.789062 0.533203 0.789062 0.542969 0.792969 0.542969 0.792969 0.535156 0.794922 0.533203 0.794922 0.531250 0.796875 0.529297 0.798828 0.531250 0.802734 0.531250 0.802734 0.523438 0.800781 0.521484
0 0.480469 0.525391 0.480469 0.529297 0.482422 0.529297 0.484375 0.531250 0.484375 0.533203 0.486328 0.535156 0.492188 0.535156 0.494141 0.537109 0.500000 0.537109 0.501953 0.535156 0.503906 0.537109 0.503906 0.539062 0.505859 0.537109 0.509766 0.537109 0.507812 0.537109 0.505859 0.535156 0.505859 0.533203 0.507812 0.531250 0.511719 0.531250 0.513672 0.533203 0.511719 0.531250 0.507812 0.531250 0.505859 0.529297 0.501953 0.529297 0.500000 0.527344 0.500000 0.525391 0.501953 0.523438 0.501953 0.521484 0.496094 0.521484 0.494141 0.519531 0.490234 0.519531 0.490234 0.521484 0.492188 0.521484 0.494141 0.523438 0.492188 0.525391 0.490234 0.525391 0.488281 0.527344 0.486328 0.525391
0 0.300781 0.525391 0.300781 0.527344 0.296875 0.531250 0.296875 0.535156 0.298828 0.535156 0.300781 0.537109 0.304688 0.537109 0.310547 0.542969 0.312500 0.541016 0.314453 0.542969 0.314453 0.544922 0.318359 0.548828 0.322266 0.548828 0.328125 0.554688 0.330078 0.554688 0.332031 0.556641 0.332031 0.560547 0.333984 0.560547 0.335938 0.562500 0.339844 0.562500 0.341797 0.564453 0.341797 0.568359 0.343750 0.570312 0.345703 0.570312 0.349609 0.574219 0.349609 0.576172 0.351562 0.576172 0.351562 0.574219 0.353516 0.572266 0.357422 0.576172 0.363281 0.574219 0.365234 0.576172 0.365234 0.578125 0.369141 0.582031 0.371094 0.580078 0.373047 0.582031 0.373047 0.585938 0.375000 0.587891 0.376953 0.587891 0.376953 0.585938 0.378906 0.583984 0.378906 0.580078 0.373047 0.580078 0.371094 0.578125 0.371094 0.576172 0.373047 0.574219 0.373047 0.570312 0.375000 0.568359 0.375000 0.562500 0.376953 0.560547 0.378906 0.560547 0.378906 0.558594 0.375000 0.558594 0.373047 0.556641 0.367188 0.558594 0.365234 0.556641 0.365234 0.552734 0.367188 0.550781 0.367188 0.546875 0.363281 0.550781 0.363281 0.554688 0.361328 0.556641 0.359375 0.554688 0.351562 0.554688 0.349609 0.552734 0.345703 0.552734 0.341797 0.546875 0.335938 0.546875 0.333984 0.544922 0.333984 0.539062 0.337891 0.535156 0.335938 0.535156 0.333984 0.533203 0.332031 0.533203 0.326172 0.529297 0.324219 0.531250 0.324219 0.533203 0.318359 0.537109 0.314453 0.531250 0.318359 0.527344 0.322266 0.527344 0.322266 0.525391 0.316406 0.523438 0.312500 0.519531 0.308594 0.519531 0.304688 0.525391
0 0.000000 0.515625 0.000000 0.523438 0.005859 0.523438 0.005859 0.519531 0.007812 0.517578 0.005859 0.517578 0.003906 0.515625
0 0.234375 0.511719 0.234375 0.513672 0.230469 0.517578 0.228516 0.517578 0.228516 0.521484 0.232422 0.521484 0.236328 0.525391 0.238281 0.525391 0.238281 0.523438 0.242188 0.519531 0.242188 0.517578 0.236328 0.511719
0 0.117188 0.519531 0.115234 0.519531 0.113281 0.517578 0.109375 0.507812 0.107422 0.507812 0.105469 0.509766 0.103516 0.509766 0.103516 0.511719 0.099609 0.515625 0.099609 0.519531 0.101562 0.521484 0.103516 0.521484 0.105469 0.523438 0.105469 0.525391 0.103516 0.527344 0.101562 0.527344 0.101562 0.529297 0.097656 0.533203 0.089844 0.533203 0.089844 0.535156 0.085938 0.539062 0.083984 0.537109 0.085938 0.531250 0.083984 0.531250 0.082031 0.529297 0.082031 0.527344 0.078125 0.527344 0.078125 0.531250 0.074219 0.535156 0.076172 0.537109 0.083984 0.537109 0.085938 0.539062 0.085938 0.542969 0.087891 0.542969 0.091797 0.546875 0.091797 0.548828 0.087891 0.552734 0.083984 0.552734 0.082031 0.550781 0.082031 0.544922 0.078125 0.541016 0.074219 0.541016 0.072266 0.539062 0.070312 0.539062 0.068359 0.541016 0.064453 0.541016 0.060547 0.537109 0.052734 0.537109 0.052734 0.539062 0.050781 0.541016 0.052734 0.542969 0.052734 0.544922 0.050781 0.546875 0.050781 0.554688 0.060547 0.556641 0.062500 0.558594 0.062500 0.564453 0.066406 0.564453 0.068359 0.566406 0.070312 0.566406 0.076172 0.570312 0.080078 0.570312 0.082031 0.572266 0.089844 0.572266 0.093750 0.568359 0.097656 0.568359 0.099609 0.570312 0.099609 0.572266 0.097656 0.574219 0.095703 0.574219 0.097656 0.576172 0.103516 0.578125 0.105469 0.572266 0.107422 0.570312 0.109375 0.570312 0.107422 0.570312 0.105469 0.568359 0.105469 0.566406 0.111328 0.560547 0.113281 0.562500 0.115234 0.562500 0.115234 0.556641 0.109375 0.556641 0.107422 0.554688 0.107422 0.550781 0.103516 0.546875 0.101562 0.546875 0.099609 0.544922 0.099609 0.542969 0.097656 0.541016 0.097656 0.537109 0.101562 0.531250 0.105469 0.531250 0.107422 0.533203 0.111328 0.529297 0.113281 0.531250 0.111328 0.525391 0.115234 0.521484 0.117188 0.521484
0 0.279297 0.501953 0.277344 0.503906 0.277344 0.505859 0.275391 0.507812 0.275391 0.509766 0.271484 0.513672 0.271484 0.515625 0.269531 0.517578 0.263672 0.517578 0.261719 0.519531 0.257812 0.519531 0.257812 0.521484 0.261719 0.525391 0.261719 0.527344 0.259766 0.529297 0.261719 0.531250 0.263672 0.531250 0.263672 0.527344 0.265625 0.525391 0.273438 0.525391 0.277344 0.529297 0.277344 0.531250 0.275391 0.533203 0.275391 0.539062 0.277344 0.539062 0.277344 0.533203 0.283203 0.527344 0.285156 0.527344 0.289062 0.523438 0.285156 0.519531 0.281250 0.519531 0.277344 0.515625 0.275391 0.515625 0.273438 0.513672 0.273438 0.511719 0.279297 0.505859 0.283203 0.505859 0.283203 0.503906 0.281250 0.503906
0 0.275391 0.500000 0.273438 0.500000 0.271484 0.498047 0.271484 0.501953 0.269531 0.503906 0.265625 0.503906 0.265625 0.509766 0.267578 0.509766 0.269531 0.507812 0.271484 0.507812 0.271484 0.505859 0.273438 0.503906 0.273438 0.501953
0 0.687500 0.490234 0.687500 0.496094 0.689453 0.498047 0.689453 0.500000 0.691406 0.500000 0.695312 0.503906 0.699219 0.503906 0.703125 0.507812 0.705078 0.507812 0.707031 0.509766 0.716797 0.509766 0.720703 0.505859 0.724609 0.505859 0.726562 0.503906 0.724609 0.501953 0.724609 0.500000 0.720703 0.500000 0.718750 0.498047 0.707031 0.498047 0.705078 0.500000 0.703125 0.498047 0.701172 0.498047 0.699219 0.496094 0.699219 0.494141 0.697266 0.492188 0.697266 0.490234
0 0.238281 0.490234 0.234375 0.490234 0.234375 0.494141 0.230469 0.498047 0.228516 0.498047 0.226562 0.496094 0.226562 0.494141 0.228516 0.492188 0.230469 0.492188 0.230469 0.488281 0.226562 0.488281 0.224609 0.490234 0.224609 0.492188 0.222656 0.494141 0.222656 0.496094 0.220703 0.498047 0.220703 0.500000 0.216797 0.503906 0.216797 0.505859 0.214844 0.507812 0.214844 0.509766 0.212891 0.511719 0.216797 0.511719 0.216797 0.509766 0.220703 0.505859 0.220703 0.503906 0.224609 0.500000 0.224609 0.498047 0.226562 0.496094 0.228516 0.498047 0.228516 0.501953 0.226562 0.503906 0.226562 0.505859 0.224609 0.507812 0.224609 0.509766 0.222656 0.511719 0.222656 0.513672 0.224609 0.513672 0.228516 0.509766 0.230469 0.509766 0.230469 0.505859 0.232422 0.503906 0.232422 0.501953 0.234375 0.500000 0.234375 0.496094 0.238281 0.492188
0 0.072266 0.488281 0.074219 0.490234 0.070312 0.494141 0.070312 0.496094 0.072266 0.498047 0.074219 0.498047 0.076172 0.500000 0.078125 0.498047 0.080078 0.498047 0.080078 0.496094
0 0.246094 0.484375 0.244141 0.486328 0.244141 0.490234 0.242188 0.492188 0.242188 0.498047 0.248047 0.498047 0.250000 0.500000 0.251953 0.500000 0.253906 0.498047 0.253906 0.494141 0.255859 0.492188 0.255859 0.488281 0.253906 0.488281 0.251953 0.486328 0.248047 0.486328
0 0.664062 0.492188 0.658203 0.488281 0.654297 0.492188 0.648438 0.486328 0.638672 0.486328 0.634766 0.482422 0.628906 0.482422 0.632812 0.486328 0.632812 0.490234 0.621094 0.498047 0.623047 0.503906 0.619141 0.507812 0.609375 0.500000 0.609375 0.494141 0.595703 0.494141 0.593750 0.496094 0.591797 0.492188 0.589844 0.496094 0.599609 0.505859 0.597656 0.507812 0.599609 0.513672 0.597656 0.515625 0.593750 0.513672 0.589844 0.517578 0.583984 0.515625 0.582031 0.523438 0.576172 0.527344 0.570312 0.525391 0.570312 0.500000 0.572266 0.498047 0.554688 0.500000 0.550781 0.496094 0.541016 0.496094 0.539062 0.498047 0.539062 0.507812 0.535156 0.509766 0.533203 0.519531 0.525391 0.523438 0.531250 0.523438 0.533203 0.521484 0.537109 0.523438 0.533203 0.527344 0.533203 0.537109 0.537109 0.539062 0.535156 0.541016 0.537109 0.548828 0.546875 0.542969 0.541016 0.537109 0.548828 0.529297 0.554688 0.531250 0.548828 0.537109 0.554688 0.535156 0.554688 0.527344 0.556641 0.525391 0.552734 0.521484 0.552734 0.517578 0.556641 0.513672 0.556641 0.505859 0.560547 0.503906 0.562500 0.507812 0.566406 0.503906 0.570312 0.509766 0.564453 0.511719 0.564453 0.527344 0.570312 0.525391 0.578125 0.529297 0.576172 0.531250 0.570312 0.531250 0.570312 0.541016 0.578125 0.541016 0.583984 0.546875 0.587891 0.546875 0.591797 0.541016 0.591797 0.537109 0.599609 0.531250 0.599609 0.525391 0.591797 0.525391 0.589844 0.523438 0.593750 0.517578 0.599609 0.517578 0.617188 0.523438 0.626953 0.517578 0.630859 0.523438 0.642578 0.513672 0.642578 0.505859 0.638672 0.503906 0.640625 0.498047 0.646484 0.501953 0.642578 0.498047 0.644531 0.496094 0.656250 0.496094 0.658203 0.501953 0.662109 0.501953 0.662109 0.494141
0 0.349609 0.478516 0.347656 0.478516 0.347656 0.482422 0.343750 0.486328 0.337891 0.486328 0.335938 0.488281 0.335938 0.492188 0.333984 0.494141 0.333984 0.501953 0.332031 0.503906 0.332031 0.505859 0.333984 0.507812 0.335938 0.507812 0.337891 0.509766 0.337891 0.511719 0.339844 0.513672 0.341797 0.513672 0.341797 0.507812 0.343750 0.505859 0.343750 0.501953 0.345703 0.500000 0.345703 0.494141 0.347656 0.492188 0.347656 0.488281 0.349609 0.486328
0 0.208984 0.474609 0.207031 0.474609 0.203125 0.478516 0.201172 0.476562 0.201172 0.472656 0.189453 0.472656 0.185547 0.476562 0.185547 0.478516 0.181641 0.482422 0.181641 0.484375 0.179688 0.486328 0.183594 0.490234 0.185547 0.490234 0.189453 0.494141 0.193359 0.494141 0.195312 0.496094 0.195312 0.492188 0.197266 0.490234 0.197266 0.488281 0.203125 0.482422 0.203125 0.480469
0 0.392578 0.466797 0.390625 0.468750 0.390625 0.470703 0.388672 0.472656 0.384766 0.472656 0.382812 0.470703 0.378906 0.470703 0.376953 0.472656 0.376953 0.474609 0.375000 0.476562 0.376953 0.478516 0.376953 0.484375 0.375000 0.486328 0.375000 0.492188 0.376953 0.492188 0.378906 0.490234 0.380859 0.490234 0.380859 0.482422 0.378906 0.482422 0.376953 0.480469 0.376953 0.478516 0.378906 0.476562 0.384766 0.476562 0.384766 0.474609 0.386719 0.472656 0.388672 0.472656 0.390625 0.474609 0.390625 0.488281 0.388672 0.490234 0.388672 0.501953 0.392578 0.501953 0.392578 0.492188 0.394531 0.490234 0.398438 0.490234 0.398438 0.488281 0.396484 0.488281 0.394531 0.486328 0.394531 0.480469 0.396484 0.478516 0.398438 0.478516 0.400391 0.480469 0.402344 0.480469 0.404297 0.478516 0.408203 0.482422 0.408203 0.490234 0.406250 0.492188 0.406250 0.494141 0.408203 0.494141 0.408203 0.486328 0.410156 0.484375 0.410156 0.476562 0.408203 0.476562 0.406250 0.478516 0.404297 0.476562 0.404297 0.472656 0.402344 0.472656 0.400391 0.470703 0.398438 0.470703 0.396484 0.468750 0.394531 0.468750
0 0.552734 0.464844 0.550781 0.466797 0.546875 0.466797 0.546875 0.468750 0.544922 0.470703 0.544922 0.474609 0.542969 0.476562 0.542969 0.482422 0.544922 0.482422 0.546875 0.484375 0.552734 0.484375 0.554688 0.482422 0.554688 0.472656 0.552734 0.472656 0.550781 0.470703 0.552734 0.468750 0.554688 0.468750 0.554688 0.466797
0 0.367188 0.462891 0.365234 0.462891 0.363281 0.464844 0.359375 0.464844 0.359375 0.466797 0.357422 0.468750 0.359375 0.470703 0.361328 0.470703 0.363281 0.472656 0.363281 0.476562 0.361328 0.478516 0.359375 0.478516 0.355469 0.482422 0.353516 0.482422 0.353516 0.484375 0.355469 0.484375 0.359375 0.488281 0.361328 0.488281 0.363281 0.490234 0.363281 0.488281 0.361328 0.486328 0.361328 0.478516 0.365234 0.474609 0.363281 0.472656 0.363281 0.470703 0.365234 0.468750 0.367188 0.468750
0 0.654297 0.462891 0.650391 0.458984 0.646484 0.458984 0.644531 0.457031 0.638672 0.457031 0.638672 0.458984 0.634766 0.462891 0.632812 0.462891 0.632812 0.464844 0.630859 0.466797 0.628906 0.466797 0.628906 0.478516 0.644531 0.478516 0.648438 0.474609 0.648438 0.470703 0.650391 0.468750 0.652344 0.468750 0.654297 0.470703 0.656250 0.470703 0.654297 0.468750
0 0.552734 0.490234 0.550781 0.488281 0.542969 0.488281 0.541016 0.490234 0.539062 0.488281 0.539062 0.472656 0.541016 0.470703 0.539062 0.468750 0.539062 0.462891 0.537109 0.460938 0.533203 0.460938 0.531250 0.462891 0.527344 0.458984 0.519531 0.457031 0.515625 0.458984 0.519531 0.462891 0.513672 0.470703 0.507812 0.470703 0.505859 0.468750 0.507812 0.464844 0.505859 0.462891 0.498047 0.466797 0.496094 0.464844 0.492188 0.464844 0.490234 0.468750 0.484375 0.464844 0.474609 0.468750 0.466797 0.466797 0.455078 0.482422 0.449219 0.482422 0.447266 0.484375 0.443359 0.482422 0.439453 0.482422 0.437500 0.484375 0.431641 0.482422 0.431641 0.488281 0.433594 0.488281 0.435547 0.484375 0.441406 0.484375 0.447266 0.488281 0.449219 0.494141 0.445312 0.496094 0.445312 0.500000 0.441406 0.507812 0.437500 0.505859 0.427734 0.505859 0.429688 0.507812 0.429688 0.511719 0.431641 0.507812 0.433594 0.509766 0.441406 0.507812 0.443359 0.511719 0.439453 0.513672 0.439453 0.515625 0.443359 0.517578 0.451172 0.511719 0.453125 0.507812 0.455078 0.507812 0.455078 0.500000 0.457031 0.498047 0.458984 0.500000 0.462891 0.500000 0.464844 0.501953 0.462891 0.511719 0.466797 0.511719 0.470703 0.515625 0.468750 0.517578 0.464844 0.517578 0.460938 0.523438 0.457031 0.521484 0.458984 0.523438 0.457031 0.525391 0.453125 0.525391 0.447266 0.521484 0.445312 0.521484 0.443359 0.525391 0.447266 0.527344 0.455078 0.527344 0.466797 0.533203 0.474609 0.529297 0.470703 0.529297 0.466797 0.525391 0.466797 0.519531 0.468750 0.517578 0.476562 0.517578 0.474609 0.513672 0.478516 0.511719 0.478516 0.507812 0.480469 0.505859 0.480469 0.503906 0.476562 0.507812 0.470703 0.503906 0.470703 0.500000 0.464844 0.496094 0.466797 0.492188 0.468750 0.494141 0.472656 0.492188 0.482422 0.492188 0.486328 0.488281 0.496094 0.490234 0.501953 0.494141 0.505859 0.494141 0.507812 0.492188 0.511719 0.492188 0.513672 0.494141 0.515625 0.492188 0.523438 0.492188 0.525391 0.494141 0.527344 0.492188 0.541016 0.492188 0.542969 0.490234 0.544922 0.492188 0.550781 0.492188
0 0.148438 0.460938 0.148438 0.464844 0.152344 0.464844 0.154297 0.466797 0.160156 0.466797 0.162109 0.468750 0.160156 0.470703 0.164062 0.470703 0.166016 0.472656 0.166016 0.476562 0.171875 0.482422 0.171875 0.486328 0.173828 0.486328 0.177734 0.482422 0.175781 0.482422 0.173828 0.480469 0.173828 0.478516 0.177734 0.474609 0.179688 0.474609 0.179688 0.472656 0.181641 0.470703 0.181641 0.464844 0.173828 0.464844 0.167969 0.458984 0.164062 0.458984 0.162109 0.457031 0.154297 0.457031 0.152344 0.458984 0.152344 0.460938 0.150391 0.462891
0 0.382812 0.449219 0.378906 0.449219 0.376953 0.451172 0.375000 0.451172 0.373047 0.453125 0.373047 0.460938 0.371094 0.462891 0.371094 0.464844 0.373047 0.466797 0.373047 0.468750 0.376953 0.464844 0.378906 0.466797 0.380859 0.466797 0.380859 0.460938 0.382812 0.458984
0 0.314453 0.447266 0.312500 0.449219 0.312500 0.453125 0.310547 0.455078 0.316406 0.460938 0.316406 0.466797 0.314453 0.468750 0.314453 0.474609 0.314453 0.470703 0.316406 0.468750 0.316406 0.464844 0.318359 0.462891 0.318359 0.457031 0.320312 0.455078 0.324219 0.455078 0.322266 0.453125 0.322266 0.451172 0.320312 0.453125 0.316406 0.453125 0.314453 0.451172
0 0.597656 0.445312 0.593750 0.449219 0.593750 0.453125 0.595703 0.453125 0.597656 0.455078 0.597656 0.460938 0.605469 0.460938 0.607422 0.462891 0.607422 0.464844 0.609375 0.464844 0.609375 0.462891 0.611328 0.460938 0.613281 0.460938 0.613281 0.458984 0.611328 0.458984 0.609375 0.457031 0.607422 0.457031 0.605469 0.455078 0.605469 0.451172 0.607422 0.449219 0.611328 0.453125 0.613281 0.453125 0.613281 0.451172 0.611328 0.449219 0.599609 0.449219 0.597656 0.447266
0 0.238281 0.441406 0.238281 0.447266 0.242188 0.447266 0.244141 0.449219 0.244141 0.455078 0.242188 0.457031 0.240234 0.455078 0.240234 0.453125 0.240234 0.455078 0.242188 0.457031 0.242188 0.458984 0.244141 0.458984 0.246094 0.460938 0.246094 0.451172 0.248047 0.449219 0.250000 0.449219 0.250000 0.447266 0.251953 0.445312 0.251953 0.441406
0 0.646484 0.439453 0.640625 0.439453 0.636719 0.443359 0.636719 0.445312 0.640625 0.445312 0.642578 0.443359 0.644531 0.443359 0.646484 0.441406
0 0.105469 0.437500 0.105469 0.441406 0.103516 0.443359 0.107422 0.443359 0.109375 0.445312 0.109375 0.447266 0.111328 0.447266 0.113281 0.449219 0.111328 0.451172 0.111328 0.453125 0.115234 0.453125 0.115234 0.451172 0.117188 0.449219 0.119141 0.449219 0.121094 0.447266 0.121094 0.445312 0.119141 0.443359 0.115234 0.443359 0.113281 0.441406 0.111328 0.441406 0.107422 0.437500
0 0.464844 0.445312 0.476562 0.445312 0.476562 0.443359 0.478516 0.441406 0.476562 0.441406 0.472656 0.437500 0.472656 0.435547 0.474609 0.433594 0.478516 0.433594 0.480469 0.435547 0.480469 0.437500 0.484375 0.437500 0.482422 0.437500 0.478516 0.433594 0.472656 0.433594 0.470703 0.431641 0.468750 0.431641 0.468750 0.433594 0.466797 0.435547 0.466797 0.441406 0.464844 0.443359
0 0.146484 0.427734 0.146484 0.439453 0.148438 0.441406 0.146484 0.443359 0.150391 0.447266 0.148438 0.449219 0.156250 0.449219 0.158203 0.447266 0.156250 0.445312 0.158203 0.443359 0.158203 0.439453 0.156250 0.437500 0.156250 0.433594 0.154297 0.433594 0.148438 0.427734
0 0.341797 0.417969 0.341797 0.421875 0.337891 0.425781 0.335938 0.423828 0.335938 0.421875 0.337891 0.419922 0.335938 0.417969 0.335938 0.419922 0.333984 0.421875 0.333984 0.425781 0.335938 0.427734 0.333984 0.429688 0.335938 0.431641 0.335938 0.439453 0.333984 0.441406 0.333984 0.449219 0.333984 0.447266 0.337891 0.443359 0.339844 0.445312 0.343750 0.445312 0.343750 0.431641 0.345703 0.429688 0.345703 0.425781 0.343750 0.425781 0.341797 0.423828 0.341797 0.421875 0.343750 0.419922 0.345703 0.419922 0.343750 0.419922
0 0.458984 0.425781 0.457031 0.423828 0.455078 0.423828 0.455078 0.425781 0.453125 0.427734 0.443359 0.427734 0.443359 0.429688 0.441406 0.431641 0.437500 0.427734 0.433594 0.427734 0.431641 0.429688 0.431641 0.431641 0.427734 0.435547 0.425781 0.435547 0.423828 0.433594 0.425781 0.431641 0.414062 0.431641 0.410156 0.427734 0.414062 0.423828 0.416016 0.425781 0.421875 0.425781 0.421875 0.423828 0.416016 0.423828 0.412109 0.419922 0.412109 0.416016 0.412109 0.417969 0.410156 0.419922 0.410156 0.425781 0.406250 0.429688 0.404297 0.427734 0.404297 0.419922 0.402344 0.417969 0.402344 0.423828 0.400391 0.425781 0.398438 0.425781 0.408203 0.431641 0.408203 0.439453 0.406250 0.441406 0.406250 0.447266 0.404297 0.449219 0.394531 0.449219 0.392578 0.447266 0.392578 0.441406 0.390625 0.439453 0.388672 0.439453 0.388672 0.443359 0.386719 0.445312 0.386719 0.447266 0.392578 0.451172 0.388672 0.455078 0.390625 0.455078 0.392578 0.453125 0.402344 0.453125 0.404297 0.455078 0.404297 0.458984 0.402344 0.460938 0.404297 0.462891 0.406250 0.462891 0.408203 0.464844 0.408203 0.466797 0.412109 0.466797 0.412109 0.464844 0.414062 0.462891 0.414062 0.457031 0.416016 0.455078 0.421875 0.455078 0.421875 0.453125 0.423828 0.451172 0.429688 0.449219 0.429688 0.447266 0.431641 0.445312 0.429688 0.443359 0.431641 0.441406 0.431641 0.439453 0.435547 0.435547 0.441406 0.433594 0.443359 0.435547 0.449219 0.435547 0.451172 0.437500 0.453125 0.437500 0.455078 0.435547 0.457031 0.435547 0.457031 0.427734
0 0.291016 0.421875 0.289062 0.419922 0.287109 0.419922 0.287109 0.421875 0.285156 0.423828 0.283203 0.423828 0.281250 0.421875 0.283203 0.419922 0.283203 0.416016 0.281250 0.417969 0.281250 0.419922 0.279297 0.421875 0.277344 0.419922 0.275391 0.421875 0.275391 0.423828 0.273438 0.425781 0.273438 0.427734 0.271484 0.429688 0.265625 0.429688 0.261719 0.425781 0.261719 0.431641 0.265625 0.431641 0.267578 0.433594 0.269531 0.433594 0.275391 0.439453 0.275391 0.441406 0.277344 0.441406 0.279297 0.439453 0.291016 0.439453 0.289062 0.437500 0.287109 0.437500 0.285156 0.439453 0.283203 0.439453 0.281250 0.437500 0.279297 0.439453 0.275391 0.439453 0.273438 0.437500 0.275391 0.435547 0.277344 0.435547 0.277344 0.433594 0.275391 0.431641 0.277344 0.429688 0.289062 0.429688 0.289062 0.425781 0.291016 0.423828
0 0.169922 0.417969 0.167969 0.417969 0.166016 0.416016 0.166016 0.414062 0.166016 0.416016 0.164062 0.417969 0.164062 0.419922 0.162109 0.421875 0.160156 0.421875 0.160156 0.423828 0.162109 0.423828 0.164062 0.421875 0.166016 0.423828 0.167969 0.423828 0.169922 0.421875
0 0.474609 0.404297 0.474609 0.408203 0.472656 0.410156 0.472656 0.412109 0.474609 0.414062 0.476562 0.414062 0.484375 0.406250 0.486328 0.406250 0.488281 0.408203 0.488281 0.412109 0.486328 0.414062 0.486328 0.417969 0.488281 0.416016 0.492188 0.419922 0.492188 0.421875 0.494141 0.423828 0.494141 0.419922 0.498047 0.416016 0.496094 0.414062 0.496094 0.408203 0.494141 0.408203 0.492188 0.406250 0.488281 0.406250 0.486328 0.404297
0 0.095703 0.388672 0.095703 0.390625 0.097656 0.390625 0.099609 0.392578 0.103516 0.392578 0.103516 0.386719 0.097656 0.386719
0 0.599609 0.384766 0.589844 0.384766 0.587891 0.386719 0.587891 0.400391 0.585938 0.402344 0.583984 0.402344 0.582031 0.400391 0.580078 0.400391 0.578125 0.398438 0.578125 0.400391 0.576172 0.402344 0.572266 0.402344 0.570312 0.404297 0.568359 0.404297 0.566406 0.406250 0.564453 0.406250 0.562500 0.404297 0.558594 0.404297 0.558594 0.406250 0.556641 0.408203 0.558594 0.410156 0.560547 0.410156 0.562500 0.412109 0.558594 0.416016 0.556641 0.416016 0.552734 0.412109 0.546875 0.412109 0.542969 0.416016 0.542969 0.417969 0.541016 0.419922 0.541016 0.425781 0.537109 0.429688 0.539062 0.429688 0.542969 0.425781 0.544922 0.425781 0.542969 0.423828 0.542969 0.421875 0.544922 0.419922 0.544922 0.416016 0.548828 0.412109 0.552734 0.412109 0.554688 0.414062 0.554688 0.421875 0.560547 0.421875 0.560547 0.419922 0.562500 0.417969 0.572266 0.417969 0.572266 0.414062 0.566406 0.414062 0.564453 0.412109 0.566406 0.410156 0.574219 0.410156 0.576172 0.412109 0.580078 0.408203 0.589844 0.408203 0.589844 0.406250 0.593750 0.402344 0.595703 0.402344 0.597656 0.400391 0.597656 0.394531 0.599609 0.392578
0 0.111328 0.380859 0.113281 0.382812 0.113281 0.384766 0.109375 0.388672 0.109375 0.394531 0.111328 0.394531 0.113281 0.396484 0.115234 0.396484 0.115234 0.390625 0.113281 0.390625 0.111328 0.388672 0.113281 0.386719 0.117188 0.386719 0.117188 0.380859
0 0.410156 0.363281 0.412109 0.365234 0.410156 0.367188 0.410156 0.371094 0.408203 0.373047 0.408203 0.378906 0.412109 0.382812 0.412109 0.376953 0.414062 0.375000 0.414062 0.371094 0.416016 0.369141 0.417969 0.371094 0.417969 0.376953 0.425781 0.376953 0.423828 0.376953 0.421875 0.375000 0.421875 0.371094 0.419922 0.371094 0.417969 0.369141 0.416016 0.369141
0 0.027344 0.357422 0.029297 0.359375 0.029297 0.365234 0.027344 0.367188 0.025391 0.367188 0.025391 0.369141 0.021484 0.373047 0.021484 0.375000 0.023438 0.375000 0.025391 0.376953 0.025391 0.380859 0.039062 0.380859 0.037109 0.378906 0.039062 0.376953 0.042969 0.376953 0.044922 0.378906 0.048828 0.378906 0.048828 0.376953 0.050781 0.375000 0.050781 0.367188 0.052734 0.365234 0.050781 0.363281 0.048828 0.363281 0.046875 0.361328 0.041016 0.361328 0.039062 0.359375 0.037109 0.359375 0.035156 0.357422
0 0.072266 0.351562 0.078125 0.357422 0.078125 0.361328 0.083984 0.361328 0.087891 0.365234 0.089844 0.365234 0.091797 0.363281 0.093750 0.365234 0.095703 0.365234 0.097656 0.367188 0.097656 0.369141 0.099609 0.369141 0.101562 0.367188 0.103516 0.367188 0.103516 0.365234 0.105469 0.363281 0.103516 0.361328 0.103516 0.359375 0.101562 0.359375 0.099609 0.357422 0.095703 0.357422 0.093750 0.355469 0.089844 0.355469 0.087891 0.353516 0.085938 0.353516 0.083984 0.351562
0 0.003906 0.351562 0.003906 0.353516 0.000000 0.357422 0.000000 0.363281 0.001953 0.363281 0.003906 0.365234 0.005859 0.363281 0.011719 0.363281 0.011719 0.359375 0.013672 0.357422 0.013672 0.353516 0.011719 0.351562
0 0.273438 0.353516 0.273438 0.357422 0.277344 0.361328 0.279297 0.361328 0.281250 0.363281 0.285156 0.363281 0.287109 0.365234 0.291016 0.365234 0.292969 0.367188 0.292969 0.363281 0.294922 0.361328 0.294922 0.353516 0.296875 0.351562 0.294922 0.351562 0.292969 0.349609 0.289062 0.349609 0.287109 0.347656 0.285156 0.347656 0.283203 0.345703 0.281250 0.347656 0.281250 0.351562 0.279297 0.353516
0 0.363281 0.341797 0.361328 0.341797 0.361328 0.343750 0.359375 0.345703 0.365234 0.345703 0.367188 0.347656 0.359375 0.355469 0.355469 0.351562 0.355469 0.349609 0.353516 0.347656 0.353516 0.345703 0.355469 0.343750 0.351562 0.343750 0.351562 0.347656 0.349609 0.349609 0.349609 0.355469 0.351562 0.353516 0.353516 0.355469 0.355469 0.355469 0.357422 0.357422 0.367188 0.357422 0.367188 0.347656 0.363281 0.343750
0 0.230469 0.326172 0.232422 0.328125 0.236328 0.328125 0.238281 0.330078 0.236328 0.332031 0.236328 0.341797 0.238281 0.341797 0.242188 0.345703 0.248047 0.345703 0.246094 0.343750 0.244141 0.343750 0.240234 0.339844 0.242188 0.337891 0.238281 0.333984 0.238281 0.330078 0.240234 0.328125 0.244141 0.328125 0.242188 0.328125 0.238281 0.324219 0.236328 0.326172
0 0.078125 0.324219 0.080078 0.324219 0.082031 0.326172 0.083984 0.324219 0.085938 0.324219 0.087891 0.326172 0.087891 0.328125 0.089844 0.328125 0.091797 0.330078 0.093750 0.330078 0.097656 0.333984 0.099609 0.332031 0.099609 0.326172 0.097656 0.326172 0.093750 0.330078 0.091797 0.328125 0.089844 0.328125 0.085938 0.324219 0.085938 0.322266 0.080078 0.322266
0 0.373047 0.320312 0.373047 0.337891 0.375000 0.339844 0.375000 0.345703 0.376953 0.345703 0.378906 0.347656 0.398438 0.347656 0.400391 0.345703 0.400391 0.339844 0.398438 0.337891 0.398438 0.333984 0.396484 0.332031 0.396484 0.328125 0.398438 0.326172 0.402344 0.326172 0.410156 0.333984 0.410156 0.337891 0.412109 0.339844 0.412109 0.347656 0.416016 0.347656 0.417969 0.349609 0.421875 0.349609 0.427734 0.355469 0.431641 0.355469 0.433594 0.357422 0.435547 0.357422 0.439453 0.361328 0.447266 0.361328 0.447266 0.345703 0.445312 0.343750 0.445312 0.341797 0.443359 0.339844 0.443359 0.337891 0.441406 0.335938 0.441406 0.333984 0.439453 0.332031 0.439453 0.330078 0.437500 0.328125 0.437500 0.324219 0.433594 0.320312 0.431641 0.320312 0.429688 0.318359 0.423828 0.318359 0.421875 0.316406 0.412109 0.316406 0.410156 0.318359 0.375000 0.318359
0 0.119141 0.302734 0.117188 0.302734 0.115234 0.300781 0.111328 0.300781 0.107422 0.296875 0.107422 0.292969 0.105469 0.292969 0.103516 0.291016 0.101562 0.291016 0.099609 0.292969 0.099609 0.302734 0.095703 0.306641 0.095703 0.312500 0.097656 0.312500 0.099609 0.314453 0.099609 0.316406 0.097656 0.318359 0.095703 0.318359 0.091797 0.314453 0.091797 0.310547 0.091797 0.316406 0.093750 0.316406 0.095703 0.318359 0.095703 0.320312 0.093750 0.322266 0.091797 0.322266 0.093750 0.322266 0.095703 0.320312 0.099609 0.320312 0.099609 0.316406 0.101562 0.314453 0.101562 0.310547 0.103516 0.308594 0.105469 0.308594 0.107422 0.310547 0.109375 0.308594 0.109375 0.304688 0.111328 0.302734 0.115234 0.306641 0.117188 0.304688 0.119141 0.304688
0 0.199219 0.263672 0.197266 0.263672 0.193359 0.267578 0.189453 0.267578 0.189453 0.271484 0.191406 0.273438 0.189453 0.275391 0.187500 0.275391 0.187500 0.281250 0.189453 0.281250 0.187500 0.279297 0.189453 0.277344 0.189453 0.275391 0.193359 0.271484 0.195312 0.271484 0.197266 0.269531 0.199219 0.269531 0.201172 0.271484 0.201172 0.265625
0 0.341797 0.236328 0.339844 0.236328 0.337891 0.238281 0.328125 0.238281 0.328125 0.250000 0.339844 0.250000 0.341797 0.248047
0 0.275391 0.212891 0.273438 0.214844 0.273438 0.232422 0.275391 0.234375 0.275391 0.238281 0.277344 0.240234 0.277344 0.242188 0.279297 0.244141 0.279297 0.248047 0.281250 0.250000 0.287109 0.250000 0.287109 0.232422 0.285156 0.230469 0.285156 0.224609 0.283203 0.222656 0.283203 0.214844 0.281250 0.216797 0.277344 0.212891
