0 0.843750 0.947266 0.843750 0.955078 0.859375 0.955078 0.861328 0.957031 0.861328 0.958984 0.865234 0.958984 0.869141 0.962891 0.869141 0.964844 0.867188 0.966797 0.867188 0.982422 0.873047 0.982422 0.876953 0.986328 0.876953 0.996094 0.875000 0.998047 0.884766 0.998047 0.884766 0.994141 0.882812 0.992188 0.882812 0.982422 0.878906 0.978516 0.873047 0.978516 0.871094 0.976562 0.871094 0.966797 0.873047 0.964844 0.876953 0.964844 0.878906 0.966797 0.888672 0.966797 0.888672 0.964844 0.880859 0.964844 0.878906 0.962891 0.876953 0.962891 0.875000 0.960938 0.876953 0.958984 0.876953 0.957031 0.875000 0.955078 0.873047 0.955078 0.871094 0.957031 0.869141 0.957031 0.867188 0.955078 0.867188 0.953125 0.859375 0.953125 0.857422 0.951172 0.849609 0.951172 0.845703 0.947266
0 0.544922 0.916016 0.546875 0.917969 0.546875 0.919922 0.550781 0.923828 0.550781 0.925781 0.554688 0.925781 0.558594 0.921875 0.560547 0.921875 0.564453 0.925781 0.564453 0.927734 0.568359 0.931641 0.572266 0.931641 0.576172 0.927734 0.580078 0.927734 0.580078 0.925781 0.582031 0.923828 0.585938 0.927734 0.585938 0.931641 0.587891 0.931641 0.587891 0.929688 0.585938 0.927734 0.589844 0.923828 0.591797 0.923828 0.597656 0.917969 0.593750 0.917969 0.591797 0.919922 0.585938 0.919922 0.583984 0.917969 0.582031 0.917969 0.580078 0.916016 0.578125 0.916016 0.576172 0.914062 0.570312 0.914062 0.568359 0.912109 0.566406 0.914062 0.564453 0.912109 0.558594 0.912109 0.558594 0.914062 0.554688 0.917969 0.548828 0.917969 0.546875 0.916016
0 0.451172 0.898438 0.453125 0.900391 0.453125 0.902344 0.460938 0.902344 0.462891 0.904297 0.460938 0.906250 0.458984 0.906250 0.457031 0.908203 0.455078 0.908203 0.451172 0.912109 0.455078 0.916016 0.457031 0.916016 0.458984 0.914062 0.460938 0.914062 0.462891 0.916016 0.462891 0.917969 0.464844 0.919922 0.462891 0.921875 0.466797 0.921875 0.470703 0.925781 0.470703 0.923828 0.472656 0.921875 0.472656 0.919922 0.474609 0.917969 0.476562 0.917969 0.476562 0.914062 0.478516 0.912109 0.478516 0.908203 0.480469 0.906250 0.480469 0.904297 0.470703 0.904297 0.466797 0.900391 0.464844 0.900391 0.462891 0.898438 0.460938 0.898438 0.458984 0.896484 0.455078 0.896484 0.453125 0.898438
0 0.603516 0.912109 0.613281 0.910156 0.619141 0.917969 0.615234 0.925781 0.607422 0.927734 0.595703 0.939453 0.599609 0.955078 0.613281 0.953125 0.621094 0.966797 0.636719 0.966797 0.638672 0.968750 0.630859 0.974609 0.634766 0.976562 0.634766 0.982422 0.644531 0.980469 0.652344 0.984375 0.652344 0.992188 0.656250 0.994141 0.652344 0.998047 0.693359 0.998047 0.695312 0.994141 0.697266 0.998047 0.720703 0.998047 0.724609 0.996094 0.720703 0.992188 0.732422 0.982422 0.710938 0.994141 0.701172 0.990234 0.710938 0.986328 0.718750 0.978516 0.720703 0.970703 0.722656 0.972656 0.736328 0.962891 0.740234 0.964844 0.738281 0.968750 0.744141 0.976562 0.738281 0.982422 0.740234 0.986328 0.736328 0.992188 0.746094 0.996094 0.751953 0.990234 0.755859 0.996094 0.755859 0.986328 0.759766 0.982422 0.769531 0.984375 0.767578 0.978516 0.771484 0.974609 0.767578 0.960938 0.775391 0.958984 0.785156 0.949219 0.783203 0.947266 0.779297 0.951172 0.775391 0.947266 0.777344 0.929688 0.773438 0.925781 0.763672 0.933594 0.751953 0.935547 0.746094 0.945312 0.742188 0.943359 0.738281 0.955078 0.734375 0.947266 0.736328 0.937500 0.724609 0.937500 0.720703 0.931641 0.720703 0.955078 0.708984 0.962891 0.703125 0.962891 0.695312 0.970703 0.691406 0.960938 0.701172 0.951172 0.697266 0.949219 0.699219 0.945312 0.695312 0.947266 0.685547 0.943359 0.683594 0.951172 0.669922 0.962891 0.664062 0.962891 0.658203 0.957031 0.667969 0.945312 0.673828 0.947266 0.681641 0.935547 0.685547 0.937500 0.683594 0.939453 0.689453 0.937500 0.703125 0.921875 0.714844 0.916016 0.736328 0.914062 0.738281 0.902344 0.720703 0.914062 0.697266 0.914062 0.697266 0.906250 0.687500 0.906250 0.683594 0.902344 0.669922 0.910156 0.664062 0.910156 0.654297 0.898438 0.646484 0.904297 0.646484 0.898438 0.634766 0.902344 0.619141 0.888672
0 0.625000 0.873047 0.621094 0.869141 0.621094 0.867188 0.615234 0.861328 0.615234 0.859375 0.613281 0.857422 0.609375 0.857422 0.607422 0.859375 0.607422 0.861328 0.609375 0.859375 0.613281 0.859375 0.615234 0.861328 0.615234 0.863281 0.617188 0.865234 0.617188 0.867188 0.613281 0.871094 0.611328 0.871094 0.607422 0.875000 0.605469 0.875000 0.605469 0.876953 0.603516 0.878906 0.603516 0.884766 0.601562 0.886719 0.597656 0.886719 0.593750 0.890625 0.591797 0.890625 0.587891 0.894531 0.583984 0.894531 0.582031 0.892578 0.580078 0.892578 0.578125 0.890625 0.576172 0.890625 0.574219 0.888672 0.572266 0.888672 0.572266 0.890625 0.568359 0.894531 0.568359 0.896484 0.574219 0.896484 0.578125 0.900391 0.580078 0.900391 0.583984 0.904297 0.585938 0.904297 0.587891 0.906250 0.589844 0.906250 0.591797 0.908203 0.593750 0.908203 0.591797 0.908203 0.589844 0.906250 0.589844 0.904297 0.591797 0.902344 0.593750 0.902344 0.593750 0.900391 0.599609 0.894531 0.601562 0.894531 0.605469 0.890625 0.607422 0.890625 0.607422 0.884766 0.611328 0.880859 0.613281 0.880859 0.615234 0.878906 0.619141 0.882812 0.619141 0.880859 0.621094 0.878906 0.623047 0.878906 0.625000 0.876953
0 0.896484 0.843750 0.894531 0.845703 0.894531 0.867188 0.896484 0.869141 0.898438 0.869141 0.902344 0.873047 0.902344 0.878906 0.900391 0.880859 0.900391 0.882812 0.902344 0.884766 0.902344 0.886719 0.900391 0.888672 0.898438 0.888672 0.898438 0.892578 0.900391 0.892578 0.904297 0.896484 0.904297 0.898438 0.906250 0.900391 0.906250 0.906250 0.910156 0.906250 0.910156 0.902344 0.908203 0.900391 0.908203 0.890625 0.912109 0.886719 0.914062 0.886719 0.914062 0.880859 0.912109 0.878906 0.908203 0.878906 0.906250 0.876953 0.906250 0.867188 0.904297 0.867188 0.900391 0.863281 0.900391 0.843750
0 0.585938 0.822266 0.583984 0.824219 0.582031 0.818359 0.572266 0.826172 0.568359 0.826172 0.564453 0.822266 0.554688 0.822266 0.558594 0.822266 0.560547 0.826172 0.537109 0.835938 0.533203 0.833984 0.527344 0.835938 0.533203 0.841797 0.535156 0.839844 0.544922 0.839844 0.546875 0.841797 0.539062 0.851562 0.542969 0.849609 0.546875 0.851562 0.544922 0.849609 0.546875 0.847656 0.556641 0.847656 0.558594 0.849609 0.550781 0.851562 0.550781 0.855469 0.558594 0.857422 0.550781 0.863281 0.550781 0.867188 0.542969 0.873047 0.539062 0.871094 0.546875 0.878906 0.544922 0.880859 0.539062 0.880859 0.537109 0.876953 0.527344 0.875000 0.519531 0.863281 0.511719 0.865234 0.511719 0.875000 0.515625 0.876953 0.511719 0.873047 0.519531 0.871094 0.523438 0.876953 0.515625 0.884766 0.509766 0.884766 0.500000 0.875000 0.486328 0.871094 0.470703 0.882812 0.468750 0.880859 0.466797 0.886719 0.464844 0.882812 0.464844 0.894531 0.472656 0.890625 0.484375 0.900391 0.488281 0.912109 0.500000 0.908203 0.505859 0.910156 0.509766 0.908203 0.511719 0.912109 0.513672 0.908203 0.519531 0.906250 0.519531 0.902344 0.523438 0.900391 0.525391 0.894531 0.531250 0.888672 0.539062 0.894531 0.537109 0.896484 0.529297 0.896484 0.531250 0.904297 0.537109 0.902344 0.539062 0.894531 0.541016 0.898438 0.544922 0.894531 0.554688 0.896484 0.556641 0.894531 0.554688 0.892578 0.556641 0.890625 0.554688 0.882812 0.556641 0.880859 0.560547 0.884766 0.562500 0.882812 0.560547 0.880859 0.562500 0.875000 0.556641 0.867188 0.562500 0.861328 0.568359 0.867188 0.570312 0.865234 0.566406 0.859375 0.570312 0.855469 0.582031 0.867188 0.587891 0.867188 0.587891 0.865234 0.585938 0.867188 0.583984 0.865234 0.583984 0.861328 0.593750 0.857422 0.597656 0.849609 0.593750 0.853516 0.589844 0.853516 0.580078 0.845703 0.576172 0.830078 0.580078 0.826172 0.583984 0.826172
0 0.488281 0.820312 0.486328 0.820312 0.484375 0.818359 0.482422 0.820312 0.478516 0.820312 0.476562 0.822266 0.474609 0.822266 0.472656 0.824219 0.474609 0.824219 0.476562 0.826172 0.474609 0.828125 0.476562 0.830078 0.478516 0.830078 0.480469 0.832031 0.478516 0.833984 0.476562 0.833984 0.476562 0.837891 0.474609 0.839844 0.474609 0.841797 0.472656 0.843750 0.466797 0.837891 0.462891 0.837891 0.460938 0.839844 0.457031 0.839844 0.457031 0.841797 0.458984 0.841797 0.460938 0.843750 0.460938 0.851562 0.462891 0.853516 0.462891 0.855469 0.464844 0.857422 0.466797 0.855469 0.468750 0.857422 0.470703 0.857422 0.472656 0.855469 0.472656 0.853516 0.474609 0.851562 0.474609 0.849609 0.476562 0.847656 0.478516 0.847656 0.478516 0.845703 0.476562 0.845703 0.474609 0.843750 0.476562 0.841797 0.478516 0.841797 0.480469 0.839844 0.482422 0.839844 0.484375 0.841797 0.488281 0.837891 0.488281 0.835938 0.492188 0.832031 0.492188 0.830078 0.494141 0.828125 0.492188 0.826172 0.492188 0.824219
0 0.718750 0.826172 0.714844 0.826172 0.712891 0.824219 0.712891 0.820312 0.710938 0.818359 0.710938 0.816406 0.705078 0.816406 0.703125 0.818359 0.701172 0.818359 0.695312 0.826172 0.695312 0.830078 0.691406 0.833984 0.689453 0.833984 0.687500 0.832031 0.677734 0.833984 0.677734 0.835938 0.683594 0.841797 0.683594 0.843750 0.681641 0.845703 0.673828 0.837891 0.673828 0.835938 0.669922 0.835938 0.669922 0.837891 0.667969 0.839844 0.666016 0.839844 0.664062 0.837891 0.664062 0.835938 0.662109 0.835938 0.658203 0.830078 0.656250 0.830078 0.654297 0.832031 0.642578 0.832031 0.636719 0.824219 0.636719 0.826172 0.634766 0.828125 0.630859 0.828125 0.628906 0.830078 0.626953 0.830078 0.630859 0.839844 0.626953 0.843750 0.625000 0.843750 0.621094 0.847656 0.619141 0.847656 0.619141 0.849609 0.621094 0.851562 0.621094 0.855469 0.623047 0.857422 0.625000 0.857422 0.630859 0.865234 0.630859 0.871094 0.632812 0.871094 0.634766 0.873047 0.636719 0.871094 0.636719 0.867188 0.642578 0.861328 0.644531 0.861328 0.644531 0.857422 0.650391 0.851562 0.652344 0.851562 0.660156 0.843750 0.662109 0.843750 0.664062 0.841797 0.666016 0.843750 0.666016 0.857422 0.662109 0.861328 0.660156 0.861328 0.658203 0.859375 0.650391 0.859375 0.652344 0.859375 0.654297 0.861328 0.654297 0.863281 0.652344 0.865234 0.650391 0.865234 0.650391 0.867188 0.660156 0.871094 0.664062 0.867188 0.664062 0.865234 0.662109 0.863281 0.666016 0.859375 0.667969 0.859375 0.669922 0.861328 0.669922 0.859375 0.666016 0.855469 0.669922 0.851562 0.671875 0.851562 0.673828 0.853516 0.677734 0.853516 0.681641 0.857422 0.689453 0.849609 0.691406 0.849609 0.701172 0.841797 0.707031 0.843750 0.705078 0.843750 0.703125 0.841797 0.708984 0.835938 0.714844 0.833984 0.718750 0.830078
0 0.783203 0.802734 0.779297 0.802734 0.773438 0.798828 0.767578 0.802734 0.769531 0.802734 0.773438 0.798828 0.777344 0.802734 0.777344 0.806641 0.773438 0.810547 0.767578 0.810547 0.765625 0.808594 0.763672 0.812500 0.757812 0.812500 0.746094 0.818359 0.742188 0.818359 0.740234 0.816406 0.736328 0.818359 0.724609 0.808594 0.726562 0.806641 0.726562 0.802734 0.726562 0.806641 0.724609 0.808594 0.718750 0.808594 0.722656 0.812500 0.726562 0.812500 0.736328 0.822266 0.736328 0.835938 0.734375 0.837891 0.734375 0.841797 0.728516 0.845703 0.718750 0.845703 0.712891 0.849609 0.708984 0.849609 0.705078 0.853516 0.716797 0.851562 0.720703 0.855469 0.718750 0.859375 0.720703 0.863281 0.716797 0.865234 0.716797 0.867188 0.726562 0.857422 0.732422 0.857422 0.744141 0.865234 0.750000 0.865234 0.753906 0.869141 0.750000 0.873047 0.751953 0.873047 0.759766 0.867188 0.753906 0.861328 0.753906 0.859375 0.746094 0.855469 0.746094 0.845703 0.751953 0.841797 0.751953 0.832031 0.763672 0.820312 0.775391 0.820312 0.779297 0.824219 0.781250 0.828125 0.781250 0.833984 0.777344 0.837891 0.775391 0.833984 0.775391 0.837891 0.777344 0.839844 0.773438 0.841797 0.775391 0.843750 0.771484 0.845703 0.771484 0.851562 0.769531 0.853516 0.767578 0.853516 0.765625 0.851562 0.767578 0.849609 0.765625 0.849609 0.765625 0.851562 0.769531 0.853516 0.775391 0.847656 0.775391 0.845703 0.785156 0.837891 0.785156 0.830078 0.779297 0.822266 0.779297 0.816406 0.775391 0.812500 0.779297 0.808594 0.777344 0.804688 0.779297 0.802734
0 0.607422 0.740234 0.611328 0.744141 0.611328 0.750000 0.617188 0.751953 0.619141 0.753906 0.619141 0.757812 0.625000 0.757812 0.626953 0.759766 0.628906 0.757812 0.634766 0.763672 0.636719 0.763672 0.638672 0.765625 0.636719 0.767578 0.628906 0.767578 0.626953 0.765625 0.619141 0.773438 0.609375 0.773438 0.603516 0.777344 0.607422 0.781250 0.609375 0.787109 0.613281 0.791016 0.615234 0.791016 0.625000 0.800781 0.625000 0.802734 0.640625 0.816406 0.642578 0.822266 0.646484 0.826172 0.650391 0.826172 0.652344 0.824219 0.654297 0.824219 0.646484 0.824219 0.644531 0.822266 0.648438 0.818359 0.650391 0.818359 0.652344 0.816406 0.656250 0.816406 0.656250 0.814453 0.662109 0.810547 0.664062 0.810547 0.667969 0.814453 0.669922 0.812500 0.675781 0.812500 0.677734 0.810547 0.679688 0.810547 0.681641 0.808594 0.685547 0.808594 0.687500 0.806641 0.687500 0.802734 0.679688 0.796875 0.681641 0.794922 0.687500 0.794922 0.687500 0.791016 0.677734 0.791016 0.675781 0.789062 0.675781 0.785156 0.673828 0.783203 0.673828 0.781250 0.671875 0.781250 0.669922 0.779297 0.669922 0.777344 0.669922 0.779297 0.664062 0.785156 0.662109 0.785156 0.660156 0.783203 0.662109 0.777344 0.660156 0.775391 0.654297 0.775391 0.652344 0.773438 0.652344 0.771484 0.654297 0.769531 0.656250 0.769531 0.656250 0.767578 0.658203 0.765625 0.656250 0.763672 0.648438 0.763672 0.648438 0.767578 0.646484 0.769531 0.642578 0.769531 0.640625 0.767578 0.640625 0.759766 0.638672 0.757812 0.626953 0.757812 0.619141 0.750000 0.619141 0.744141 0.617188 0.742188 0.615234 0.742188 0.613281 0.740234
0 0.685547 0.742188 0.683594 0.748047 0.685547 0.753906 0.689453 0.750000 0.703125 0.750000 0.705078 0.751953 0.705078 0.757812 0.710938 0.759766 0.720703 0.773438 0.724609 0.773438 0.724609 0.765625 0.716797 0.755859 0.720703 0.751953 0.728516 0.755859 0.730469 0.763672 0.742188 0.763672 0.751953 0.777344 0.757812 0.771484 0.761719 0.777344 0.767578 0.777344 0.769531 0.773438 0.773438 0.773438 0.777344 0.777344 0.775391 0.779297 0.779297 0.787109 0.796875 0.806641 0.800781 0.806641 0.812500 0.794922 0.822266 0.802734 0.820312 0.804688 0.816406 0.802734 0.812500 0.806641 0.816406 0.806641 0.822266 0.802734 0.828125 0.806641 0.832031 0.806641 0.835938 0.800781 0.835938 0.773438 0.832031 0.773438 0.824219 0.781250 0.820312 0.779297 0.822266 0.781250 0.812500 0.789062 0.800781 0.789062 0.791016 0.783203 0.792969 0.781250 0.791016 0.775391 0.792969 0.771484 0.800781 0.771484 0.802734 0.769531 0.814453 0.771484 0.820312 0.767578 0.828125 0.767578 0.839844 0.759766 0.835938 0.734375 0.832031 0.730469 0.828125 0.730469 0.826172 0.736328 0.808594 0.740234 0.802734 0.751953 0.792969 0.751953 0.779297 0.734375 0.775391 0.738281 0.771484 0.738281 0.773438 0.744141 0.767578 0.748047 0.765625 0.744141 0.751953 0.744141 0.740234 0.740234 0.734375 0.744141 0.726562 0.744141 0.722656 0.734375 0.718750 0.730469 0.708984 0.734375 0.697266 0.748047 0.691406 0.748047
0 0.818359 0.703125 0.818359 0.708984 0.822266 0.712891 0.824219 0.708984 0.826172 0.710938 0.843750 0.708984 0.851562 0.712891 0.853516 0.707031 0.861328 0.705078 0.865234 0.707031 0.865234 0.710938 0.867188 0.708984 0.875000 0.710938 0.876953 0.716797 0.871094 0.720703 0.878906 0.724609 0.878906 0.736328 0.886719 0.746094 0.894531 0.767578 0.892578 0.777344 0.873047 0.794922 0.867188 0.806641 0.828125 0.824219 0.830078 0.826172 0.832031 0.824219 0.837891 0.826172 0.869141 0.814453 0.882812 0.796875 0.888672 0.783203 0.908203 0.769531 0.925781 0.767578 0.962891 0.783203 0.972656 0.783203 0.982422 0.779297 0.988281 0.767578 0.998047 0.757812 0.998047 0.755859 0.986328 0.765625 0.984375 0.773438 0.974609 0.781250 0.957031 0.777344 0.935547 0.765625 0.925781 0.763672 0.910156 0.765625 0.902344 0.769531 0.894531 0.744141 0.886719 0.736328 0.886719 0.728516 0.892578 0.726562 0.902344 0.707031 0.892578 0.712891 0.876953 0.712891 0.867188 0.703125 0.869141 0.699219 0.876953 0.697266 0.875000 0.695312 0.876953 0.691406 0.880859 0.695312 0.884766 0.691406 0.878906 0.687500 0.884766 0.683594 0.880859 0.679688 0.865234 0.681641 0.869141 0.695312 0.867188 0.699219 0.861328 0.695312 0.857422 0.697266 0.849609 0.695312 0.835938 0.707031 0.828125 0.708984 0.820312 0.701172
0 0.892578 0.673828 0.892578 0.675781 0.896484 0.679688 0.896484 0.689453 0.898438 0.691406 0.898438 0.697266 0.900391 0.699219 0.900391 0.701172 0.902344 0.701172 0.904297 0.699219 0.908203 0.699219 0.910156 0.701172 0.912109 0.701172 0.914062 0.703125 0.912109 0.705078 0.914062 0.707031 0.914062 0.710938 0.921875 0.718750 0.921875 0.720703 0.927734 0.720703 0.927734 0.718750 0.929688 0.716797 0.927734 0.714844 0.927734 0.712891 0.929688 0.710938 0.931641 0.710938 0.931641 0.707031 0.929688 0.707031 0.927734 0.705078 0.929688 0.703125 0.929688 0.701172 0.927734 0.703125 0.923828 0.703125 0.919922 0.699219 0.904297 0.699219 0.900391 0.695312 0.900391 0.693359 0.902344 0.691406 0.904297 0.693359 0.910156 0.693359 0.910156 0.689453 0.908203 0.689453 0.904297 0.685547 0.902344 0.685547 0.900391 0.683594 0.900391 0.681641
0 0.957031 0.685547 0.958984 0.685547 0.960938 0.683594 0.968750 0.683594 0.972656 0.679688 0.974609 0.681641 0.980469 0.675781 0.982422 0.675781 0.984375 0.673828 0.988281 0.673828 0.990234 0.675781 0.990234 0.681641 0.990234 0.673828 0.992188 0.671875 0.994141 0.671875 0.996094 0.669922 0.998047 0.669922 0.998047 0.667969 0.994141 0.667969 0.988281 0.662109 0.984375 0.662109 0.982422 0.664062 0.978516 0.660156 0.970703 0.660156 0.968750 0.662109 0.966797 0.662109 0.964844 0.660156 0.962891 0.660156 0.960938 0.662109 0.960938 0.669922 0.958984 0.671875 0.957031 0.671875 0.957031 0.673828 0.958984 0.673828 0.960938 0.675781 0.960938 0.679688 0.958984 0.681641 0.958984 0.683594
0 0.923828 0.654297 0.919922 0.654297 0.917969 0.656250 0.914062 0.656250 0.910156 0.660156 0.908203 0.660156 0.908203 0.662109 0.906250 0.664062 0.900391 0.664062 0.900391 0.667969 0.898438 0.669922 0.896484 0.669922 0.894531 0.667969 0.896484 0.669922 0.896484 0.671875 0.898438 0.671875 0.908203 0.681641 0.910156 0.681641 0.912109 0.683594 0.912109 0.685547 0.916016 0.685547 0.919922 0.689453 0.921875 0.687500 0.925781 0.687500 0.927734 0.685547 0.929688 0.685547 0.931641 0.683594 0.933594 0.683594 0.933594 0.677734 0.935547 0.675781 0.937500 0.675781 0.937500 0.671875 0.935547 0.669922 0.931641 0.669922 0.929688 0.667969 0.927734 0.667969 0.925781 0.669922 0.925781 0.673828 0.927734 0.675781 0.925781 0.677734 0.919922 0.677734 0.917969 0.675781 0.917969 0.671875 0.921875 0.667969 0.921875 0.664062 0.919922 0.662109 0.921875 0.660156 0.921875 0.658203 0.923828 0.656250
0 0.910156 0.628906 0.910156 0.636719 0.917969 0.636719 0.919922 0.638672 0.921875 0.638672 0.923828 0.640625 0.925781 0.640625 0.927734 0.642578 0.929688 0.642578 0.933594 0.646484 0.933594 0.648438 0.931641 0.650391 0.927734 0.650391 0.929688 0.650391 0.933594 0.654297 0.935547 0.652344 0.935547 0.650391 0.933594 0.648438 0.935547 0.646484 0.939453 0.646484 0.941406 0.648438 0.943359 0.646484 0.953125 0.646484 0.955078 0.648438 0.955078 0.652344 0.953125 0.654297 0.951172 0.654297 0.953125 0.654297 0.955078 0.652344 0.960938 0.652344 0.962891 0.654297 0.964844 0.654297 0.966797 0.652344 0.968750 0.652344 0.970703 0.650391 0.972656 0.650391 0.972656 0.648438 0.970703 0.648438 0.968750 0.646484 0.966797 0.646484 0.962891 0.642578 0.951172 0.642578 0.949219 0.640625 0.947266 0.640625 0.945312 0.638672 0.941406 0.638672 0.935547 0.632812 0.935547 0.628906 0.921875 0.628906 0.919922 0.626953 0.916016 0.626953 0.914062 0.628906
