0 0.011719 0.974609 0.009766 0.976562 0.005859 0.976562 0.005859 0.990234 0.007812 0.992188 0.007812 0.998047 0.015625 0.998047 0.015625 0.992188 0.013672 0.990234 0.015625 0.988281 0.015625 0.986328 0.017578 0.984375 0.017578 0.980469 0.015625 0.978516 0.013672 0.978516 0.011719 0.976562
0 0.259766 0.970703 0.255859 0.966797 0.253906 0.966797 0.253906 0.968750 0.251953 0.970703 0.248047 0.966797 0.242188 0.966797 0.240234 0.964844 0.240234 0.960938 0.238281 0.960938 0.238281 0.962891 0.240234 0.964844 0.240234 0.966797 0.242188 0.968750 0.240234 0.970703 0.240234 0.976562 0.238281 0.978516 0.232422 0.978516 0.230469 0.980469 0.228516 0.978516 0.228516 0.974609 0.226562 0.974609 0.226562 0.976562 0.224609 0.978516 0.222656 0.978516 0.218750 0.982422 0.216797 0.982422 0.214844 0.984375 0.212891 0.984375 0.212891 0.988281 0.210938 0.990234 0.212891 0.990234 0.214844 0.992188 0.220703 0.992188 0.222656 0.990234 0.222656 0.988281 0.224609 0.986328 0.226562 0.988281 0.224609 0.986328 0.226562 0.984375 0.228516 0.984375 0.232422 0.980469 0.238281 0.980469 0.240234 0.978516 0.244141 0.978516 0.246094 0.976562 0.250000 0.976562 0.253906 0.972656 0.255859 0.972656 0.257812 0.970703
0 0.355469 0.955078 0.351562 0.951172 0.351562 0.947266 0.349609 0.947266 0.347656 0.949219 0.345703 0.949219 0.343750 0.947266 0.339844 0.947266 0.333984 0.953125 0.330078 0.953125 0.326172 0.957031 0.324219 0.957031 0.322266 0.955078 0.320312 0.955078 0.320312 0.957031 0.318359 0.958984 0.316406 0.957031 0.316406 0.955078 0.314453 0.955078 0.314453 0.957031 0.316406 0.957031 0.320312 0.960938 0.320312 0.962891 0.322266 0.962891 0.328125 0.968750 0.328125 0.970703 0.333984 0.970703 0.335938 0.968750 0.333984 0.966797 0.333984 0.964844 0.335938 0.962891 0.335938 0.958984 0.337891 0.957031 0.339844 0.958984 0.341797 0.957031 0.347656 0.957031 0.349609 0.958984 0.351562 0.958984 0.353516 0.957031 0.355469 0.957031
0 0.324219 0.896484 0.324219 0.904297 0.326172 0.906250 0.326172 0.908203 0.328125 0.906250 0.332031 0.906250 0.332031 0.904297 0.330078 0.904297 0.328125 0.902344 0.328125 0.898438 0.326172 0.896484
0 0.005859 0.892578 0.005859 0.900391 0.015625 0.900391 0.015625 0.892578
0 0.982422 0.808594 0.982422 0.814453 0.980469 0.816406 0.980469 0.828125 0.978516 0.830078 0.978516 0.845703 0.976562 0.847656 0.978516 0.849609 0.978516 0.859375 0.980469 0.861328 0.980469 0.867188 0.982422 0.865234 0.980469 0.863281 0.980469 0.855469 0.978516 0.853516 0.978516 0.832031 0.980469 0.830078 0.980469 0.824219 0.982422 0.822266
0 0.150391 0.796875 0.144531 0.796875 0.142578 0.798828 0.138672 0.798828 0.138672 0.808594 0.142578 0.808594 0.144531 0.806641 0.150391 0.806641 0.148438 0.804688 0.148438 0.802734 0.150391 0.800781
0 0.972656 0.767578 0.968750 0.771484 0.966797 0.771484 0.966797 0.773438 0.968750 0.775391 0.968750 0.777344 0.972656 0.781250 0.972656 0.785156 0.974609 0.785156 0.976562 0.787109 0.976562 0.789062 0.980469 0.792969 0.980469 0.794922 0.982422 0.794922 0.982422 0.792969 0.980469 0.791016 0.980469 0.789062 0.978516 0.789062 0.976562 0.787109 0.978516 0.785156 0.974609 0.781250 0.972656 0.781250 0.968750 0.777344 0.968750 0.771484 0.970703 0.769531 0.974609 0.769531 0.976562 0.771484 0.980469 0.771484 0.982422 0.773438 0.996094 0.773438 0.996094 0.771484 0.994141 0.771484 0.992188 0.769531 0.976562 0.769531 0.974609 0.767578
0 0.843750 0.763672 0.843750 0.773438 0.849609 0.773438 0.851562 0.771484 0.851562 0.763672
0 0.814453 0.744141 0.810547 0.744141 0.808594 0.746094 0.806641 0.744141 0.800781 0.744141 0.794922 0.750000 0.792969 0.750000 0.791016 0.751953 0.787109 0.751953 0.789062 0.753906 0.789062 0.755859 0.791016 0.755859 0.792969 0.753906 0.794922 0.753906 0.796875 0.751953 0.798828 0.751953 0.802734 0.748047 0.808594 0.748047 0.810547 0.746094 0.814453 0.746094
0 0.478516 0.671875 0.476562 0.673828 0.476562 0.679688 0.484375 0.679688 0.484375 0.675781 0.480469 0.671875
0 0.652344 0.605469 0.652344 0.611328 0.662109 0.611328 0.662109 0.605469 0.660156 0.603516 0.656250 0.603516 0.654297 0.605469
0 0.515625 0.589844 0.513672 0.591797 0.513672 0.593750 0.511719 0.595703 0.511719 0.597656 0.507812 0.601562 0.507812 0.603516 0.505859 0.605469 0.505859 0.607422 0.501953 0.611328 0.496094 0.611328 0.494141 0.613281 0.496094 0.615234 0.505859 0.615234 0.507812 0.613281 0.509766 0.613281 0.511719 0.611328 0.513672 0.611328 0.515625 0.609375
0 0.546875 0.582031 0.546875 0.583984 0.554688 0.591797 0.552734 0.593750 0.552734 0.595703 0.550781 0.597656 0.550781 0.599609 0.546875 0.603516 0.546875 0.607422 0.544922 0.609375 0.544922 0.611328 0.542969 0.613281 0.542969 0.617188 0.548828 0.617188 0.548828 0.615234 0.554688 0.609375 0.556641 0.609375 0.558594 0.607422 0.560547 0.607422 0.560547 0.605469 0.562500 0.603516 0.562500 0.601562 0.564453 0.599609 0.564453 0.597656 0.566406 0.595703 0.566406 0.591797 0.562500 0.587891 0.558594 0.587891 0.556641 0.585938 0.554688 0.585938 0.552734 0.583984 0.548828 0.583984
0 0.609375 0.550781 0.607422 0.550781 0.595703 0.562500 0.593750 0.562500 0.591797 0.564453 0.587891 0.564453 0.585938 0.566406 0.583984 0.566406 0.582031 0.568359 0.578125 0.568359 0.568359 0.578125 0.566406 0.578125 0.566406 0.580078 0.570312 0.583984 0.572266 0.583984 0.574219 0.585938 0.582031 0.585938 0.582031 0.576172 0.585938 0.572266 0.589844 0.572266 0.591797 0.570312 0.593750 0.570312 0.595703 0.568359 0.599609 0.568359 0.601562 0.566406 0.605469 0.566406 0.605469 0.560547 0.607422 0.558594 0.607422 0.554688 0.609375 0.552734
0 0.832031 0.521484 0.832031 0.523438 0.833984 0.525391 0.835938 0.525391 0.837891 0.523438 0.841797 0.523438 0.841797 0.519531 0.835938 0.519531 0.833984 0.521484
0 0.998047 0.517578 0.994141 0.517578 0.994141 0.525391 0.990234 0.529297 0.986328 0.529297 0.992188 0.529297 0.994141 0.527344 0.998047 0.527344
0 0.818359 0.501953 0.830078 0.501953 0.832031 0.503906 0.833984 0.503906 0.832031 0.503906 0.830078 0.501953 0.830078 0.496094 0.828125 0.494141 0.822266 0.494141 0.822266 0.500000 0.820312 0.501953
0 0.843750 0.455078 0.841797 0.457031 0.839844 0.455078 0.835938 0.455078 0.832031 0.458984 0.830078 0.457031 0.830078 0.460938 0.824219 0.466797 0.818359 0.466797 0.818359 0.472656 0.824219 0.472656 0.828125 0.476562 0.828125 0.478516 0.826172 0.480469 0.826172 0.482422 0.830078 0.486328 0.830078 0.482422 0.828125 0.480469 0.828125 0.478516 0.837891 0.468750 0.839844 0.468750 0.841797 0.466797 0.847656 0.466797 0.849609 0.464844 0.849609 0.460938 0.847656 0.460938 0.845703 0.458984 0.845703 0.457031
0 0.828125 0.445312 0.826172 0.445312 0.824219 0.443359 0.820312 0.447266 0.818359 0.447266 0.816406 0.449219 0.820312 0.449219 0.822266 0.451172 0.820312 0.453125 0.818359 0.453125 0.818359 0.455078 0.820312 0.455078 0.822266 0.457031 0.820312 0.458984 0.818359 0.458984 0.820312 0.458984 0.822266 0.457031 0.824219 0.457031 0.824219 0.453125 0.822266 0.451172 0.822266 0.449219 0.820312 0.447266 0.822266 0.445312 0.826172 0.445312 0.828125 0.447266 0.830078 0.447266
0 0.058594 0.058594 0.044922 0.058594 0.042969 0.060547 0.041016 0.060547 0.039062 0.062500 0.033203 0.062500 0.031250 0.064453 0.021484 0.064453 0.019531 0.066406 0.017578 0.066406 0.015625 0.068359 0.013672 0.068359 0.013672 0.072266 0.015625 0.074219 0.011719 0.078125 0.009766 0.078125 0.007812 0.080078 0.005859 0.080078 0.003906 0.082031 0.000000 0.082031 0.000000 0.095703 0.001953 0.095703 0.003906 0.093750 0.005859 0.093750 0.013672 0.085938 0.013672 0.083984 0.023438 0.074219 0.027344 0.074219 0.029297 0.076172 0.029297 0.078125 0.031250 0.078125 0.033203 0.076172 0.035156 0.076172 0.035156 0.074219 0.039062 0.070312 0.041016 0.070312 0.044922 0.066406 0.046875 0.066406 0.048828 0.064453 0.056641 0.064453 0.058594 0.062500
0 0.837891 0.021484 0.835938 0.021484 0.833984 0.023438 0.824219 0.023438 0.824219 0.025391 0.822266 0.027344 0.822266 0.031250 0.818359 0.035156 0.818359 0.039062 0.820312 0.041016 0.820312 0.044922 0.818359 0.046875 0.814453 0.046875 0.818359 0.050781 0.818359 0.052734 0.820312 0.054688 0.824219 0.054688 0.826172 0.052734 0.832031 0.052734 0.830078 0.052734 0.828125 0.050781 0.826172 0.050781 0.824219 0.048828 0.824219 0.046875 0.826172 0.044922 0.828125 0.044922 0.828125 0.039062 0.830078 0.037109 0.830078 0.033203 0.828125 0.031250 0.832031 0.027344 0.835938 0.027344 0.837891 0.025391
0 0.029297 0.009766 0.027344 0.009766 0.025391 0.011719 0.021484 0.011719 0.009766 0.023438 0.009766 0.027344 0.011719 0.029297 0.011719 0.031250 0.015625 0.031250 0.017578 0.029297 0.021484 0.029297 0.029297 0.021484
