0 0.330078 0.812500 0.328125 0.810547 0.328125 0.808594 0.322266 0.808594 0.320312 0.806641 0.320312 0.796875 0.322266 0.794922 0.322266 0.792969 0.306641 0.792969 0.306641 0.794922 0.308594 0.796875 0.308594 0.798828 0.306641 0.800781 0.304688 0.800781 0.302734 0.802734 0.300781 0.802734 0.298828 0.800781 0.292969 0.800781 0.291016 0.798828 0.291016 0.794922 0.289062 0.794922 0.287109 0.796875 0.285156 0.796875 0.285156 0.798828 0.279297 0.804688 0.275391 0.804688 0.273438 0.806641 0.273438 0.810547 0.275391 0.810547 0.277344 0.812500 0.277344 0.818359 0.279297 0.818359 0.279297 0.816406 0.281250 0.814453 0.283203 0.816406 0.283203 0.818359 0.292969 0.818359 0.292969 0.816406 0.294922 0.814453 0.296875 0.814453 0.300781 0.818359 0.302734 0.818359 0.304688 0.816406 0.308594 0.820312 0.310547 0.818359 0.310547 0.816406 0.308594 0.814453 0.308594 0.812500 0.310547 0.810547 0.314453 0.810547 0.316406 0.812500 0.316406 0.816406 0.320312 0.816406 0.322266 0.818359 0.330078 0.818359
0 0.662109 0.791016 0.662109 0.796875 0.664062 0.798828 0.664062 0.806641 0.662109 0.808594 0.664062 0.808594 0.666016 0.806641 0.667969 0.806641 0.669922 0.804688 0.677734 0.804688 0.679688 0.802734 0.683594 0.802734 0.683594 0.800781 0.685547 0.798828 0.687500 0.800781 0.689453 0.798828 0.691406 0.798828 0.693359 0.800781 0.693359 0.806641 0.691406 0.808594 0.689453 0.808594 0.685547 0.812500 0.683594 0.810547 0.679688 0.814453 0.677734 0.812500 0.671875 0.812500 0.677734 0.818359 0.681641 0.818359 0.683594 0.816406 0.689453 0.816406 0.691406 0.814453 0.695312 0.814453 0.697266 0.812500 0.699219 0.812500 0.701172 0.810547 0.705078 0.810547 0.705078 0.806641 0.701172 0.806641 0.697266 0.802734 0.697266 0.800781 0.695312 0.800781 0.693359 0.798828 0.695312 0.796875 0.695312 0.791016 0.691406 0.791016 0.689453 0.789062 0.687500 0.791016 0.685547 0.789062 0.683594 0.791016 0.681641 0.791016 0.679688 0.792969 0.677734 0.792969 0.675781 0.791016 0.675781 0.789062 0.673828 0.789062 0.671875 0.787109 0.666016 0.787109
0 0.162109 0.792969 0.162109 0.794922 0.164062 0.796875 0.171875 0.796875 0.173828 0.798828 0.175781 0.798828 0.177734 0.796875 0.181641 0.800781 0.183594 0.798828 0.195312 0.798828 0.197266 0.800781 0.197266 0.802734 0.195312 0.804688 0.195312 0.806641 0.197266 0.806641 0.197266 0.804688 0.199219 0.802734 0.201172 0.804688 0.201172 0.806641 0.201172 0.804688 0.203125 0.802734 0.207031 0.802734 0.207031 0.800781 0.203125 0.800781 0.201172 0.798828 0.201172 0.785156 0.199219 0.787109 0.195312 0.783203 0.197266 0.781250 0.197266 0.777344 0.191406 0.777344 0.191406 0.779297 0.187500 0.783203 0.185547 0.783203 0.183594 0.781250 0.183594 0.779297 0.185547 0.777344 0.187500 0.777344 0.179688 0.777344 0.179688 0.787109 0.177734 0.789062 0.177734 0.791016 0.179688 0.792969 0.177734 0.794922 0.173828 0.794922 0.171875 0.792969 0.169922 0.794922 0.164062 0.794922
0 0.441406 0.748047 0.441406 0.755859 0.439453 0.757812 0.435547 0.757812 0.435547 0.763672 0.451172 0.763672 0.451172 0.761719 0.453125 0.759766 0.455078 0.761719 0.455078 0.765625 0.460938 0.765625 0.462891 0.767578 0.464844 0.767578 0.466797 0.769531 0.468750 0.769531 0.472656 0.773438 0.472656 0.775391 0.476562 0.775391 0.478516 0.777344 0.478516 0.779297 0.480469 0.781250 0.480469 0.785156 0.480469 0.783203 0.482422 0.781250 0.484375 0.783203 0.484375 0.792969 0.486328 0.792969 0.488281 0.794922 0.488281 0.796875 0.490234 0.796875 0.490234 0.791016 0.486328 0.791016 0.484375 0.789062 0.484375 0.783203 0.486328 0.781250 0.486328 0.779297 0.482422 0.775391 0.482422 0.761719 0.484375 0.759766 0.486328 0.759766 0.484375 0.757812 0.484375 0.755859 0.482422 0.753906 0.482422 0.746094 0.480469 0.744141 0.478516 0.744141 0.478516 0.748047 0.474609 0.751953 0.472656 0.751953 0.472656 0.757812 0.470703 0.759766 0.468750 0.759766 0.466797 0.757812 0.466797 0.751953 0.464844 0.753906 0.462891 0.751953 0.460938 0.753906 0.458984 0.753906 0.457031 0.751953 0.455078 0.751953 0.451172 0.748047 0.449219 0.748047 0.447266 0.746094 0.445312 0.746094 0.445312 0.751953 0.443359 0.753906 0.441406 0.751953
0 0.599609 0.714844 0.601562 0.714844 0.603516 0.716797 0.603516 0.718750 0.609375 0.718750 0.611328 0.720703 0.611328 0.724609 0.613281 0.722656 0.615234 0.724609 0.615234 0.726562 0.617188 0.728516 0.619141 0.728516 0.621094 0.730469 0.623047 0.730469 0.625000 0.728516 0.626953 0.728516 0.628906 0.730469 0.630859 0.730469 0.630859 0.726562 0.632812 0.724609 0.638672 0.724609 0.640625 0.722656 0.642578 0.722656 0.642578 0.720703 0.638672 0.716797 0.632812 0.716797 0.630859 0.718750 0.626953 0.714844 0.626953 0.712891 0.628906 0.710938 0.630859 0.710938 0.630859 0.708984 0.628906 0.708984 0.626953 0.707031 0.625000 0.707031 0.619141 0.701172 0.611328 0.701172 0.611328 0.703125 0.615234 0.703125 0.617188 0.705078 0.613281 0.708984 0.611328 0.708984 0.611328 0.712891 0.609375 0.714844 0.607422 0.714844 0.605469 0.712891 0.603516 0.712891 0.601562 0.714844
0 0.765625 0.646484 0.765625 0.679688 0.763672 0.681641 0.763672 0.683594 0.761719 0.685547 0.759766 0.685547 0.761719 0.685547 0.763672 0.687500 0.763672 0.742188 0.757812 0.746094 0.750000 0.746094 0.748047 0.748047 0.742188 0.748047 0.740234 0.750000 0.738281 0.750000 0.738281 0.751953 0.740234 0.753906 0.740234 0.757812 0.742188 0.759766 0.740234 0.761719 0.736328 0.761719 0.734375 0.759766 0.734375 0.769531 0.736328 0.769531 0.736328 0.763672 0.738281 0.761719 0.740234 0.761719 0.742188 0.759766 0.746094 0.759766 0.750000 0.755859 0.751953 0.755859 0.753906 0.753906 0.755859 0.753906 0.757812 0.751953 0.759766 0.751953 0.761719 0.750000 0.767578 0.748047 0.767578 0.707031 0.769531 0.705078 0.769531 0.679688 0.767578 0.677734 0.767578 0.669922 0.769531 0.667969 0.769531 0.666016 0.767578 0.664062 0.767578 0.654297 0.765625 0.652344
0 0.582031 0.554688 0.578125 0.554688 0.576172 0.556641 0.574219 0.556641 0.572266 0.554688 0.566406 0.554688 0.564453 0.556641 0.564453 0.560547 0.560547 0.564453 0.560547 0.566406 0.576172 0.566406 0.578125 0.568359 0.576172 0.570312 0.574219 0.570312 0.576172 0.570312 0.578125 0.572266 0.576172 0.574219 0.576172 0.582031 0.574219 0.583984 0.574219 0.587891 0.572266 0.589844 0.570312 0.589844 0.572266 0.589844 0.574219 0.591797 0.574219 0.593750 0.576172 0.591797 0.578125 0.591797 0.580078 0.589844 0.582031 0.589844 0.583984 0.587891 0.585938 0.587891 0.587891 0.585938 0.587891 0.574219 0.589844 0.572266 0.591797 0.572266 0.593750 0.570312 0.597656 0.570312 0.597656 0.568359 0.595703 0.566406 0.593750 0.566406 0.589844 0.562500 0.589844 0.560547 0.587891 0.558594 0.585938 0.558594
0 0.525391 0.548828 0.525391 0.550781 0.523438 0.552734 0.519531 0.552734 0.521484 0.552734 0.523438 0.554688 0.523438 0.556641 0.521484 0.558594 0.519531 0.558594 0.519531 0.566406 0.515625 0.570312 0.511719 0.570312 0.511719 0.583984 0.523438 0.583984 0.523438 0.574219 0.525391 0.572266 0.529297 0.572266 0.531250 0.570312 0.531250 0.568359 0.533203 0.566406 0.533203 0.560547 0.531250 0.558594 0.531250 0.556641 0.525391 0.550781
0 0.660156 0.496094 0.660156 0.525391 0.664062 0.531250 0.664062 0.544922 0.662109 0.546875 0.660156 0.546875 0.660156 0.564453 0.658203 0.566406 0.656250 0.566406 0.656250 0.568359 0.654297 0.570312 0.652344 0.570312 0.652344 0.572266 0.650391 0.574219 0.646484 0.574219 0.646484 0.576172 0.644531 0.578125 0.642578 0.578125 0.642578 0.580078 0.640625 0.582031 0.638672 0.582031 0.638672 0.583984 0.636719 0.585938 0.634766 0.585938 0.634766 0.587891 0.632812 0.589844 0.628906 0.589844 0.628906 0.595703 0.626953 0.597656 0.625000 0.597656 0.625000 0.599609 0.623047 0.601562 0.625000 0.603516 0.625000 0.605469 0.628906 0.605469 0.630859 0.607422 0.630859 0.609375 0.632812 0.609375 0.632812 0.605469 0.628906 0.605469 0.626953 0.603516 0.626953 0.597656 0.628906 0.595703 0.632812 0.595703 0.632812 0.589844 0.634766 0.587891 0.636719 0.587891 0.636719 0.585938 0.638672 0.583984 0.640625 0.583984 0.640625 0.582031 0.642578 0.580078 0.650391 0.580078 0.650391 0.578125 0.652344 0.576172 0.654297 0.576172 0.654297 0.570312 0.656250 0.568359 0.658203 0.568359 0.658203 0.566406 0.660156 0.564453 0.662109 0.564453 0.662109 0.558594 0.664062 0.556641 0.667969 0.556641 0.667969 0.542969 0.669922 0.541016 0.669922 0.537109 0.667969 0.535156 0.669922 0.533203 0.669922 0.525391 0.667969 0.523438 0.667969 0.511719 0.666016 0.511719 0.664062 0.509766 0.664062 0.498047 0.662109 0.498047
0 0.751953 0.310547 0.750000 0.308594 0.744141 0.308594 0.740234 0.304688 0.738281 0.304688 0.734375 0.308594 0.720703 0.308594 0.720703 0.314453 0.718750 0.316406 0.712891 0.316406 0.710938 0.318359 0.708984 0.318359 0.707031 0.320312 0.701172 0.320312 0.701172 0.324219 0.712891 0.324219 0.714844 0.322266 0.726562 0.322266 0.728516 0.320312 0.734375 0.320312 0.736328 0.318359 0.742188 0.318359 0.740234 0.316406 0.742188 0.314453 0.742188 0.312500 0.744141 0.310547
0 0.595703 0.275391 0.595703 0.296875 0.591797 0.298828 0.591797 0.304688 0.587891 0.306641 0.585938 0.310547 0.574219 0.312500 0.558594 0.302734 0.554688 0.308594 0.546875 0.312500 0.539062 0.324219 0.539062 0.339844 0.546875 0.347656 0.560547 0.355469 0.560547 0.361328 0.556641 0.365234 0.544922 0.371094 0.531250 0.384766 0.531250 0.396484 0.533203 0.400391 0.542969 0.404297 0.546875 0.410156 0.550781 0.412109 0.548828 0.414062 0.542969 0.414062 0.542969 0.416016 0.558594 0.416016 0.560547 0.419922 0.566406 0.419922 0.568359 0.423828 0.576172 0.423828 0.578125 0.427734 0.583984 0.427734 0.582031 0.423828 0.576172 0.419922 0.576172 0.417969 0.564453 0.417969 0.562500 0.414062 0.556641 0.414062 0.554688 0.410156 0.550781 0.410156 0.548828 0.408203 0.546875 0.398438 0.537109 0.394531 0.537109 0.384766 0.550781 0.375000 0.566406 0.359375 0.568359 0.355469 0.542969 0.333984 0.558594 0.312500 0.562500 0.312500 0.564453 0.310547 0.574219 0.318359 0.585938 0.316406 0.589844 0.310547 0.589844 0.306641 0.593750 0.304688 0.593750 0.302734 0.597656 0.300781 0.599609 0.296875 0.603516 0.296875 0.597656 0.296875 0.595703 0.294922 0.595703 0.291016 0.597656 0.289062 0.595703 0.285156 0.597656 0.281250 0.595703 0.279297
0 0.738281 0.261719 0.738281 0.263672 0.734375 0.267578 0.724609 0.267578 0.722656 0.269531 0.718750 0.269531 0.718750 0.271484 0.714844 0.275391 0.716797 0.277344 0.712891 0.281250 0.712891 0.291016 0.710938 0.292969 0.708984 0.292969 0.708984 0.294922 0.712891 0.294922 0.714844 0.296875 0.714844 0.302734 0.716797 0.302734 0.718750 0.304688 0.720703 0.304688 0.722656 0.302734 0.728516 0.302734 0.730469 0.300781 0.738281 0.300781 0.736328 0.300781 0.734375 0.298828 0.734375 0.296875 0.736328 0.294922 0.738281 0.294922 0.738281 0.292969 0.740234 0.291016 0.748047 0.291016 0.742188 0.291016 0.740234 0.289062 0.740234 0.287109 0.742188 0.285156 0.746094 0.285156 0.748047 0.283203 0.744141 0.283203 0.740234 0.279297 0.740234 0.273438 0.738281 0.271484
0 0.390625 0.000000 0.376953 0.000000 0.376953 0.003906 0.369141 0.011719 0.363281 0.023438 0.357422 0.042969 0.349609 0.048828 0.337891 0.050781 0.322266 0.066406 0.314453 0.085938 0.292969 0.113281 0.291016 0.113281 0.289062 0.109375 0.285156 0.109375 0.283203 0.105469 0.277344 0.105469 0.277344 0.107422 0.279297 0.107422 0.281250 0.111328 0.285156 0.113281 0.285156 0.115234 0.289062 0.115234 0.291016 0.119141 0.294922 0.121094 0.294922 0.134766 0.298828 0.136719 0.298828 0.148438 0.302734 0.150391 0.302734 0.164062 0.306641 0.166016 0.306641 0.171875 0.310547 0.171875 0.312500 0.173828 0.312500 0.179688 0.316406 0.181641 0.316406 0.189453 0.318359 0.191406 0.320312 0.189453 0.320312 0.179688 0.318359 0.177734 0.318359 0.173828 0.314453 0.171875 0.314453 0.166016 0.310547 0.164062 0.310547 0.156250 0.304688 0.152344 0.304688 0.144531 0.300781 0.140625 0.300781 0.128906 0.296875 0.123047 0.296875 0.113281 0.308594 0.105469 0.308594 0.103516 0.320312 0.091797 0.324219 0.078125 0.332031 0.066406 0.339844 0.058594 0.351562 0.058594 0.363281 0.046875 0.369141 0.037109 0.371094 0.017578 0.376953 0.013672 0.380859 0.013672 0.388672 0.009766
0 0.308594 0.000000 0.271484 0.000000 0.271484 0.009766 0.269531 0.011719 0.269531 0.015625 0.267578 0.017578 0.267578 0.021484 0.265625 0.023438 0.265625 0.027344 0.263672 0.029297 0.263672 0.033203 0.261719 0.035156 0.261719 0.039062 0.259766 0.041016 0.259766 0.042969 0.255859 0.048828 0.255859 0.052734 0.253906 0.054688 0.253906 0.085938 0.255859 0.087891 0.255859 0.091797 0.257812 0.093750 0.257812 0.095703 0.257812 0.080078 0.259766 0.078125 0.259766 0.064453 0.261719 0.062500 0.261719 0.044922 0.265625 0.041016 0.267578 0.041016 0.267578 0.035156 0.269531 0.033203 0.271484 0.033203 0.271484 0.031250 0.275391 0.025391 0.275391 0.021484 0.277344 0.019531 0.277344 0.017578 0.279297 0.015625 0.279297 0.013672 0.283203 0.007812 0.283203 0.003906 0.287109 0.000000 0.291016 0.003906 0.292969 0.003906 0.298828 0.009766 0.300781 0.009766 0.306641 0.015625 0.308594 0.015625 0.312500 0.019531 0.312500 0.005859 0.308594 0.001953
